0.50047,0.049967,0.86431,-5.6233,0.049967,0.995,-0.086455,-0.84178,-0.86431,0.086455,0.49547,-6.5159,0,0,0,1
0.5005,0.049963,0.86429,-5.6229,0.049963,0.995,-0.086452,-0.84176,-0.86429,0.086452,0.4955,-6.5157,0,0,0,1
0.5006,0.049952,0.86423,-5.6216,0.049952,0.995,-0.086445,-0.84169,-0.86423,0.086445,0.49561,-6.5153,0,0,0,1
0.50078,0.049933,0.86414,-5.6195,0.049933,0.99501,-0.086432,-0.84157,-0.86414,0.086432,0.49578,-6.5145,0,0,0,1
0.50102,0.049906,0.864,-5.6166,0.049906,0.99501,-0.086414,-0.8414,-0.864,0.086414,0.49603,-6.5135,0,0,0,1
0.50133,0.049872,0.86382,-5.6128,0.049872,0.99501,-0.08639,-0.84119,-0.86382,0.08639,0.49634,-6.5121,0,0,0,1
0.50171,0.04983,0.8636,-5.6082,0.04983,0.99502,-0.086362,-0.84094,-0.8636,0.086362,0.49672,-6.5104,0,0,0,1
0.50215,0.049781,0.86335,-5.6028,0.049781,0.99502,-0.086328,-0.84063,-0.86335,0.086328,0.49717,-6.5084,0,0,0,1
0.50267,0.049724,0.86305,-5.5965,0.049724,0.99503,-0.086289,-0.84028,-0.86305,0.086289,0.4977,-6.5062,0,0,0,1
0.50325,0.04966,0.86271,-5.5894,0.04966,0.99504,-0.086245,-0.83989,-0.86271,0.086245,0.49829,-6.5036,0,0,0,1
0.50391,0.049588,0.86233,-5.5815,0.049588,0.99504,-0.086196,-0.83944,-0.86233,0.086196,0.49895,-6.5007,0,0,0,1
0.50463,0.049509,0.86192,-5.5727,0.049509,0.99505,-0.086142,-0.83895,-0.86192,0.086142,0.49968,-6.4975,0,0,0,1
0.50541,0.049422,0.86146,-5.5631,0.049422,0.99506,-0.086082,-0.83841,-0.86146,0.086082,0.50048,-6.494,0,0,0,1
0.50627,0.049327,0.86096,-5.5527,0.049327,0.99507,-0.086017,-0.83783,-0.86096,0.086017,0.50134,-6.4902,0,0,0,1
0.5072,0.049226,0.86042,-5.5415,0.049226,0.99508,-0.085947,-0.8372,-0.86042,0.085947,0.50228,-6.4861,0,0,0,1
0.50819,0.049116,0.85984,-5.5295,0.049116,0.99509,-0.085871,-0.83652,-0.85984,0.085871,0.50328,-6.4816,0,0,0,1
0.50925,0.049,0.85922,-5.5167,0.049,0.99511,-0.08579,-0.83579,-0.85922,0.08579,0.50435,-6.4769,0,0,0,1
0.51037,0.048876,0.85856,-5.503,0.048876,0.99512,-0.085704,-0.83502,-0.85856,0.085704,0.50549,-6.4718,0,0,0,1
0.51157,0.048745,0.85786,-5.4886,0.048745,0.99514,-0.085613,-0.8342,-0.85786,0.085613,0.5067,-6.4665,0,0,0,1
0.51282,0.048607,0.85712,-5.4733,0.048607,0.99515,-0.085516,-0.83333,-0.85712,0.085516,0.50798,-6.4608,0,0,0,1
0.51415,0.048461,0.85633,-5.4573,0.048461,0.99517,-0.085414,-0.83241,-0.85633,0.085414,0.50932,-6.4548,0,0,0,1
0.51554,0.048308,0.8555,-5.4404,0.048308,0.99518,-0.085307,-0.83145,-0.8555,0.085307,0.51072,-6.4485,0,0,0,1
0.517,0.048148,0.85463,-5.4228,0.048148,0.9952,-0.085194,-0.83044,-0.85463,0.085194,0.5122,-6.4419,0,0,0,1
0.51852,0.047981,0.85372,-5.4044,0.047981,0.99522,-0.085076,-0.82938,-0.85372,0.085076,0.51374,-6.4349,0,0,0,1
0.52011,0.047807,0.85276,-5.3853,0.047807,0.99524,-0.084953,-0.82827,-0.85276,0.084953,0.51535,-6.4276,0,0,0,1
0.52176,0.047626,0.85176,-5.3653,0.047626,0.99526,-0.084824,-0.82712,-0.85176,0.084824,0.51702,-6.4201,0,0,0,1
0.52348,0.047438,0.85072,-5.3446,0.047438,0.99528,-0.084689,-0.82592,-0.85072,0.084689,0.51876,-6.4121,0,0,0,1
0.52526,0.047243,0.84963,-5.3232,0.047243,0.9953,-0.08455,-0.82466,-0.84963,0.08455,0.52056,-6.4039,0,0,0,1
0.5271,0.047041,0.8485,-5.301,0.047041,0.99532,-0.084404,-0.82337,-0.8485,0.084404,0.52242,-6.3953,0,0,0,1
0.52901,0.046833,0.84732,-5.2781,0.046833,0.99534,-0.084253,-0.82202,-0.84732,0.084253,0.52435,-6.3865,0,0,0,1
0.53098,0.046618,0.8461,-5.2544,0.046618,0.99537,-0.084097,-0.82062,-0.8461,0.084097,0.52635,-6.3772,0,0,0,1
0.53301,0.046396,0.84484,-5.23,0.046396,0.99539,-0.083935,-0.81918,-0.84484,0.083935,0.5284,-6.3677,0,0,0,1
0.5351,0.046167,0.84352,-5.2049,0.046167,0.99542,-0.083768,-0.81769,-0.84352,0.083768,0.53052,-6.3578,0,0,0,1
0.53726,0.045932,0.84217,-5.179,0.045932,0.99544,-0.083594,-0.81614,-0.84217,0.083594,0.5327,-6.3476,0,0,0,1
0.53948,0.045691,0.84076,-5.1525,0.045691,0.99547,-0.083416,-0.81455,-0.84076,0.083416,0.53494,-6.337,0,0,0,1
0.54175,0.045443,0.83931,-5.1252,0.045443,0.99549,-0.083231,-0.81291,-0.83931,0.083231,0.53725,-6.3261,0,0,0,1
0.54409,0.045189,0.83781,-5.0973,0.045189,0.99552,-0.083041,-0.81122,-0.83781,0.083041,0.53961,-6.3149,0,0,0,1
0.54648,0.044928,0.83626,-5.0687,0.044928,0.99555,-0.082845,-0.80949,-0.83626,0.082845,0.54203,-6.3033,0,0,0,1
0.54894,0.044662,0.83467,-5.0394,0.044662,0.99558,-0.082644,-0.8077,-0.83467,0.082644,0.54451,-6.2914,0,0,0,1
0.55145,0.044389,0.83303,-5.0095,0.044389,0.99561,-0.082437,-0.80586,-0.83303,0.082437,0.54706,-6.2791,0,0,0,1
0.55402,0.04411,0.83134,-4.9789,0.04411,0.99564,-0.082224,-0.80397,-0.83134,0.082224,0.54965,-6.2665,0,0,0,1
0.55664,0.043825,0.82959,-4.9476,0.043825,0.99567,-0.082005,-0.80204,-0.82959,0.082005,0.55231,-6.2535,0,0,0,1
0.55933,0.043535,0.8278,-4.9158,0.043535,0.9957,-0.08178,-0.80005,-0.8278,0.08178,0.55503,-6.2402,0,0,0,1
0.56207,0.043239,0.82596,-4.8833,0.043239,0.99573,-0.08155,-0.79801,-0.82596,0.08155,0.5578,-6.2265,0,0,0,1
0.56486,0.042937,0.82407,-4.8501,0.042937,0.99576,-0.081313,-0.79592,-0.82407,0.081313,0.56062,-6.2124,0,0,0,1
0.56771,0.042629,0.82213,-4.8164,0.042629,0.9958,-0.081071,-0.79379,-0.82213,0.081071,0.5635,-6.198,0,0,0,1
0.57061,0.042316,0.82013,-4.7821,0.042316,0.99583,-0.080823,-0.7916,-0.82013,0.080823,0.56644,-6.1833,0,0,0,1
0.57356,0.041998,0.81808,-4.7472,0.041998,0.99586,-0.080569,-0.78936,-0.81808,0.080569,0.56943,-6.1681,0,0,0,1
0.57657,0.041674,0.81599,-4.7117,0.041674,0.9959,-0.080309,-0.78707,-0.81599,0.080309,0.57247,-6.1526,0,0,0,1
0.57963,0.041345,0.81383,-4.6756,0.041345,0.99593,-0.080042,-0.78472,-0.81383,0.080042,0.57556,-6.1367,0,0,0,1
0.58274,0.041011,0.81163,-4.639,0.041011,0.99597,-0.07977,-0.78233,-0.81163,0.07977,0.57871,-6.1205,0,0,0,1
0.58589,0.040671,0.80937,-4.6019,0.040671,0.99601,-0.079492,-0.77989,-0.80937,0.079492,0.5819,-6.1039,0,0,0,1
0.5891,0.040327,0.80705,-4.5642,0.040327,0.99604,-0.079208,-0.77739,-0.80705,0.079208,0.58515,-6.0869,0,0,0,1
0.59236,0.039978,0.80468,-4.526,0.039978,0.99608,-0.078917,-0.77484,-0.80468,0.078917,0.58844,-6.0695,0,0,0,1
0.59566,0.039625,0.80226,-4.4872,0.039625,0.99612,-0.078621,-0.77224,-0.80226,0.078621,0.59178,-6.0517,0,0,0,1
0.59902,0.039267,0.79977,-4.448,0.039267,0.99615,-0.078318,-0.76959,-0.79977,0.078318,0.59517,-6.0335,0,0,0,1
0.60241,0.038904,0.79724,-4.4083,0.038904,0.99619,-0.078009,-0.76688,-0.79724,0.078009,0.59861,-6.015,0,0,0,1
0.60586,0.038537,0.79464,-4.3681,0.038537,0.99623,-0.077695,-0.76413,-0.79464,0.077695,0.60209,-5.996,0,0,0,1
0.60934,0.038165,0.79199,-4.3275,0.038165,0.99627,-0.077373,-0.76132,-0.79199,0.077373,0.60561,-5.9767,0,0,0,1
0.61287,0.03779,0.78928,-4.2864,0.03779,0.99631,-0.077046,-0.75845,-0.78928,0.077046,0.60918,-5.957,0,0,0,1
0.61644,0.03741,0.78651,-4.2449,0.03741,0.99635,-0.076712,-0.75554,-0.78651,0.076712,0.6128,-5.9368,0,0,0,1
0.62006,0.037027,0.78368,-4.2029,0.037027,0.99639,-0.076372,-0.75257,-0.78368,0.076372,0.61645,-5.9163,0,0,0,1
0.62371,0.036639,0.78079,-4.1606,0.036639,0.99643,-0.076026,-0.74955,-0.78079,0.076026,0.62015,-5.8953,0,0,0,1
0.62741,0.036248,0.77785,-4.1178,0.036248,0.99647,-0.075674,-0.74647,-0.77785,0.075674,0.62388,-5.874,0,0,0,1
0.63114,0.035853,0.77484,-4.0746,0.035853,0.99652,-0.075315,-0.74334,-0.77484,0.075315,0.62765,-5.8522,0,0,0,1
0.63491,0.035455,0.77177,-4.0311,0.035455,0.99656,-0.07495,-0.74016,-0.77177,0.07495,0.63147,-5.83,0,0,0,1
0.63872,0.035054,0.76864,-3.9872,0.035054,0.9966,-0.074578,-0.73692,-0.76864,0.074578,0.63532,-5.8074,0,0,0,1
0.64256,0.034649,0.76545,-3.943,0.034649,0.99664,-0.074201,-0.73363,-0.76545,0.074201,0.6392,-5.7844,0,0,0,1
0.64644,0.034241,0.7622,-3.8984,0.034241,0.99668,-0.073817,-0.73028,-0.7622,0.073817,0.64312,-5.7609,0,0,0,1
0.65035,0.033831,0.75888,-3.8535,0.033831,0.99673,-0.073426,-0.72688,-0.75888,0.073426,0.64708,-5.7371,0,0,0,1
0.65429,0.033417,0.7555,-3.8083,0.033417,0.99677,-0.073029,-0.72342,-0.7555,0.073029,0.65106,-5.7127,0,0,0,1
0.65827,0.033001,0.75206,-3.7628,0.033001,0.99681,-0.072626,-0.71991,-0.75206,0.072626,0.65508,-5.688,0,0,0,1
0.66227,0.032582,0.74855,-3.717,0.032582,0.99686,-0.072216,-0.71635,-0.74855,0.072216,0.65913,-5.6628,0,0,0,1
0.66631,0.032161,0.74498,-3.671,0.032161,0.9969,-0.0718,-0.71273,-0.74498,0.0718,0.66321,-5.6372,0,0,0,1
0.67037,0.031737,0.74135,-3.6246,0.031737,0.99694,-0.071378,-0.70905,-0.74135,0.071378,0.66732,-5.6112,0,0,0,1
0.67446,0.031311,0.73765,-3.5781,0.031311,0.99699,-0.070949,-0.70532,-0.73765,0.070949,0.67145,-5.5847,0,0,0,1
0.67858,0.030883,0.73388,-3.5313,0.030883,0.99703,-0.070514,-0.70153,-0.73388,0.070514,0.67561,-5.5577,0,0,0,1
0.68272,0.030454,0.73005,-3.4843,0.030454,0.99708,-0.070072,-0.69769,-0.73005,0.070072,0.6798,-5.5303,0,0,0,1
0.68688,0.030022,0.72615,-3.4371,0.030022,0.99712,-0.069624,-0.69379,-0.72615,0.069624,0.684,-5.5025,0,0,0,1
0.69107,0.029589,0.72218,-3.3898,0.029589,0.99717,-0.06917,-0.68984,-0.72218,0.06917,0.68824,-5.4742,0,0,0,1
0.69528,0.029154,0.71815,-3.3422,0.029154,0.99721,-0.068709,-0.68583,-0.71815,0.068709,0.69249,-5.4454,0,0,0,1
0.69951,0.028718,0.71405,-3.2945,0.028718,0.99726,-0.068242,-0.68176,-0.71405,0.068242,0.69676,-5.4162,0,0,0,1
0.70375,0.028281,0.70988,-3.2467,0.028281,0.9973,-0.067768,-0.67764,-0.70988,0.067768,0.70105,-5.3865,0,0,0,1
0.70802,0.027843,0.70565,-3.1987,0.027843,0.99734,-0.067288,-0.67346,-0.70565,0.067288,0.70536,-5.3564,0,0,0,1
0.7123,0.027403,0.70134,-3.1506,0.027403,0.99739,-0.066802,-0.66922,-0.70134,0.066802,0.70969,-5.3257,0,0,0,1
0.71659,0.026963,0.69697,-3.1025,0.026963,0.99743,-0.06631,-0.66492,-0.69697,0.06631,0.71403,-5.2947,0,0,0,1
0.7209,0.026523,0.69253,-3.0542,0.026523,0.99748,-0.065811,-0.66057,-0.69253,0.065811,0.71838,-5.2631,0,0,0,1
0.72522,0.026081,0.68802,-3.0059,0.026081,0.99752,-0.065306,-0.65616,-0.68802,0.065306,0.72275,-5.231,0,0,0,1
0.72956,0.02564,0.68344,-2.9575,0.02564,0.99757,-0.064794,-0.6517,-0.68344,0.064794,0.72713,-5.1985,0,0,0,1
0.7339,0.025198,0.67879,-2.909,0.025198,0.99761,-0.064277,-0.64717,-0.67879,0.064277,0.73151,-5.1655,0,0,0,1
0.73825,0.024756,0.67407,-2.8606,0.024756,0.99766,-0.063753,-0.64259,-0.67407,0.063753,0.73591,-5.132,0,0,0,1
0.74261,0.024314,0.66928,-2.8121,0.024314,0.9977,-0.063223,-0.63795,-0.66928,0.063223,0.74031,-5.0981,0,0,0,1
0.74698,0.023872,0.66442,-2.7636,0.023872,0.99775,-0.062686,-0.63326,-0.66442,0.062686,0.74472,-5.0636,0,0,0,1
0.75135,0.023431,0.65949,-2.7152,0.023431,0.99779,-0.062144,-0.6285,-0.65949,0.062144,0.74914,-5.0286,0,0,0,1
0.75572,0.02299,0.65449,-2.6668,0.02299,0.99784,-0.061595,-0.62369,-0.65449,0.061595,0.75356,-4.9932,0,0,0,1
0.76009,0.022549,0.64942,-2.6184,0.022549,0.99788,-0.061041,-0.61882,-0.64942,0.061041,0.75797,-4.9572,0,0,0,1
0.76447,0.02211,0.64428,-2.5701,0.02211,0.99792,-0.06048,-0.61389,-0.64428,0.06048,0.76239,-4.9208,0,0,0,1
0.76884,0.021671,0.63907,-2.5218,0.021671,0.99797,-0.059914,-0.60891,-0.63907,0.059914,0.76681,-4.8838,0,0,0,1
0.77322,0.021234,0.63379,-2.4737,0.021234,0.99801,-0.059341,-0.60386,-0.63379,0.059341,0.77123,-4.8464,0,0,0,1
0.77759,0.020797,0.62843,-2.4256,0.020797,0.99806,-0.058762,-0.59876,-0.62843,0.058762,0.77564,-4.8084,0,0,0,1
0.78195,0.020362,0.62301,-2.3777,0.020362,0.9981,-0.058178,-0.5936,-0.62301,0.058178,0.78005,-4.7699,0,0,0,1
0.78631,0.019928,0.61751,-2.3299,0.019928,0.99814,-0.057588,-0.58838,-0.61751,0.057588,0.78445,-4.731,0,0,0,1
0.79066,0.019496,0.61195,-2.2822,0.019496,0.99818,-0.056992,-0.5831,-0.61195,0.056992,0.78884,-4.6915,0,0,0,1
0.795,0.019066,0.60631,-2.2347,0.019066,0.99823,-0.05639,-0.57776,-0.60631,0.05639,0.79323,-4.6515,0,0,0,1
0.79933,0.018638,0.6006,-2.1874,0.018638,0.99827,-0.055783,-0.57237,-0.6006,0.055783,0.7976,-4.6109,0,0,0,1
0.80365,0.018212,0.59483,-2.1402,0.018212,0.99831,-0.05517,-0.56691,-0.59483,0.05517,0.80196,-4.5699,0,0,0,1
0.80795,0.017787,0.58898,-2.0933,0.017787,0.99835,-0.054551,-0.5614,-0.58898,0.054551,0.80631,-4.5284,0,0,0,1
0.81224,0.017366,0.58306,-2.0465,0.017366,0.99839,-0.053927,-0.55583,-0.58306,0.053927,0.81064,-4.4863,0,0,0,1
0.81652,0.016946,0.57707,-2.0001,0.016946,0.99843,-0.053298,-0.5502,-0.57707,0.053298,0.81495,-4.4437,0,0,0,1
0.82078,0.016529,0.57101,-1.9538,0.016529,0.99848,-0.052663,-0.54451,-0.57101,0.052663,0.81925,-4.4005,0,0,0,1
0.82501,0.016115,0.56488,-1.9078,0.016115,0.99852,-0.052023,-0.53876,-0.56488,0.052023,0.82353,-4.3569,0,0,0,1
0.82923,0.015704,0.55868,-1.8621,0.015704,0.99856,-0.051377,-0.53296,-0.55868,0.051377,0.82779,-4.3127,0,0,0,1
0.83343,0.015296,0.55241,-1.8166,0.015296,0.9986,-0.050727,-0.52709,-0.55241,0.050727,0.83202,-4.268,0,0,0,1
0.8376,0.014891,0.54608,-1.7715,0.014891,0.99863,-0.050071,-0.52117,-0.54608,0.050071,0.83624,-4.2228,0,0,0,1
0.84175,0.014489,0.53967,-1.7266,0.014489,0.99867,-0.04941,-0.51518,-0.53967,0.04941,0.84042,-4.177,0,0,0,1
0.84587,0.01409,0.5332,-1.6821,0.01409,0.99871,-0.048745,-0.50914,-0.5332,0.048745,0.84459,-4.1307,0,0,0,1
0.84997,0.013695,0.52665,-1.638,0.013695,0.99875,-0.048074,-0.50305,-0.52665,0.048074,0.84872,-4.0839,0,0,0,1
0.85404,0.013304,0.52004,-1.5941,0.013304,0.99879,-0.047399,-0.49689,-0.52004,0.047399,0.85282,-4.0365,0,0,0,1
0.85807,0.012916,0.51337,-1.5507,0.012916,0.99882,-0.046719,-0.49067,-0.51337,0.046719,0.8569,-3.9886,0,0,0,1
0.86208,0.012532,0.50662,-1.5076,0.012532,0.99886,-0.046035,-0.4844,-0.50662,0.046035,0.86094,-3.9402,0,0,0,1
0.86605,0.012153,0.49981,-1.4649,0.012153,0.9989,-0.045346,-0.47806,-0.49981,0.045346,0.86495,-3.8912,0,0,0,1
0.86999,0.011777,0.49293,-1.4226,0.011777,0.99893,-0.044652,-0.47167,-0.49293,0.044652,0.86892,-3.8417,0,0,0,1
0.87389,0.011406,0.48599,-1.3807,0.011406,0.99897,-0.043954,-0.46522,-0.48599,0.043954,0.87286,-3.7916,0,0,0,1
0.87776,0.011039,0.47898,-1.3393,0.011039,0.999,-0.043252,-0.45872,-0.47898,0.043252,0.87676,-3.741,0,0,0,1
0.88158,0.010676,0.47191,-1.2982,0.010676,0.99904,-0.042546,-0.45215,-0.47191,0.042546,0.88062,-3.6899,0,0,0,1
0.88537,0.010318,0.46477,-1.2577,0.010318,0.99907,-0.041836,-0.44553,-0.46477,0.041836,0.88444,-3.6382,0,0,0,1
0.88912,0.0099649,0.45757,-1.2176,0.0099649,0.9991,-0.041122,-0.43885,-0.45757,0.041122,0.88822,-3.586,0,0,0,1
0.89282,0.0096165,0.45031,-1.1779,0.0096165,0.99914,-0.040404,-0.43211,-0.45031,0.040404,0.89196,-3.5333,0,0,0,1
0.89648,0.009273,0.44298,-1.1388,0.009273,0.99917,-0.039682,-0.42532,-0.44298,0.039682,0.89565,-3.48,0,0,0,1
0.9001,0.0089344,0.43559,-1.1002,0.0089344,0.9992,-0.038957,-0.41847,-0.43559,0.038957,0.8993,-3.4262,0,0,0,1
0.90367,0.0086011,0.42815,-1.062,0.0086011,0.99923,-0.038228,-0.41156,-0.42815,0.038228,0.9029,-3.3718,0,0,0,1
0.90719,0.0082729,0.42064,-1.0244,0.0082729,0.99926,-0.037495,-0.40459,-0.42064,0.037495,0.90645,-3.3169,0,0,0,1
0.91066,0.0079501,0.41307,-0.98731,0.0079501,0.99929,-0.03676,-0.39757,-0.41307,0.03676,0.90996,-3.2615,0,0,0,1
0.91409,0.0076327,0.40545,-0.95076,0.0076327,0.99932,-0.036021,-0.39049,-0.40545,0.036021,0.91341,-3.2055,0,0,0,1
0.91746,0.0073208,0.39776,-0.91476,0.0073208,0.99935,-0.035279,-0.38335,-0.39776,0.035279,0.91681,-3.149,0,0,0,1
0.92078,0.0070145,0.39002,-0.87933,0.0070145,0.99938,-0.034534,-0.37616,-0.39002,0.034534,0.92016,-3.0919,0,0,0,1
0.92404,0.0067139,0.38223,-0.84447,0.0067139,0.99941,-0.033786,-0.36892,-0.38223,0.033786,0.92345,-3.0343,0,0,0,1
0.92726,0.0064191,0.37437,-0.8102,0.0064191,0.99943,-0.033036,-0.36161,-0.37437,0.033036,0.92669,-2.9762,0,0,0,1
0.93041,0.0061302,0.36647,-0.77652,0.0061302,0.99946,-0.032283,-0.35425,-0.36647,0.032283,0.92987,-2.9175,0,0,0,1
0.93351,0.0058472,0.35851,-0.74344,0.0058472,0.99949,-0.031527,-0.34684,-0.35851,0.031527,0.93299,-2.8583,0,0,0,1
0.93655,0.0055703,0.3505,-0.71098,0.0055703,0.99951,-0.030769,-0.33937,-0.3505,0.030769,0.93606,-2.7986,0,0,0,1
0.93953,0.0052995,0.34243,-0.67913,0.0052995,0.99954,-0.030009,-0.33185,-0.34243,0.030009,0.93906,-2.7383,0,0,0,1
0.94245,0.0050348,0.33432,-0.64792,0.0050348,0.99956,-0.029246,-0.32427,-0.33432,0.029246,0.94201,-2.6775,0,0,0,1
0.9453,0.0047764,0.32615,-0.61735,0.0047764,0.99958,-0.028482,-0.31664,-0.32615,0.028482,0.94489,-2.6162,0,0,0,1
0.9481,0.0045243,0.31794,-0.58743,0.0045243,0.99961,-0.027716,-0.30896,-0.31794,0.027716,0.94771,-2.5544,0,0,0,1
0.95083,0.0042786,0.30968,-0.55817,0.0042786,0.99963,-0.026948,-0.30122,-0.30968,0.026948,0.95046,-2.492,0,0,0,1
0.9535,0.0040394,0.30137,-0.52957,0.0040394,0.99965,-0.026178,-0.29343,-0.30137,0.026178,0.95315,-2.4291,0,0,0,1
0.9561,0.0038066,0.29302,-0.50165,0.0038066,0.99967,-0.025407,-0.28558,-0.29302,0.025407,0.95577,-2.3657,0,0,0,1
0.95863,0.0035805,0.28463,-0.47441,0.0035805,0.99969,-0.024635,-0.27769,-0.28463,0.024635,0.95832,-2.3018,0,0,0,1
0.9611,0.0033609,0.27619,-0.44787,0.0033609,0.99971,-0.023861,-0.26974,-0.27619,0.023861,0.96081,-2.2373,0,0,0,1
0.9635,0.0031481,0.2677,-0.42202,0.0031481,0.99973,-0.023087,-0.26174,-0.2677,0.023087,0.96322,-2.1723,0,0,0,1
0.96582,0.0029419,0.25918,-0.39687,0.0029419,0.99975,-0.022311,-0.25369,-0.25918,0.022311,0.96557,-2.1069,0,0,0,1
0.96808,0.0027426,0.25062,-0.37244,0.0027426,0.99976,-0.021534,-0.24559,-0.25062,0.021534,0.96785,-2.0409,0,0,0,1
0.97027,0.00255,0.24202,-0.34873,0.00255,0.99978,-0.020757,-0.23743,-0.24202,0.020757,0.97005,-1.9744,0,0,0,1
0.97238,0.0023643,0.23338,-0.32575,0.0023643,0.9998,-0.019979,-0.22923,-0.23338,0.019979,0.97218,-1.9074,0,0,0,1
0.97442,0.0021855,0.22471,-0.3035,0.0021855,0.99981,-0.019201,-0.22098,-0.22471,0.019201,0.97424,-1.8399,0,0,0,1
0.97639,0.0020136,0.216,-0.28199,0.0020136,0.99983,-0.018423,-0.21268,-0.216,0.018423,0.97622,-1.7719,0,0,0,1
0.97829,0.0018486,0.20725,-0.26123,0.0018486,0.99984,-0.017644,-0.20433,-0.20725,0.017644,0.97813,-1.7034,0,0,0,1
0.9801,0.0016907,0.19848,-0.24122,0.0016907,0.99986,-0.016866,-0.19593,-0.19848,0.016866,0.97996,-1.6344,0,0,0,1
0.98185,0.0015397,0.18967,-0.22196,0.0015397,0.99987,-0.016087,-0.18748,-0.18967,0.016087,0.98172,-1.5649,0,0,0,1
0.98351,0.0013958,0.18084,-0.20347,0.0013958,0.99988,-0.015309,-0.17899,-0.18084,0.015309,0.98339,-1.4949,0,0,0,1
0.9851,0.0012589,0.17197,-0.18574,0.0012589,0.99989,-0.014531,-0.17045,-0.17197,0.014531,0.98499,-1.4245,0,0,0,1
0.98661,0.0011291,0.16308,-0.16879,0.0011291,0.9999,-0.013753,-0.16186,-0.16308,0.013753,0.98652,-1.3536,0,0,0,1
0.98804,0.0010063,0.15416,-0.15262,0.0010063,0.99992,-0.012977,-0.15323,-0.15416,0.012977,0.98796,-1.2822,0,0,0,1
0.9894,0.00089066,0.14522,-0.13723,0.00089066,0.99993,-0.012201,-0.14455,-0.14522,0.012201,0.98932,-1.2103,0,0,0,1
0.99067,0.00078209,0.13626,-0.12262,0.00078209,0.99993,-0.011426,-0.13583,-0.13626,0.011426,0.99061,-1.138,0,0,0,1
0.99187,0.00068062,0.12727,-0.1088,0.00068062,0.99994,-0.010652,-0.12706,-0.12727,0.010652,0.99181,-1.0652,0,0,0,1
0.99298,0.00058624,0.11827,-0.095783,0.00058624,0.99995,-0.0098789,-0.11825,-0.11827,0.0098789,0.99293,-0.9919,0,0,0,1
0.99402,0.00049896,0.10924,-0.083558,0.00049896,0.99996,-0.0091074,-0.1094,-0.10924,0.0091074,0.99397,-0.91819,0,0,0,1
0.99497,0.00041876,0.1002,-0.072134,0.00041876,0.99997,-0.0083374,-0.1005,-0.1002,0.0083374,0.99493,-0.84403,0,0,0,1
0.99584,0.00034565,0.091142,-0.061514,0.00034565,0.99997,-0.0075689,-0.091561,-0.091142,0.0075689,0.99581,-0.76942,0,0,0,1
0.99663,0.0002796,0.082069,-0.0517,0.0002796,0.99998,-0.0068022,-0.082581,-0.082069,0.0068022,0.9966,-0.69438,0,0,0,1
0.99733,0.00022061,0.072983,-0.042696,0.00022061,0.99998,-0.0060373,-0.07356,-0.072983,0.0060373,0.99731,-0.61889,0,0,0,1
0.99796,0.00016866,0.063886,-0.034502,0.00016866,0.99999,-0.0052744,-0.064499,-0.063886,0.0052744,0.99794,-0.54298,0,0,0,1
0.9985,0.00012372,0.054778,-0.027122,0.00012372,0.99999,-0.0045136,-0.055398,-0.054778,0.0045136,0.99849,-0.46664,0,0,0,1
0.99896,8.5777e-05,0.045662,-0.020556,8.5777e-05,0.99999,-0.0037551,-0.046259,-0.045662,0.0037551,0.99895,-0.38989,0,0,0,1
0.99933,5.4805e-05,0.036538,-0.014808,5.4805e-05,1,-0.0029988,-0.037081,-0.036538,0.0029988,0.99933,-0.31272,0,0,0,1
0.99962,3.0774e-05,0.027409,-0.0098767,3.0774e-05,1,-0.0022451,-0.027865,-0.027409,0.0022451,0.99962,-0.23514,0,0,0,1
0.99983,1.3652e-05,0.018275,-0.0057646,1.3652e-05,1,-0.001494,-0.018613,-0.018275,0.001494,0.99983,-0.15715,0,0,0,1
0.99996,3.4067e-06,0.0091383,-0.0024722,3.4067e-06,1,-0.00074556,-0.0093242,-0.0091383,0.00074556,0.99996,-0.078773,0,0,0,1
NaN,NaN,NaN,0,NaN,NaN,NaN,0,NaN,NaN,NaN,0,0,0,0,1
0.99996,3.3931e-06,-0.0091383,0.0016517,3.3931e-06,1,0.0007426,0.009359,0.0091383,-0.0007426,0.99996,0.079158,0,0,0,1
0.99983,1.3544e-05,-0.018275,0.002483,1.3544e-05,1,0.0014821,0.018752,0.018275,-0.0014821,0.99983,0.1587,0,0,0,1
0.99962,3.0408e-05,-0.027409,0.002494,3.0408e-05,1,0.0022184,0.028179,0.027409,-0.0022184,0.99962,0.23861,0,0,0,1
0.99933,5.3938e-05,-0.036538,0.0016851,5.3938e-05,1,0.0029514,0.037638,0.036538,-0.0029514,0.99933,0.31889,0,0,0,1
0.99896,8.4084e-05,-0.045662,5.7163e-05,8.4084e-05,0.99999,0.003681,0.047129,0.045662,-0.003681,0.99895,0.39953,0,0,0,1
0.9985,0.0001208,-0.054778,-0.0023889,0.0001208,0.99999,0.004407,0.056651,0.054778,-0.004407,0.99849,0.48052,0,0,0,1
0.99796,0.00016402,-0.063886,-0.0056519,0.00016402,0.99999,0.0051293,0.066204,0.063886,-0.0051293,0.99794,0.56186,0,0,0,1
0.99733,0.00021369,-0.072983,-0.0097303,0.00021369,0.99998,0.0058479,0.075786,0.072983,-0.0058479,0.99732,0.64354,0,0,0,1
0.99663,0.00026975,-0.082069,-0.014623,0.00026975,0.99998,0.0065627,0.085397,0.082069,-0.0065627,0.99661,0.72556,0,0,0,1
0.99584,0.00033215,-0.091142,-0.020326,0.00033215,0.99997,0.0072734,0.095036,0.091142,-0.0072734,0.99581,0.8079,0,0,0,1
0.99497,0.00040082,-0.1002,-0.02684,0.00040082,0.99997,0.0079801,0.1047,0.1002,-0.0079801,0.99494,0.89057,0,0,0,1
0.99402,0.00047568,-0.10924,-0.034161,0.00047568,0.99996,0.0086826,0.11439,0.10924,-0.0086826,0.99398,0.97354,0,0,0,1
0.99298,0.00055668,-0.11827,-0.042286,0.00055668,0.99996,0.0093808,0.12411,0.11827,-0.0093808,0.99294,1.0568,0,0,0,1
0.99187,0.00064375,-0.12727,-0.051212,0.00064375,0.99995,0.010075,0.13386,0.12727,-0.010075,0.99182,1.1404,0,0,0,1
0.99067,0.0007368,-0.13626,-0.060937,0.0007368,0.99994,0.010764,0.14362,0.13626,-0.010764,0.99061,1.2243,0,0,0,1
0.9894,0.00083577,-0.14522,-0.071457,0.00083577,0.99993,0.011449,0.15341,0.14522,-0.011449,0.98933,1.3084,0,0,0,1
0.98804,0.00094058,-0.15416,-0.082768,0.00094058,0.99993,0.012129,0.16322,0.15416,-0.012129,0.98797,1.3929,0,0,0,1
0.98661,0.0010511,-0.16308,-0.094866,0.0010511,0.99992,0.012804,0.17306,0.16308,-0.012804,0.98653,1.4775,0,0,0,1
0.9851,0.0011674,-0.17197,-0.10775,0.0011674,0.99991,0.013475,0.18291,0.17197,-0.013475,0.98501,1.5625,0,0,0,1
0.98351,0.0012893,-0.18084,-0.12141,0.0012893,0.9999,0.01414,0.19278,0.18084,-0.01414,0.98341,1.6477,0,0,0,1
0.98185,0.0014166,-0.18967,-0.13584,0.0014166,0.99989,0.014801,0.20267,0.18967,-0.014801,0.98174,1.7332,0,0,0,1
0.9801,0.0015494,-0.19848,-0.15104,0.0015494,0.99988,0.015457,0.21258,0.19848,-0.015457,0.97998,1.8188,0,0,0,1
0.97829,0.0016876,-0.20726,-0.16701,0.0016876,0.99987,0.016107,0.22251,0.20726,-0.016107,0.97815,1.9047,0,0,0,1
0.97639,0.001831,-0.216,-0.18374,0.001831,0.99986,0.016752,0.23245,0.216,-0.016752,0.97625,1.9909,0,0,0,1
0.97442,0.0019795,-0.22471,-0.20122,0.0019795,0.99985,0.017392,0.24241,0.22471,-0.017392,0.97427,2.0772,0,0,0,1
0.97238,0.0021332,-0.23338,-0.21945,0.0021332,0.99984,0.018026,0.25238,0.23338,-0.018026,0.97222,2.1637,0,0,0,1
0.97027,0.0022918,-0.24202,-0.23841,0.0022918,0.99982,0.018655,0.26236,0.24202,-0.018655,0.97009,2.2505,0,0,0,1
0.96808,0.0024553,-0.25062,-0.25812,0.0024553,0.99981,0.019279,0.27236,0.25062,-0.019279,0.96789,2.3374,0,0,0,1
0.96582,0.0026236,-0.25919,-0.27855,0.0026236,0.9998,0.019897,0.28236,0.25919,-0.019897,0.96562,2.4245,0,0,0,1
0.9635,0.0027966,-0.26771,-0.29971,0.0027966,0.99979,0.020509,0.29238,0.26771,-0.020509,0.96328,2.5117,0,0,0,1
0.9611,0.0029742,-0.27619,-0.32158,0.0029742,0.99977,0.021116,0.30241,0.27619,-0.021116,0.96087,2.5991,0,0,0,1
0.95863,0.0031563,-0.28463,-0.34415,0.0031563,0.99976,0.021717,0.31244,0.28463,-0.021717,0.95839,2.6867,0,0,0,1
0.9561,0.0033428,-0.29303,-0.36743,0.0033428,0.99975,0.022312,0.32248,0.29303,-0.022312,0.95584,2.7744,0,0,0,1
0.9535,0.0035336,-0.30138,-0.3914,0.0035336,0.99973,0.022901,0.33253,0.30138,-0.022901,0.95323,2.8622,0,0,0,1
0.95083,0.0037286,-0.30969,-0.41606,0.0037286,0.99972,0.023484,0.34258,0.30969,-0.023484,0.95055,2.9501,0,0,0,1
0.9481,0.0039277,-0.31795,-0.4414,0.0039277,0.9997,0.024061,0.35264,0.31795,-0.024061,0.9478,3.0381,0,0,0,1
0.9453,0.0041308,-0.32617,-0.4674,0.0041308,0.99969,0.024633,0.36269,0.32617,-0.024633,0.94499,3.1263,0,0,0,1
0.94245,0.0043377,-0.33433,-0.49407,0.0043377,0.99967,0.025198,0.37276,0.33433,-0.025198,0.94212,3.2145,0,0,0,1
0.93953,0.0045485,-0.34245,-0.52138,0.0045485,0.99966,0.025757,0.38282,0.34245,-0.025757,0.93918,3.3028,0,0,0,1
0.93655,0.004763,-0.35051,-0.54934,0.004763,0.99964,0.02631,0.39288,0.35051,-0.02631,0.93619,3.3912,0,0,0,1
0.93351,0.004981,-0.35853,-0.57794,0.004981,0.99963,0.026857,0.40294,0.35853,-0.026857,0.93313,3.4797,0,0,0,1
0.93041,0.0052025,-0.36649,-0.60716,0.0052025,0.99961,0.027398,0.413,0.36649,-0.027398,0.93002,3.5681,0,0,0,1
0.92725,0.0054273,-0.37439,-0.637,0.0054273,0.9996,0.027932,0.42305,0.37439,-0.027932,0.92685,3.6567,0,0,0,1
0.92404,0.0056555,-0.38225,-0.66744,0.0056555,0.99958,0.028461,0.4331,0.38225,-0.028461,0.92362,3.7452,0,0,0,1
0.92078,0.0058867,-0.39005,-0.69849,0.0058867,0.99956,0.028983,0.44315,0.39005,-0.028983,0.92034,3.8338,0,0,0,1
0.91746,0.0061211,-0.39779,-0.73011,0.0061211,0.99955,0.029498,0.45319,0.39779,-0.029498,0.917,3.9224,0,0,0,1
0.91408,0.0063583,-0.40547,-0.76232,0.0063583,0.99953,0.030008,0.46322,0.40547,-0.030008,0.91361,4.011,0,0,0,1
0.91066,0.0065984,-0.4131,-0.79509,0.0065984,0.99951,0.030511,0.47324,0.4131,-0.030511,0.91017,4.0996,0,0,0,1
0.90719,0.0068412,-0.42067,-0.82842,0.0068412,0.9995,0.031008,0.48325,0.42067,-0.031008,0.90668,4.1881,0,0,0,1
0.90366,0.0070867,-0.42818,-0.86229,0.0070867,0.99948,0.031498,0.49325,0.42818,-0.031498,0.90314,4.2766,0,0,0,1
0.90009,0.0073346,-0.43563,-0.8967,0.0073346,0.99946,0.031982,0.50324,0.43563,-0.031982,0.89956,4.3651,0,0,0,1
0.89648,0.007585,-0.44302,-0.93164,0.007585,0.99944,0.03246,0.51322,0.44302,-0.03246,0.89592,4.4535,0,0,0,1
0.89282,0.0078376,-0.45035,-0.96708,0.0078376,0.99943,0.032931,0.52318,0.45035,-0.032931,0.89224,4.5419,0,0,0,1
0.88911,0.0080924,-0.45762,-1.003,0.0080924,0.99941,0.033396,0.53312,0.45762,-0.033396,0.88852,4.6302,0,0,0,1
0.88537,0.0083493,-0.46482,-1.0395,0.0083493,0.99939,0.033855,0.54305,0.46482,-0.033855,0.88476,4.7184,0,0,0,1
0.88158,0.0086082,-0.47196,-1.0764,0.0086082,0.99937,0.034307,0.55297,0.47196,-0.034307,0.88095,4.8065,0,0,0,1
0.87775,0.008869,-0.47904,-1.1138,0.008869,0.99936,0.034753,0.56286,0.47904,-0.034753,0.87711,4.8945,0,0,0,1
0.87388,0.0091315,-0.48605,-1.1516,0.0091315,0.99934,0.035193,0.57273,0.48605,-0.035193,0.87322,4.9824,0,0,0,1
0.86998,0.0093957,-0.493,-1.1899,0.0093957,0.99932,0.035626,0.58258,0.493,-0.035626,0.8693,5.0701,0,0,0,1
0.86604,0.0096615,-0.49988,-1.2286,0.0096615,0.9993,0.036053,0.59241,0.49988,-0.036053,0.86534,5.1577,0,0,0,1
0.86207,0.0099287,-0.50669,-1.2677,0.0099287,0.99929,0.036473,0.60222,0.50669,-0.036473,0.86135,5.2452,0,0,0,1
0.85806,0.010197,-0.51344,-1.3073,0.010197,0.99927,0.036888,0.612,0.51344,-0.036888,0.85733,5.3324,0,0,0,1
0.85402,0.010467,-0.52013,-1.3472,0.010467,0.99925,0.037295,0.62176,0.52013,-0.037295,0.85327,5.4196,0,0,0,1
0.84996,0.010738,-0.52674,-1.3875,0.010738,0.99923,0.037697,0.63149,0.52674,-0.037697,0.84919,5.5065,0,0,0,1
0.84586,0.01101,-0.53329,-1.4282,0.01101,0.99921,0.038092,0.64119,0.53329,-0.038092,0.84507,5.5932,0,0,0,1
0.84174,0.011283,-0.53977,-1.4693,0.011283,0.9992,0.038482,0.65086,0.53977,-0.038482,0.84093,5.6798,0,0,0,1
0.83759,0.011557,-0.54618,-1.5107,0.011557,0.99918,0.038865,0.66051,0.54618,-0.038865,0.83676,5.7661,0,0,0,1
0.83341,0.011831,-0.55252,-1.5524,0.011831,0.99916,0.039241,0.67012,0.55252,-0.039241,0.83257,5.8521,0,0,0,1
0.82922,0.012107,-0.5588,-1.5944,0.012107,0.99914,0.039612,0.6797,0.5588,-0.039612,0.82836,5.938,0,0,0,1
0.825,0.012382,-0.565,-1.6367,0.012382,0.99912,0.039976,0.68924,0.565,-0.039976,0.82412,6.0236,0,0,0,1
0.82076,0.012658,-0.57114,-1.6794,0.012658,0.99911,0.040335,0.69875,0.57114,-0.040335,0.81986,6.1089,0,0,0,1
0.8165,0.012935,-0.5772,-1.7223,0.012935,0.99909,0.040687,0.70823,0.5772,-0.040687,0.81559,6.1939,0,0,0,1
0.81222,0.013212,-0.5832,-1.7654,0.013212,0.99907,0.041033,0.71766,0.5832,-0.041033,0.81129,6.2787,0,0,0,1
0.80793,0.013489,-0.58912,-1.8089,0.013489,0.99905,0.041374,0.72706,0.58912,-0.041374,0.80698,6.3632,0,0,0,1
0.80362,0.013766,-0.59498,-1.8525,0.013766,0.99904,0.041708,0.73642,0.59498,-0.041708,0.80266,6.4473,0,0,0,1
0.7993,0.014043,-0.60076,-1.8964,0.014043,0.99902,0.042036,0.74574,0.60076,-0.042036,0.79832,6.5312,0,0,0,1
0.79497,0.01432,-0.60648,-1.9405,0.01432,0.999,0.042359,0.75502,0.60648,-0.042359,0.79397,6.6147,0,0,0,1
0.79063,0.014597,-0.61212,-1.9848,0.014597,0.99898,0.042676,0.76425,0.61212,-0.042676,0.78961,6.6978,0,0,0,1
0.78628,0.014873,-0.6177,-2.0293,0.014873,0.99896,0.042986,0.77344,0.6177,-0.042986,0.78524,6.7807,0,0,0,1
0.78192,0.01515,-0.6232,-2.0739,0.01515,0.99895,0.043292,0.78258,0.6232,-0.043292,0.78086,6.8631,0,0,0,1
0.77755,0.015425,-0.62863,-2.1187,0.015425,0.99893,0.043591,0.79168,0.62863,-0.043591,0.77648,6.9452,0,0,0,1
0.77318,0.0157,-0.63399,-2.1636,0.0157,0.99891,0.043885,0.80073,0.63399,-0.043885,0.77209,7.0269,0,0,0,1
0.76881,0.015975,-0.63928,-2.2087,0.015975,0.9989,0.044173,0.80974,0.63928,-0.044173,0.7677,7.1081,0,0,0,1
0.76443,0.016249,-0.6445,-2.2538,0.016249,0.99888,0.044456,0.81869,0.6445,-0.044456,0.76331,7.189,0,0,0,1
0.76005,0.016522,-0.64965,-2.2991,0.016522,0.99886,0.044733,0.82759,0.64965,-0.044733,0.75891,7.2695,0,0,0,1
0.75568,0.016794,-0.65473,-2.3445,0.016794,0.99885,0.045004,0.83644,0.65473,-0.045004,0.75452,7.3495,0,0,0,1
0.7513,0.017066,-0.65974,-2.3899,0.017066,0.99883,0.045271,0.84524,0.65974,-0.045271,0.75013,7.4291,0,0,0,1
0.74693,0.017336,-0.66468,-2.4354,0.017336,0.99881,0.045532,0.85398,0.66468,-0.045532,0.74574,7.5082,0,0,0,1
0.74256,0.017605,-0.66955,-2.4809,0.017605,0.9988,0.045787,0.86266,0.66955,-0.045787,0.74136,7.5869,0,0,0,1
0.7382,0.017873,-0.67434,-2.5264,0.017873,0.99878,0.046038,0.87129,0.67434,-0.046038,0.73698,7.665,0,0,0,1
0.73385,0.01814,-0.67907,-2.572,0.01814,0.99876,0.046283,0.87987,0.67907,-0.046283,0.73261,7.7427,0,0,0,1
0.7295,0.018405,-0.68373,-2.6175,0.018405,0.99875,0.046523,0.88838,0.68373,-0.046523,0.72825,7.8199,0,0,0,1
0.72517,0.01867,-0.68832,-2.6631,0.01867,0.99873,0.046758,0.89683,0.68832,-0.046758,0.7239,7.8966,0,0,0,1
0.72084,0.018932,-0.69284,-2.7086,0.018932,0.99872,0.046988,0.90523,0.69284,-0.046988,0.71956,7.9728,0,0,0,1
0.71653,0.019193,-0.69729,-2.754,0.019193,0.9987,0.047213,0.91356,0.69729,-0.047213,0.71523,8.0484,0,0,0,1
0.71223,0.019453,-0.70167,-2.7995,0.019453,0.99868,0.047433,0.92182,0.70167,-0.047433,0.71092,8.1235,0,0,0,1
0.70795,0.019711,-0.70599,-2.8448,0.019711,0.99867,0.047648,0.93003,0.70599,-0.047648,0.70662,8.1981,0,0,0,1
0.70368,0.019967,-0.71023,-2.89,0.019967,0.99865,0.047859,0.93817,0.71023,-0.047859,0.70234,8.2721,0,0,0,1
0.69943,0.020222,-0.71441,-2.9352,0.020222,0.99864,0.048065,0.94624,0.71441,-0.048065,0.69807,8.3455,0,0,0,1
0.6952,0.020474,-0.71852,-2.9802,0.020474,0.99862,0.048266,0.95424,0.71852,-0.048266,0.69383,8.4183,0,0,0,1
0.69099,0.020725,-0.72257,-3.0251,0.020725,0.99861,0.048463,0.96218,0.72257,-0.048463,0.6896,8.4905,0,0,0,1
0.6868,0.020974,-0.72654,-3.0699,0.020974,0.9986,0.048655,0.97004,0.72654,-0.048655,0.6854,8.5621,0,0,0,1
0.68263,0.021221,-0.73045,-3.1145,0.021221,0.99858,0.048842,0.97784,0.73045,-0.048842,0.68121,8.6332,0,0,0,1
0.67849,0.021466,-0.7343,-3.1589,0.021466,0.99857,0.049025,0.98556,0.7343,-0.049025,0.67706,8.7035,0,0,0,1
0.67437,0.021708,-0.73807,-3.2032,0.021708,0.99855,0.049204,0.99321,0.73807,-0.049204,0.67292,8.7733,0,0,0,1
0.67028,0.021949,-0.74179,-3.2472,0.021949,0.99854,0.049379,1.0008,0.74179,-0.049379,0.66882,8.8424,0,0,0,1
0.66621,0.022187,-0.74543,-3.2911,0.022187,0.99853,0.049549,1.0083,0.74543,-0.049549,0.66474,8.9108,0,0,0,1
0.66217,0.022423,-0.74901,-3.3347,0.022423,0.99851,0.049715,1.0157,0.74901,-0.049715,0.66069,8.9786,0,0,0,1
0.65817,0.022657,-0.75253,-3.3781,0.022657,0.9985,0.049878,1.0231,0.75253,-0.049878,0.65666,9.0457,0,0,0,1
0.65419,0.022888,-0.75599,-3.4212,0.022888,0.99849,0.050036,1.0303,0.75599,-0.050036,0.65267,9.1121,0,0,0,1
0.65024,0.023117,-0.75938,-3.464,0.023117,0.99847,0.05019,1.0375,0.75938,-0.05019,0.64871,9.1778,0,0,0,1
0.64633,0.023343,-0.7627,-3.5066,0.023343,0.99846,0.05034,1.0447,0.7627,-0.05034,0.64478,9.2428,0,0,0,1
0.64244,0.023567,-0.76597,-3.5489,0.023567,0.99845,0.050486,1.0517,0.76597,-0.050486,0.64089,9.3071,0,0,0,1
0.6386,0.023788,-0.76917,-3.5909,0.023788,0.99843,0.050629,1.0586,0.76917,-0.050629,0.63703,9.3707,0,0,0,1
0.63479,0.024007,-0.77231,-3.6325,0.024007,0.99842,0.050768,1.0655,0.77231,-0.050768,0.63321,9.4335,0,0,0,1
0.63101,0.024223,-0.77539,-3.6739,0.024223,0.99841,0.050903,1.0723,0.77539,-0.050903,0.62942,9.4956,0,0,0,1
0.62728,0.024437,-0.77841,-3.7149,0.024437,0.9984,0.051035,1.079,0.77841,-0.051035,0.62568,9.5569,0,0,0,1
0.62358,0.024647,-0.78137,-3.7555,0.024647,0.99839,0.051163,1.0856,0.78137,-0.051163,0.62197,9.6175,0,0,0,1
0.61992,0.024855,-0.78427,-3.7957,0.024855,0.99837,0.051288,1.0921,0.78427,-0.051288,0.6183,9.6773,0,0,0,1
0.6163,0.025061,-0.78711,-3.8356,0.025061,0.99836,0.051409,1.0986,0.78711,-0.051409,0.61467,9.7363,0,0,0,1
0.61273,0.025263,-0.78989,-3.8751,0.025263,0.99835,0.051527,1.1049,0.78989,-0.051527,0.61108,9.7946,0,0,0,1
0.60919,0.025463,-0.79261,-3.9142,0.025463,0.99834,0.051642,1.1112,0.79261,-0.051642,0.60754,9.852,0,0,0,1
0.6057,0.025659,-0.79528,-3.9528,0.025659,0.99833,0.051753,1.1174,0.79528,-0.051753,0.60404,9.9086,0,0,0,1
0.60226,0.025853,-0.79788,-3.9911,0.025853,0.99832,0.051862,1.1235,0.79788,-0.051862,0.60058,9.9644,0,0,0,1
0.59886,0.026044,-0.80043,-4.0288,0.026044,0.99831,0.051967,1.1295,0.80043,-0.051967,0.59717,10.019,0,0,0,1
0.5955,0.026231,-0.80292,-4.0662,0.026231,0.9983,0.052069,1.1354,0.80292,-0.052069,0.5938,10.074,0,0,0,1
0.5922,0.026416,-0.80536,-4.103,0.026416,0.99829,0.052168,1.1412,0.80536,-0.052168,0.59048,10.127,0,0,0,1
0.58894,0.026598,-0.80774,-4.1394,0.026598,0.99828,0.052264,1.1469,0.80774,-0.052264,0.58721,10.179,0,0,0,1
0.58572,0.026776,-0.81007,-4.1753,0.026776,0.99827,0.052358,1.1525,0.81007,-0.052358,0.58399,10.231,0,0,0,1
0.58256,0.026952,-0.81234,-4.2107,0.026952,0.99826,0.052448,1.158,0.81234,-0.052448,0.58082,10.282,0,0,0,1
0.57945,0.027124,-0.81456,-4.2456,0.027124,0.99825,0.052536,1.1635,0.81456,-0.052536,0.5777,10.332,0,0,0,1
0.57639,0.027293,-0.81672,-4.2799,0.027293,0.99824,0.052621,1.1688,0.81672,-0.052621,0.57463,10.381,0,0,0,1
0.57338,0.027459,-0.81883,-4.3138,0.027459,0.99823,0.052704,1.174,0.81883,-0.052704,0.57161,10.429,0,0,0,1
0.57042,0.027622,-0.82089,-4.3471,0.027622,0.99822,0.052783,1.1792,0.82089,-0.052783,0.56864,10.476,0,0,0,1
0.56751,0.027782,-0.82289,-4.3798,0.027782,0.99822,0.052861,1.1842,0.82289,-0.052861,0.56573,10.522,0,0,0,1
0.56466,0.027938,-0.82485,-4.412,0.027938,0.99821,0.052936,1.1891,0.82485,-0.052936,0.56287,10.568,0,0,0,1
0.56187,0.028091,-0.82675,-4.4436,0.028091,0.9982,0.053008,1.194,0.82675,-0.053008,0.56007,10.612,0,0,0,1
0.55912,0.028241,-0.8286,-4.4746,0.028241,0.99819,0.053078,1.1987,0.8286,-0.053078,0.55732,10.656,0,0,0,1
0.55644,0.028388,-0.8304,-4.505,0.028388,0.99818,0.053145,1.2033,0.8304,-0.053145,0.55462,10.698,0,0,0,1
0.55381,0.028531,-0.83215,-4.5348,0.028531,0.99818,0.053211,1.2079,0.83215,-0.053211,0.55198,10.74,0,0,0,1
0.55124,0.028671,-0.83386,-4.564,0.028671,0.99817,0.053274,1.2123,0.83386,-0.053274,0.5494,10.781,0,0,0,1
0.54872,0.028807,-0.83551,-4.5926,0.028807,0.99816,0.053335,1.2166,0.83551,-0.053335,0.54688,10.82,0,0,0,1
0.54626,0.028941,-0.83711,-4.6206,0.028941,0.99815,0.053393,1.2208,0.83711,-0.053393,0.54442,10.859,0,0,0,1
0.54387,0.02907,-0.83867,-4.6479,0.02907,0.99815,0.05345,1.2249,0.83867,-0.05345,0.54201,10.897,0,0,0,1
0.54153,0.029197,-0.84018,-4.6745,0.029197,0.99814,0.053505,1.229,0.84018,-0.053505,0.53967,10.934,0,0,0,1
0.53925,0.02932,-0.84164,-4.7006,0.02932,0.99813,0.053557,1.2329,0.84164,-0.053557,0.53738,10.97,0,0,0,1
0.53703,0.029439,-0.84305,-4.7259,0.029439,0.99813,0.053607,1.2366,0.84305,-0.053607,0.53516,11.005,0,0,0,1
0.53487,0.029555,-0.84442,-4.7506,0.029555,0.99812,0.053656,1.2403,0.84442,-0.053656,0.53299,11.039,0,0,0,1
0.53278,0.029668,-0.84574,-4.7746,0.029668,0.99812,0.053703,1.2439,0.84574,-0.053703,0.53089,11.072,0,0,0,1
0.53074,0.029777,-0.84701,-4.7979,0.029777,0.99811,0.053747,1.2474,0.84701,-0.053747,0.52885,11.104,0,0,0,1
0.52877,0.029883,-0.84824,-4.8205,0.029883,0.99811,0.05379,1.2507,0.84824,-0.05379,0.52687,11.135,0,0,0,1
0.52686,0.029985,-0.84942,-4.8425,0.029985,0.9981,0.053831,1.254,0.84942,-0.053831,0.52496,11.165,0,0,0,1
0.52501,0.030084,-0.85056,-4.8637,0.030084,0.99809,0.053871,1.2571,0.85056,-0.053871,0.52311,11.194,0,0,0,1
0.52323,0.030179,-0.85166,-4.8842,0.030179,0.99809,0.053908,1.2602,0.85166,-0.053908,0.52132,11.222,0,0,0,1
0.52151,0.03027,-0.85271,-4.904,0.03027,0.99809,0.053944,1.2631,0.85271,-0.053944,0.5196,11.249,0,0,0,1
0.51986,0.030359,-0.85371,-4.923,0.030359,0.99808,0.053979,1.2659,0.85371,-0.053979,0.51794,11.275,0,0,0,1
0.51827,0.030443,-0.85468,-4.9413,0.030443,0.99808,0.054011,1.2686,0.85468,-0.054011,0.51634,11.3,0,0,0,1
0.51674,0.030524,-0.8556,-4.9589,0.030524,0.99807,0.054042,1.2712,0.8556,-0.054042,0.51481,11.323,0,0,0,1
0.51528,0.030602,-0.85647,-4.9758,0.030602,0.99807,0.054072,1.2737,0.85647,-0.054072,0.51335,11.346,0,0,0,1
0.51389,0.030676,-0.85731,-4.9919,0.030676,0.99806,0.0541,1.276,0.85731,-0.0541,0.51195,11.368,0,0,0,1
0.51256,0.030746,-0.8581,-5.0072,0.030746,0.99806,0.054126,1.2783,0.8581,-0.054126,0.51062,11.389,0,0,0,1
0.5113,0.030813,-0.85885,-5.0218,0.030813,0.99806,0.054151,1.2804,0.85885,-0.054151,0.50936,11.409,0,0,0,1
0.51011,0.030876,-0.85956,-5.0356,0.030876,0.99805,0.054174,1.2824,0.85956,-0.054174,0.50816,11.427,0,0,0,1
0.50898,0.030936,-0.86022,-5.0487,0.030936,0.99805,0.054196,1.2843,0.86022,-0.054196,0.50703,11.445,0,0,0,1
0.50792,0.030992,-0.86085,-5.061,0.030992,0.99805,0.054217,1.2861,0.86085,-0.054217,0.50597,11.461,0,0,0,1
0.50692,0.031044,-0.86143,-5.0725,0.031044,0.99805,0.054236,1.2878,0.86143,-0.054236,0.50497,11.477,0,0,0,1
0.506,0.031093,-0.86197,-5.0832,0.031093,0.99804,0.054254,1.2894,0.86197,-0.054254,0.50404,11.491,0,0,0,1
0.50514,0.031138,-0.86248,-5.0932,0.031138,0.99804,0.05427,1.2908,0.86248,-0.05427,0.50318,11.505,0,0,0,1
0.50435,0.03118,-0.86294,-5.1023,0.03118,0.99804,0.054285,1.2922,0.86294,-0.054285,0.50239,11.517,0,0,0,1
0.50363,0.031218,-0.86336,-5.1107,0.031218,0.99804,0.054298,1.2934,0.86336,-0.054298,0.50167,11.528,0,0,0,1
0.50297,0.031252,-0.86374,-5.1183,0.031252,0.99803,0.054311,1.2945,0.86374,-0.054311,0.50101,11.538,0,0,0,1
0.50239,0.031283,-0.86408,-5.1251,0.031283,0.99803,0.054322,1.2955,0.86408,-0.054322,0.50042,11.548,0,0,0,1
0.50187,0.03131,-0.86437,-5.1311,0.03131,0.99803,0.054331,1.2963,0.86437,-0.054331,0.49991,11.556,0,0,0,1
0.50143,0.031334,-0.86463,-5.1363,0.031334,0.99803,0.05434,1.2971,0.86463,-0.05434,0.49946,11.563,0,0,0,1
0.50105,0.031354,-0.86485,-5.1407,0.031354,0.99803,0.054347,1.2977,0.86485,-0.054347,0.49908,11.568,0,0,0,1
0.50074,0.03137,-0.86503,-5.1443,0.03137,0.99803,0.054352,1.2982,0.86503,-0.054352,0.49876,11.573,0,0,0,1
0.50049,0.031383,-0.86517,-5.1471,0.031383,0.99803,0.054357,1.2987,0.86517,-0.054357,0.49852,11.577,0,0,0,1
0.50032,0.031392,-0.86527,-5.1491,0.031392,0.99803,0.05436,1.2989,0.86527,-0.05436,0.49835,11.58,0,0,0,1
0.50022,0.031397,-0.86533,-5.1503,0.031397,0.99803,0.054362,1.2991,0.86533,-0.054362,0.49825,11.581,0,0,0,1
0.50018,0.031399,-0.86535,-5.1507,0.031399,0.99803,0.054363,1.2992,0.86535,-0.054363,0.49821,11.582,0,0,0,1
0.50018,0.031399,-0.86535,-5.1507,0.031399,0.99803,0.054363,1.2992,0.86535,-0.054363,0.49821,11.582,0,0,0,1
0.50022,0.031397,-0.86533,-5.1503,0.031397,0.99803,0.054362,1.2991,0.86533,-0.054362,0.49825,11.581,0,0,0,1
0.50032,0.031392,-0.86527,-5.1491,0.031392,0.99803,0.05436,1.2989,0.86527,-0.05436,0.49835,11.58,0,0,0,1
