0.50047,0.049967,0.86431,-5.3503,0.049967,0.995,-0.086455,-0.80091,-0.86431,0.086455,0.49547,-6.1995,0,0,0,1
0.5005,0.049963,0.86429,-5.3499,0.049963,0.995,-0.086452,-0.80089,-0.86429,0.086452,0.4955,-6.1994,0,0,0,1
0.5006,0.049952,0.86423,-5.3487,0.049952,0.995,-0.086445,-0.80082,-0.86423,0.086445,0.49561,-6.1989,0,0,0,1
0.50078,0.049933,0.86414,-5.3467,0.049933,0.99501,-0.086432,-0.80071,-0.86414,0.086432,0.49578,-6.1982,0,0,0,1
0.50102,0.049906,0.864,-5.3439,0.049906,0.99501,-0.086414,-0.80055,-0.864,0.086414,0.49603,-6.1972,0,0,0,1
0.50133,0.049872,0.86382,-5.3403,0.049872,0.99501,-0.08639,-0.80035,-0.86382,0.08639,0.49634,-6.1959,0,0,0,1
0.50171,0.04983,0.8636,-5.3359,0.04983,0.99502,-0.086362,-0.80011,-0.8636,0.086362,0.49672,-6.1943,0,0,0,1
0.50215,0.049781,0.86335,-5.3307,0.049781,0.99502,-0.086328,-0.79982,-0.86335,0.086328,0.49717,-6.1924,0,0,0,1
0.50267,0.049724,0.86305,-5.3248,0.049724,0.99503,-0.086289,-0.79949,-0.86305,0.086289,0.4977,-6.1903,0,0,0,1
0.50325,0.04966,0.86271,-5.318,0.04966,0.99504,-0.086245,-0.79911,-0.86271,0.086245,0.49829,-6.1878,0,0,0,1
0.50391,0.049588,0.86233,-5.3105,0.049588,0.99504,-0.086196,-0.79869,-0.86233,0.086196,0.49895,-6.1851,0,0,0,1
0.50463,0.049509,0.86192,-5.3022,0.049509,0.99505,-0.086142,-0.79822,-0.86192,0.086142,0.49968,-6.182,0,0,0,1
0.50541,0.049422,0.86146,-5.293,0.049422,0.99506,-0.086082,-0.79771,-0.86146,0.086082,0.50048,-6.1787,0,0,0,1
0.50627,0.049327,0.86096,-5.2831,0.049327,0.99507,-0.086017,-0.79715,-0.86096,0.086017,0.50134,-6.1751,0,0,0,1
0.5072,0.049226,0.86042,-5.2725,0.049226,0.99508,-0.085947,-0.79655,-0.86042,0.085947,0.50228,-6.1711,0,0,0,1
0.50819,0.049116,0.85984,-5.261,0.049116,0.99509,-0.085871,-0.7959,-0.85984,0.085871,0.50328,-6.1669,0,0,0,1
0.50925,0.049,0.85922,-5.2488,0.049,0.99511,-0.08579,-0.79521,-0.85922,0.08579,0.50435,-6.1624,0,0,0,1
0.51037,0.048876,0.85856,-5.2358,0.048876,0.99512,-0.085704,-0.79447,-0.85856,0.085704,0.50549,-6.1576,0,0,0,1
0.51157,0.048745,0.85786,-5.2221,0.048745,0.99514,-0.085613,-0.79369,-0.85786,0.085613,0.5067,-6.1525,0,0,0,1
0.51282,0.048607,0.85712,-5.2076,0.048607,0.99515,-0.085516,-0.79287,-0.85712,0.085516,0.50798,-6.1471,0,0,0,1
0.51415,0.048461,0.85633,-5.1923,0.048461,0.99517,-0.085414,-0.792,-0.85633,0.085414,0.50932,-6.1414,0,0,0,1
0.51554,0.048308,0.8555,-5.1763,0.048308,0.99518,-0.085307,-0.79108,-0.8555,0.085307,0.51072,-6.1354,0,0,0,1
0.517,0.048148,0.85463,-5.1595,0.048148,0.9952,-0.085194,-0.79012,-0.85463,0.085194,0.5122,-6.1291,0,0,0,1
0.51852,0.047981,0.85372,-5.142,0.047981,0.99522,-0.085076,-0.78911,-0.85372,0.085076,0.51374,-6.1225,0,0,0,1
0.52011,0.047807,0.85276,-5.1238,0.047807,0.99524,-0.084953,-0.78806,-0.85276,0.084953,0.51535,-6.1156,0,0,0,1
0.52176,0.047626,0.85176,-5.1048,0.047626,0.99526,-0.084824,-0.78696,-0.85176,0.084824,0.51702,-6.1083,0,0,0,1
0.52348,0.047438,0.85072,-5.0851,0.047438,0.99528,-0.084689,-0.78581,-0.85072,0.084689,0.51876,-6.1008,0,0,0,1
0.52526,0.047243,0.84963,-5.0647,0.047243,0.9953,-0.08455,-0.78462,-0.84963,0.08455,0.52056,-6.093,0,0,0,1
0.5271,0.047041,0.8485,-5.0436,0.047041,0.99532,-0.084404,-0.78339,-0.8485,0.084404,0.52242,-6.0848,0,0,0,1
0.52901,0.046833,0.84732,-5.0218,0.046833,0.99534,-0.084253,-0.78211,-0.84732,0.084253,0.52435,-6.0764,0,0,0,1
0.53098,0.046618,0.8461,-4.9993,0.046618,0.99537,-0.084097,-0.78078,-0.8461,0.084097,0.52635,-6.0676,0,0,0,1
0.53301,0.046396,0.84484,-4.9761,0.046396,0.99539,-0.083935,-0.77941,-0.84484,0.083935,0.5284,-6.0585,0,0,0,1
0.5351,0.046167,0.84352,-4.9522,0.046167,0.99542,-0.083768,-0.77798,-0.84352,0.083768,0.53052,-6.0491,0,0,0,1
0.53726,0.045932,0.84217,-4.9276,0.045932,0.99544,-0.083594,-0.77652,-0.84217,0.083594,0.5327,-6.0394,0,0,0,1
0.53948,0.045691,0.84076,-4.9023,0.045691,0.99547,-0.083416,-0.775,-0.84076,0.083416,0.53494,-6.0293,0,0,0,1
0.54175,0.045443,0.83931,-4.8764,0.045443,0.99549,-0.083231,-0.77344,-0.83931,0.083231,0.53725,-6.019,0,0,0,1
0.54409,0.045189,0.83781,-4.8498,0.045189,0.99552,-0.083041,-0.77184,-0.83781,0.083041,0.53961,-6.0083,0,0,0,1
0.54648,0.044928,0.83626,-4.8226,0.044928,0.99555,-0.082845,-0.77018,-0.83626,0.082845,0.54203,-5.9973,0,0,0,1
0.54894,0.044662,0.83467,-4.7948,0.044662,0.99558,-0.082644,-0.76848,-0.83467,0.082644,0.54451,-5.9859,0,0,0,1
0.55145,0.044389,0.83303,-4.7663,0.044389,0.99561,-0.082437,-0.76673,-0.83303,0.082437,0.54706,-5.9742,0,0,0,1
0.55402,0.04411,0.83134,-4.7371,0.04411,0.99564,-0.082224,-0.76494,-0.83134,0.082224,0.54965,-5.9622,0,0,0,1
0.55664,0.043825,0.82959,-4.7074,0.043825,0.99567,-0.082005,-0.7631,-0.82959,0.082005,0.55231,-5.9499,0,0,0,1
0.55933,0.043535,0.8278,-4.6771,0.043535,0.9957,-0.08178,-0.7612,-0.8278,0.08178,0.55503,-5.9372,0,0,0,1
0.56207,0.043239,0.82596,-4.6462,0.043239,0.99573,-0.08155,-0.75927,-0.82596,0.08155,0.5578,-5.9242,0,0,0,1
0.56486,0.042937,0.82407,-4.6146,0.042937,0.99576,-0.081313,-0.75728,-0.82407,0.081313,0.56062,-5.9108,0,0,0,1
0.56771,0.042629,0.82213,-4.5826,0.042629,0.9958,-0.081071,-0.75525,-0.82213,0.081071,0.5635,-5.8971,0,0,0,1
0.57061,0.042316,0.82013,-4.5499,0.042316,0.99583,-0.080823,-0.75316,-0.82013,0.080823,0.56644,-5.883,0,0,0,1
0.57356,0.041998,0.81808,-4.5167,0.041998,0.99586,-0.080569,-0.75103,-0.81808,0.080569,0.56943,-5.8686,0,0,0,1
0.57657,0.041674,0.81599,-4.4829,0.041674,0.9959,-0.080309,-0.74885,-0.81599,0.080309,0.57247,-5.8539,0,0,0,1
0.57963,0.041345,0.81383,-4.4486,0.041345,0.99593,-0.080042,-0.74662,-0.81383,0.080042,0.57556,-5.8388,0,0,0,1
0.58274,0.041011,0.81163,-4.4138,0.041011,0.99597,-0.07977,-0.74435,-0.81163,0.07977,0.57871,-5.8233,0,0,0,1
0.58589,0.040671,0.80937,-4.3784,0.040671,0.99601,-0.079492,-0.74202,-0.80937,0.079492,0.5819,-5.8075,0,0,0,1
0.5891,0.040327,0.80705,-4.3426,0.040327,0.99604,-0.079208,-0.73964,-0.80705,0.079208,0.58515,-5.7913,0,0,0,1
0.59236,0.039978,0.80468,-4.3062,0.039978,0.99608,-0.078917,-0.73722,-0.80468,0.078917,0.58844,-5.7748,0,0,0,1
0.59566,0.039625,0.80226,-4.2694,0.039625,0.99612,-0.078621,-0.73475,-0.80226,0.078621,0.59178,-5.7579,0,0,0,1
0.59902,0.039267,0.79977,-4.2321,0.039267,0.99615,-0.078318,-0.73222,-0.79977,0.078318,0.59517,-5.7406,0,0,0,1
0.60241,0.038904,0.79724,-4.1943,0.038904,0.99619,-0.078009,-0.72965,-0.79724,0.078009,0.59861,-5.7229,0,0,0,1
0.60586,0.038537,0.79464,-4.1561,0.038537,0.99623,-0.077695,-0.72703,-0.79464,0.077695,0.60209,-5.7049,0,0,0,1
0.60934,0.038165,0.79199,-4.1174,0.038165,0.99627,-0.077373,-0.72435,-0.79199,0.077373,0.60561,-5.6865,0,0,0,1
0.61287,0.03779,0.78928,-4.0783,0.03779,0.99631,-0.077046,-0.72163,-0.78928,0.077046,0.60918,-5.6677,0,0,0,1
0.61644,0.03741,0.78651,-4.0388,0.03741,0.99635,-0.076712,-0.71885,-0.78651,0.076712,0.6128,-5.6486,0,0,0,1
0.62006,0.037027,0.78368,-3.9989,0.037027,0.99639,-0.076372,-0.71603,-0.78368,0.076372,0.61645,-5.629,0,0,0,1
0.62371,0.036639,0.78079,-3.9586,0.036639,0.99643,-0.076026,-0.71315,-0.78079,0.076026,0.62015,-5.6091,0,0,0,1
0.62741,0.036248,0.77785,-3.9179,0.036248,0.99647,-0.075674,-0.71023,-0.77785,0.075674,0.62388,-5.5888,0,0,0,1
0.63114,0.035853,0.77484,-3.8768,0.035853,0.99652,-0.075315,-0.70725,-0.77484,0.075315,0.62765,-5.5681,0,0,0,1
0.63491,0.035455,0.77177,-3.8354,0.035455,0.99656,-0.07495,-0.70422,-0.77177,0.07495,0.63147,-5.5469,0,0,0,1
0.63872,0.035054,0.76864,-3.7936,0.035054,0.9966,-0.074578,-0.70114,-0.76864,0.074578,0.63532,-5.5254,0,0,0,1
0.64256,0.034649,0.76545,-3.7515,0.034649,0.99664,-0.074201,-0.69801,-0.76545,0.074201,0.6392,-5.5035,0,0,0,1
0.64644,0.034241,0.7622,-3.7091,0.034241,0.99668,-0.073817,-0.69482,-0.7622,0.073817,0.64312,-5.4812,0,0,0,1
0.65035,0.033831,0.75888,-3.6664,0.033831,0.99673,-0.073426,-0.69159,-0.75888,0.073426,0.64708,-5.4585,0,0,0,1
0.65429,0.033417,0.7555,-3.6234,0.033417,0.99677,-0.073029,-0.6883,-0.7555,0.073029,0.65106,-5.4354,0,0,0,1
0.65827,0.033001,0.75206,-3.5801,0.033001,0.99681,-0.072626,-0.68496,-0.75206,0.072626,0.65508,-5.4118,0,0,0,1
0.66227,0.032582,0.74855,-3.5365,0.032582,0.99686,-0.072216,-0.68157,-0.74855,0.072216,0.65913,-5.3879,0,0,0,1
0.66631,0.032161,0.74498,-3.4927,0.032161,0.9969,-0.0718,-0.67812,-0.74498,0.0718,0.66321,-5.3635,0,0,0,1
0.67037,0.031737,0.74135,-3.4487,0.031737,0.99694,-0.071378,-0.67463,-0.74135,0.071378,0.66732,-5.3387,0,0,0,1
0.67446,0.031311,0.73765,-3.4044,0.031311,0.99699,-0.070949,-0.67108,-0.73765,0.070949,0.67145,-5.3135,0,0,0,1
0.67858,0.030883,0.73388,-3.3599,0.030883,0.99703,-0.070514,-0.66747,-0.73388,0.070514,0.67561,-5.2879,0,0,0,1
0.68272,0.030454,0.73005,-3.3152,0.030454,0.99708,-0.070072,-0.66382,-0.73005,0.070072,0.6798,-5.2618,0,0,0,1
0.68688,0.030022,0.72615,-3.2703,0.030022,0.99712,-0.069624,-0.66011,-0.72615,0.069624,0.684,-5.2353,0,0,0,1
0.69107,0.029589,0.72218,-3.2252,0.029589,0.99717,-0.06917,-0.65635,-0.72218,0.06917,0.68824,-5.2084,0,0,0,1
0.69528,0.029154,0.71815,-3.18,0.029154,0.99721,-0.068709,-0.65253,-0.71815,0.068709,0.69249,-5.181,0,0,0,1
0.69951,0.028718,0.71405,-3.1346,0.028718,0.99726,-0.068242,-0.64866,-0.71405,0.068242,0.69676,-5.1532,0,0,0,1
0.70375,0.028281,0.70988,-3.0891,0.028281,0.9973,-0.067768,-0.64474,-0.70988,0.067768,0.70105,-5.125,0,0,0,1
0.70802,0.027843,0.70565,-3.0434,0.027843,0.99734,-0.067288,-0.64076,-0.70565,0.067288,0.70536,-5.0963,0,0,0,1
0.7123,0.027403,0.70134,-2.9977,0.027403,0.99739,-0.066802,-0.63673,-0.70134,0.066802,0.70969,-5.0672,0,0,0,1
0.71659,0.026963,0.69697,-2.9518,0.026963,0.99743,-0.06631,-0.63264,-0.69697,0.06631,0.71403,-5.0376,0,0,0,1
0.7209,0.026523,0.69253,-2.9059,0.026523,0.99748,-0.065811,-0.6285,-0.69253,0.065811,0.71838,-5.0076,0,0,0,1
0.72522,0.026081,0.68802,-2.8599,0.026081,0.99752,-0.065306,-0.6243,-0.68802,0.065306,0.72275,-4.9771,0,0,0,1
0.72956,0.02564,0.68344,-2.8139,0.02564,0.99757,-0.064794,-0.62006,-0.68344,0.064794,0.72713,-4.9461,0,0,0,1
0.7339,0.025198,0.67879,-2.7678,0.025198,0.99761,-0.064277,-0.61575,-0.67879,0.064277,0.73151,-4.9147,0,0,0,1
0.73825,0.024756,0.67407,-2.7217,0.024756,0.99766,-0.063753,-0.61139,-0.67407,0.063753,0.73591,-4.8829,0,0,0,1
0.74261,0.024314,0.66928,-2.6756,0.024314,0.9977,-0.063223,-0.60698,-0.66928,0.063223,0.74031,-4.8505,0,0,0,1
0.74698,0.023872,0.66442,-2.6295,0.023872,0.99775,-0.062686,-0.60251,-0.66442,0.062686,0.74472,-4.8177,0,0,0,1
0.75135,0.023431,0.65949,-2.5834,0.023431,0.99779,-0.062144,-0.59799,-0.65949,0.062144,0.74914,-4.7845,0,0,0,1
0.75572,0.02299,0.65449,-2.5373,0.02299,0.99784,-0.061595,-0.59341,-0.65449,0.061595,0.75356,-4.7507,0,0,0,1
0.76009,0.022549,0.64942,-2.4913,0.022549,0.99788,-0.061041,-0.58878,-0.64942,0.061041,0.75797,-4.7165,0,0,0,1
0.76447,0.02211,0.64428,-2.4453,0.02211,0.99792,-0.06048,-0.58409,-0.64428,0.06048,0.76239,-4.6819,0,0,0,1
0.76884,0.021671,0.63907,-2.3994,0.021671,0.99797,-0.059914,-0.57934,-0.63907,0.059914,0.76681,-4.6467,0,0,0,1
0.77322,0.021234,0.63379,-2.3536,0.021234,0.99801,-0.059341,-0.57454,-0.63379,0.059341,0.77123,-4.6111,0,0,0,1
0.77759,0.020797,0.62843,-2.3078,0.020797,0.99806,-0.058762,-0.56969,-0.62843,0.058762,0.77564,-4.5749,0,0,0,1
0.78195,0.020362,0.62301,-2.2622,0.020362,0.9981,-0.058178,-0.56478,-0.62301,0.058178,0.78005,-4.5383,0,0,0,1
0.78631,0.019928,0.61751,-2.2167,0.019928,0.99814,-0.057588,-0.55981,-0.61751,0.057588,0.78445,-4.5013,0,0,0,1
0.79066,0.019496,0.61195,-2.1714,0.019496,0.99818,-0.056992,-0.55479,-0.61195,0.056992,0.78884,-4.4637,0,0,0,1
0.795,0.019066,0.60631,-2.1262,0.019066,0.99823,-0.05639,-0.54971,-0.60631,0.05639,0.79323,-4.4256,0,0,0,1
0.79933,0.018638,0.6006,-2.0812,0.018638,0.99827,-0.055783,-0.54458,-0.6006,0.055783,0.7976,-4.3871,0,0,0,1
0.80365,0.018212,0.59483,-2.0363,0.018212,0.99831,-0.05517,-0.53939,-0.59483,0.05517,0.80196,-4.348,0,0,0,1
0.80795,0.017787,0.58898,-1.9916,0.017787,0.99835,-0.054551,-0.53414,-0.58898,0.054551,0.80631,-4.3085,0,0,0,1
0.81224,0.017366,0.58306,-1.9472,0.017366,0.99839,-0.053927,-0.52884,-0.58306,0.053927,0.81064,-4.2685,0,0,0,1
0.81652,0.016946,0.57707,-1.9029,0.016946,0.99843,-0.053298,-0.52348,-0.57707,0.053298,0.81495,-4.2279,0,0,0,1
0.82078,0.016529,0.57101,-1.8589,0.016529,0.99848,-0.052663,-0.51807,-0.57101,0.052663,0.81925,-4.1869,0,0,0,1
0.82501,0.016115,0.56488,-1.8152,0.016115,0.99852,-0.052023,-0.5126,-0.56488,0.052023,0.82353,-4.1454,0,0,0,1
0.82923,0.015704,0.55868,-1.7717,0.015704,0.99856,-0.051377,-0.50708,-0.55868,0.051377,0.82779,-4.1033,0,0,0,1
0.83343,0.015296,0.55241,-1.7284,0.015296,0.9986,-0.050727,-0.5015,-0.55241,0.050727,0.83202,-4.0608,0,0,0,1
0.8376,0.014891,0.54608,-1.6855,0.014891,0.99863,-0.050071,-0.49586,-0.54608,0.050071,0.83624,-4.0178,0,0,0,1
0.84175,0.014489,0.53967,-1.6428,0.014489,0.99867,-0.04941,-0.49017,-0.53967,0.04941,0.84042,-3.9742,0,0,0,1
0.84587,0.01409,0.5332,-1.6005,0.01409,0.99871,-0.048745,-0.48442,-0.5332,0.048745,0.84459,-3.9302,0,0,0,1
0.84997,0.013695,0.52665,-1.5584,0.013695,0.99875,-0.048074,-0.47862,-0.52665,0.048074,0.84872,-3.8856,0,0,0,1
0.85404,0.013304,0.52004,-1.5167,0.013304,0.99879,-0.047399,-0.47276,-0.52004,0.047399,0.85282,-3.8405,0,0,0,1
0.85807,0.012916,0.51337,-1.4754,0.012916,0.99882,-0.046719,-0.46685,-0.51337,0.046719,0.8569,-3.795,0,0,0,1
0.86208,0.012532,0.50662,-1.4344,0.012532,0.99886,-0.046035,-0.46088,-0.50662,0.046035,0.86094,-3.7489,0,0,0,1
0.86605,0.012153,0.49981,-1.3938,0.012153,0.9989,-0.045346,-0.45485,-0.49981,0.045346,0.86495,-3.7023,0,0,0,1
0.86999,0.011777,0.49293,-1.3535,0.011777,0.99893,-0.044652,-0.44877,-0.49293,0.044652,0.86892,-3.6552,0,0,0,1
0.87389,0.011406,0.48599,-1.3137,0.011406,0.99897,-0.043954,-0.44264,-0.48599,0.043954,0.87286,-3.6075,0,0,0,1
0.87776,0.011039,0.47898,-1.2742,0.011039,0.999,-0.043252,-0.43645,-0.47898,0.043252,0.87676,-3.5594,0,0,0,1
0.88158,0.010676,0.47191,-1.2352,0.010676,0.99904,-0.042546,-0.4302,-0.47191,0.042546,0.88062,-3.5108,0,0,0,1
0.88537,0.010318,0.46477,-1.1966,0.010318,0.99907,-0.041836,-0.4239,-0.46477,0.041836,0.88444,-3.4616,0,0,0,1
0.88912,0.0099649,0.45757,-1.1585,0.0099649,0.9991,-0.041122,-0.41754,-0.45757,0.041122,0.88822,-3.4119,0,0,0,1
0.89282,0.0096165,0.45031,-1.1208,0.0096165,0.99914,-0.040404,-0.41113,-0.45031,0.040404,0.89196,-3.3617,0,0,0,1
0.89648,0.009273,0.44298,-1.0835,0.009273,0.99917,-0.039682,-0.40467,-0.44298,0.039682,0.89565,-3.311,0,0,0,1
0.9001,0.0089344,0.43559,-1.0467,0.0089344,0.9992,-0.038957,-0.39815,-0.43559,0.038957,0.8993,-3.2598,0,0,0,1
0.90367,0.0086011,0.42815,-1.0104,0.0086011,0.99923,-0.038228,-0.39157,-0.42815,0.038228,0.9029,-3.2081,0,0,0,1
0.90719,0.0082729,0.42064,-0.97466,0.0082729,0.99926,-0.037495,-0.38495,-0.42064,0.037495,0.90645,-3.1559,0,0,0,1
0.91066,0.0079501,0.41307,-0.93937,0.0079501,0.99929,-0.03676,-0.37827,-0.41307,0.03676,0.90996,-3.1031,0,0,0,1
0.91409,0.0076327,0.40545,-0.9046,0.0076327,0.99932,-0.036021,-0.37153,-0.40545,0.036021,0.91341,-3.0499,0,0,0,1
0.91746,0.0073208,0.39776,-0.87035,0.0073208,0.99935,-0.035279,-0.36474,-0.39776,0.035279,0.91681,-2.9961,0,0,0,1
0.92078,0.0070145,0.39002,-0.83664,0.0070145,0.99938,-0.034534,-0.3579,-0.39002,0.034534,0.92016,-2.9418,0,0,0,1
0.92404,0.0067139,0.38223,-0.80347,0.0067139,0.99941,-0.033786,-0.351,-0.38223,0.033786,0.92345,-2.887,0,0,0,1
0.92726,0.0064191,0.37437,-0.77086,0.0064191,0.99943,-0.033036,-0.34406,-0.37437,0.033036,0.92669,-2.8317,0,0,0,1
0.93041,0.0061302,0.36647,-0.73882,0.0061302,0.99946,-0.032283,-0.33705,-0.36647,0.032283,0.92987,-2.7759,0,0,0,1
0.93351,0.0058472,0.35851,-0.70734,0.0058472,0.99949,-0.031527,-0.33,-0.35851,0.031527,0.93299,-2.7196,0,0,0,1
0.93655,0.0055703,0.3505,-0.67646,0.0055703,0.99951,-0.030769,-0.3229,-0.3505,0.030769,0.93606,-2.6627,0,0,0,1
0.93953,0.0052995,0.34243,-0.64616,0.0052995,0.99954,-0.030009,-0.31574,-0.34243,0.030009,0.93906,-2.6054,0,0,0,1
0.94245,0.0050348,0.33432,-0.61646,0.0050348,0.99956,-0.029246,-0.30853,-0.33432,0.029246,0.94201,-2.5475,0,0,0,1
0.9453,0.0047764,0.32615,-0.58738,0.0047764,0.99958,-0.028482,-0.30127,-0.32615,0.028482,0.94489,-2.4892,0,0,0,1
0.9481,0.0045243,0.31794,-0.55891,0.0045243,0.99961,-0.027716,-0.29396,-0.31794,0.027716,0.94771,-2.4304,0,0,0,1
0.95083,0.0042786,0.30968,-0.53107,0.0042786,0.99963,-0.026948,-0.28659,-0.30968,0.026948,0.95046,-2.371,0,0,0,1
0.9535,0.0040394,0.30137,-0.50386,0.0040394,0.99965,-0.026178,-0.27918,-0.30137,0.026178,0.95315,-2.3112,0,0,0,1
0.9561,0.0038066,0.29302,-0.47729,0.0038066,0.99967,-0.025407,-0.27172,-0.29302,0.025407,0.95577,-2.2508,0,0,0,1
0.95863,0.0035805,0.28463,-0.45138,0.0035805,0.99969,-0.024635,-0.26421,-0.28463,0.024635,0.95832,-2.19,0,0,0,1
0.9611,0.0033609,0.27619,-0.42612,0.0033609,0.99971,-0.023861,-0.25664,-0.27619,0.023861,0.96081,-2.1287,0,0,0,1
0.9635,0.0031481,0.2677,-0.40153,0.0031481,0.99973,-0.023087,-0.24903,-0.2677,0.023087,0.96322,-2.0669,0,0,0,1
0.96582,0.0029419,0.25918,-0.3776,0.0029419,0.99975,-0.022311,-0.24137,-0.25918,0.022311,0.96557,-2.0046,0,0,0,1
0.96808,0.0027426,0.25062,-0.35436,0.0027426,0.99976,-0.021534,-0.23366,-0.25062,0.021534,0.96785,-1.9418,0,0,0,1
0.97027,0.00255,0.24202,-0.3318,0.00255,0.99978,-0.020757,-0.22591,-0.24202,0.020757,0.97005,-1.8785,0,0,0,1
0.97238,0.0023643,0.23338,-0.30994,0.0023643,0.9998,-0.019979,-0.2181,-0.23338,0.019979,0.97218,-1.8148,0,0,0,1
0.97442,0.0021855,0.22471,-0.28877,0.0021855,0.99981,-0.019201,-0.21025,-0.22471,0.019201,0.97424,-1.7505,0,0,0,1
0.97639,0.0020136,0.216,-0.2683,0.0020136,0.99983,-0.018423,-0.20235,-0.216,0.018423,0.97622,-1.6858,0,0,0,1
0.97829,0.0018486,0.20725,-0.24855,0.0018486,0.99984,-0.017644,-0.19441,-0.20725,0.017644,0.97813,-1.6207,0,0,0,1
0.9801,0.0016907,0.19848,-0.2295,0.0016907,0.99986,-0.016866,-0.18642,-0.19848,0.016866,0.97996,-1.555,0,0,0,1
0.98185,0.0015397,0.18967,-0.21118,0.0015397,0.99987,-0.016087,-0.17838,-0.18967,0.016087,0.98172,-1.4889,0,0,0,1
0.98351,0.0013958,0.18084,-0.19359,0.0013958,0.99988,-0.015309,-0.1703,-0.18084,0.015309,0.98339,-1.4224,0,0,0,1
0.9851,0.0012589,0.17197,-0.17673,0.0012589,0.99989,-0.014531,-0.16217,-0.17197,0.014531,0.98499,-1.3553,0,0,0,1
0.98661,0.0011291,0.16308,-0.1606,0.0011291,0.9999,-0.013753,-0.154,-0.16308,0.013753,0.98652,-1.2879,0,0,0,1
0.98804,0.0010063,0.15416,-0.14521,0.0010063,0.99992,-0.012977,-0.14579,-0.15416,0.012977,0.98796,-1.2199,0,0,0,1
0.9894,0.00089066,0.14522,-0.13056,0.00089066,0.99993,-0.012201,-0.13753,-0.14522,0.012201,0.98932,-1.1515,0,0,0,1
0.99067,0.00078209,0.13626,-0.11667,0.00078209,0.99993,-0.011426,-0.12923,-0.13626,0.011426,0.99061,-1.0827,0,0,0,1
0.99187,0.00068062,0.12727,-0.10352,0.00068062,0.99994,-0.010652,-0.12089,-0.12727,0.010652,0.99181,-1.0134,0,0,0,1
0.99298,0.00058624,0.11827,-0.091132,0.00058624,0.99995,-0.0098789,-0.11251,-0.11827,0.0098789,0.99293,-0.94374,0,0,0,1
0.99402,0.00049896,0.10924,-0.079501,0.00049896,0.99996,-0.0091074,-0.10409,-0.10924,0.0091074,0.99397,-0.87361,0,0,0,1
0.99497,0.00041876,0.1002,-0.068632,0.00041876,0.99997,-0.0083374,-0.09562,-0.1002,0.0083374,0.99493,-0.80305,0,0,0,1
0.99584,0.00034565,0.091142,-0.058528,0.00034565,0.99997,-0.0075689,-0.087116,-0.091142,0.0075689,0.99581,-0.73207,0,0,0,1
0.99663,0.0002796,0.082069,-0.04919,0.0002796,0.99998,-0.0068022,-0.078571,-0.082069,0.0068022,0.9966,-0.66066,0,0,0,1
0.99733,0.00022061,0.072983,-0.040623,0.00022061,0.99998,-0.0060373,-0.069988,-0.072983,0.0060373,0.99731,-0.58884,0,0,0,1
0.99796,0.00016866,0.063886,-0.032827,0.00016866,0.99999,-0.0052744,-0.061367,-0.063886,0.0052744,0.99794,-0.51662,0,0,0,1
0.9985,0.00012372,0.054778,-0.025805,0.00012372,0.99999,-0.0045136,-0.052708,-0.054778,0.0045136,0.99849,-0.44399,0,0,0,1
0.99896,8.5777e-05,0.045662,-0.019558,8.5777e-05,0.99999,-0.0037551,-0.044013,-0.045662,0.0037551,0.99895,-0.37096,0,0,0,1
0.99933,5.4805e-05,0.036538,-0.014089,5.4805e-05,1,-0.0029988,-0.03528,-0.036538,0.0029988,0.99933,-0.29753,0,0,0,1
0.99962,3.0774e-05,0.027409,-0.0093971,3.0774e-05,1,-0.0022451,-0.026512,-0.027409,0.0022451,0.99962,-0.22372,0,0,0,1
0.99983,1.3652e-05,0.018275,-0.0054847,1.3652e-05,1,-0.001494,-0.017709,-0.018275,0.001494,0.99983,-0.14952,0,0,0,1
0.99996,3.4067e-06,0.0091383,-0.0023522,3.4067e-06,1,-0.00074556,-0.0088714,-0.0091383,0.00074556,0.99996,-0.074948,0,0,0,1
NaN,NaN,NaN,0,NaN,NaN,NaN,0,NaN,NaN,NaN,0,0,0,0,1
0.99996,3.3931e-06,-0.0091383,0.0015715,3.3931e-06,1,0.0007426,0.0089046,0.0091383,-0.0007426,0.99996,0.075315,0,0,0,1
0.99983,1.3544e-05,-0.018275,0.0023624,1.3544e-05,1,0.0014821,0.017842,0.018275,-0.0014821,0.99983,0.15099,0,0,0,1
0.99962,3.0408e-05,-0.027409,0.0023729,3.0408e-05,1,0.0022184,0.02681,0.027409,-0.0022184,0.99962,0.22702,0,0,0,1
0.99933,5.3938e-05,-0.036538,0.0016033,5.3938e-05,1,0.0029514,0.03581,0.036538,-0.0029514,0.99933,0.3034,0,0,0,1
0.99896,8.4084e-05,-0.045662,5.4388e-05,8.4084e-05,0.99999,0.003681,0.044841,0.045662,-0.003681,0.99895,0.38013,0,0,0,1
0.9985,0.0001208,-0.054778,-0.0022729,0.0001208,0.99999,0.004407,0.0539,0.054778,-0.004407,0.99849,0.45719,0,0,0,1
0.99796,0.00016402,-0.063886,-0.0053775,0.00016402,0.99999,0.0051293,0.062989,0.063886,-0.0051293,0.99794,0.53458,0,0,0,1
0.99733,0.00021369,-0.072983,-0.0092579,0.00021369,0.99998,0.0058479,0.072106,0.072983,-0.0058479,0.99732,0.6123,0,0,0,1
0.99663,0.00026975,-0.082069,-0.013913,0.00026975,0.99998,0.0065627,0.08125,0.082069,-0.0065627,0.99661,0.69033,0,0,0,1
0.99584,0.00033215,-0.091142,-0.01934,0.00033215,0.99997,0.0072734,0.090421,0.091142,-0.0072734,0.99581,0.76868,0,0,0,1
0.99497,0.00040082,-0.1002,-0.025537,0.00040082,0.99997,0.0079801,0.099618,0.1002,-0.0079801,0.99494,0.84733,0,0,0,1
0.99402,0.00047568,-0.10924,-0.032502,0.00047568,0.99996,0.0086826,0.10884,0.10924,-0.0086826,0.99398,0.92628,0,0,0,1
0.99298,0.00055668,-0.11827,-0.040233,0.00055668,0.99996,0.0093808,0.11809,0.11827,-0.0093808,0.99294,1.0055,0,0,0,1
0.99187,0.00064375,-0.12727,-0.048726,0.00064375,0.99995,0.010075,0.12736,0.12727,-0.010075,0.99182,1.085,0,0,0,1
0.99067,0.0007368,-0.13626,-0.057978,0.0007368,0.99994,0.010764,0.13665,0.13626,-0.010764,0.99061,1.1648,0,0,0,1
0.9894,0.00083577,-0.14522,-0.067987,0.00083577,0.99993,0.011449,0.14596,0.14522,-0.011449,0.98933,1.2449,0,0,0,1
0.98804,0.00094058,-0.15416,-0.078749,0.00094058,0.99993,0.012129,0.1553,0.15416,-0.012129,0.98797,1.3252,0,0,0,1
0.98661,0.0010511,-0.16308,-0.09026,0.0010511,0.99992,0.012804,0.16465,0.16308,-0.012804,0.98653,1.4058,0,0,0,1
0.9851,0.0011674,-0.17197,-0.10252,0.0011674,0.99991,0.013475,0.17403,0.17197,-0.013475,0.98501,1.4866,0,0,0,1
0.98351,0.0012893,-0.18084,-0.11551,0.0012893,0.9999,0.01414,0.18342,0.18084,-0.01414,0.98341,1.5677,0,0,0,1
0.98185,0.0014166,-0.18967,-0.12925,0.0014166,0.99989,0.014801,0.19283,0.18967,-0.014801,0.98174,1.649,0,0,0,1
0.9801,0.0015494,-0.19848,-0.14371,0.0015494,0.99988,0.015457,0.20226,0.19848,-0.015457,0.97998,1.7305,0,0,0,1
0.97829,0.0016876,-0.20726,-0.1589,0.0016876,0.99987,0.016107,0.21171,0.20726,-0.016107,0.97815,1.8123,0,0,0,1
0.97639,0.001831,-0.216,-0.17482,0.001831,0.99986,0.016752,0.22117,0.216,-0.016752,0.97625,1.8942,0,0,0,1
0.97442,0.0019795,-0.22471,-0.19145,0.0019795,0.99985,0.017392,0.23064,0.22471,-0.017392,0.97427,1.9763,0,0,0,1
0.97238,0.0021332,-0.23338,-0.20879,0.0021332,0.99984,0.018026,0.24012,0.23338,-0.018026,0.97222,2.0587,0,0,0,1
0.97027,0.0022918,-0.24202,-0.22684,0.0022918,0.99982,0.018655,0.24962,0.24202,-0.018655,0.97009,2.1412,0,0,0,1
0.96808,0.0024553,-0.25062,-0.24559,0.0024553,0.99981,0.019279,0.25913,0.25062,-0.019279,0.96789,2.2239,0,0,0,1
0.96582,0.0026236,-0.25919,-0.26503,0.0026236,0.9998,0.019897,0.26865,0.25919,-0.019897,0.96562,2.3067,0,0,0,1
0.9635,0.0027966,-0.26771,-0.28515,0.0027966,0.99979,0.020509,0.27818,0.26771,-0.020509,0.96328,2.3898,0,0,0,1
0.9611,0.0029742,-0.27619,-0.30596,0.0029742,0.99977,0.021116,0.28772,0.27619,-0.021116,0.96087,2.4729,0,0,0,1
0.95863,0.0031563,-0.28463,-0.32744,0.0031563,0.99976,0.021717,0.29727,0.28463,-0.021717,0.95839,2.5562,0,0,0,1
0.9561,0.0033428,-0.29303,-0.34959,0.0033428,0.99975,0.022312,0.30682,0.29303,-0.022312,0.95584,2.6396,0,0,0,1
0.9535,0.0035336,-0.30138,-0.3724,0.0035336,0.99973,0.022901,0.31638,0.30138,-0.022901,0.95323,2.7232,0,0,0,1
0.95083,0.0037286,-0.30969,-0.39586,0.0037286,0.99972,0.023484,0.32595,0.30969,-0.023484,0.95055,2.8069,0,0,0,1
0.9481,0.0039277,-0.31795,-0.41997,0.0039277,0.9997,0.024061,0.33551,0.31795,-0.024061,0.9478,2.8906,0,0,0,1
0.9453,0.0041308,-0.32617,-0.44471,0.0041308,0.99969,0.024633,0.34508,0.32617,-0.024633,0.94499,2.9745,0,0,0,1
0.94245,0.0043377,-0.33433,-0.47008,0.0043377,0.99967,0.025198,0.35466,0.33433,-0.025198,0.94212,3.0584,0,0,0,1
0.93953,0.0045485,-0.34245,-0.49607,0.0045485,0.99966,0.025757,0.36423,0.34245,-0.025757,0.93918,3.1425,0,0,0,1
0.93655,0.004763,-0.35051,-0.52267,0.004763,0.99964,0.02631,0.3738,0.35051,-0.02631,0.93619,3.2266,0,0,0,1
0.93351,0.004981,-0.35853,-0.54988,0.004981,0.99963,0.026857,0.38338,0.35853,-0.026857,0.93313,3.3107,0,0,0,1
0.93041,0.0052025,-0.36649,-0.57768,0.0052025,0.99961,0.027398,0.39294,0.36649,-0.027398,0.93002,3.3949,0,0,0,1
0.92725,0.0054273,-0.37439,-0.60607,0.0054273,0.9996,0.027932,0.40251,0.37439,-0.027932,0.92685,3.4791,0,0,0,1
0.92404,0.0056555,-0.38225,-0.63504,0.0056555,0.99958,0.028461,0.41207,0.38225,-0.028461,0.92362,3.5634,0,0,0,1
0.92078,0.0058867,-0.39005,-0.66457,0.0058867,0.99956,0.028983,0.42163,0.39005,-0.028983,0.92034,3.6477,0,0,0,1
0.91746,0.0061211,-0.39779,-0.69466,0.0061211,0.99955,0.029498,0.43118,0.39779,-0.029498,0.917,3.732,0,0,0,1
0.91408,0.0063583,-0.40547,-0.72531,0.0063583,0.99953,0.030008,0.44073,0.40547,-0.030008,0.91361,3.8162,0,0,0,1
0.91066,0.0065984,-0.4131,-0.75649,0.0065984,0.99951,0.030511,0.45026,0.4131,-0.030511,0.91017,3.9005,0,0,0,1
0.90719,0.0068412,-0.42067,-0.7882,0.0068412,0.9995,0.031008,0.45979,0.42067,-0.031008,0.90668,3.9848,0,0,0,1
0.90366,0.0070867,-0.42818,-0.82043,0.0070867,0.99948,0.031498,0.4693,0.42818,-0.031498,0.90314,4.069,0,0,0,1
0.90009,0.0073346,-0.43563,-0.85316,0.0073346,0.99946,0.031982,0.47881,0.43563,-0.031982,0.89956,4.1532,0,0,0,1
0.89648,0.007585,-0.44302,-0.8864,0.007585,0.99944,0.03246,0.4883,0.44302,-0.03246,0.89592,4.2373,0,0,0,1
0.89282,0.0078376,-0.45035,-0.92013,0.0078376,0.99943,0.032931,0.49778,0.45035,-0.032931,0.89224,4.3214,0,0,0,1
0.88911,0.0080924,-0.45762,-0.95433,0.0080924,0.99941,0.033396,0.50724,0.45762,-0.033396,0.88852,4.4054,0,0,0,1
0.88537,0.0083493,-0.46482,-0.989,0.0083493,0.99939,0.033855,0.51669,0.46482,-0.033855,0.88476,4.4893,0,0,0,1
0.88158,0.0086082,-0.47196,-1.0241,0.0086082,0.99937,0.034307,0.52612,0.47196,-0.034307,0.88095,4.5731,0,0,0,1
0.87775,0.008869,-0.47904,-1.0597,0.008869,0.99936,0.034753,0.53553,0.47904,-0.034753,0.87711,4.6568,0,0,0,1
0.87388,0.0091315,-0.48605,-1.0957,0.0091315,0.99934,0.035193,0.54493,0.48605,-0.035193,0.87322,4.7404,0,0,0,1
0.86998,0.0093957,-0.493,-1.1321,0.0093957,0.99932,0.035626,0.5543,0.493,-0.035626,0.8693,4.8239,0,0,0,1
0.86604,0.0096615,-0.49988,-1.169,0.0096615,0.9993,0.036053,0.56365,0.49988,-0.036053,0.86534,4.9073,0,0,0,1
0.86207,0.0099287,-0.50669,-1.2062,0.0099287,0.99929,0.036473,0.57298,0.50669,-0.036473,0.86135,4.9905,0,0,0,1
0.85806,0.010197,-0.51344,-1.2438,0.010197,0.99927,0.036888,0.58229,0.51344,-0.036888,0.85733,5.0735,0,0,0,1
0.85402,0.010467,-0.52013,-1.2818,0.010467,0.99925,0.037295,0.59157,0.52013,-0.037295,0.85327,5.1564,0,0,0,1
0.84996,0.010738,-0.52674,-1.3202,0.010738,0.99923,0.037697,0.60083,0.52674,-0.037697,0.84919,5.2391,0,0,0,1
0.84586,0.01101,-0.53329,-1.3589,0.01101,0.99921,0.038092,0.61006,0.53329,-0.038092,0.84507,5.3217,0,0,0,1
0.84174,0.011283,-0.53977,-1.3979,0.011283,0.9992,0.038482,0.61926,0.53977,-0.038482,0.84093,5.404,0,0,0,1
0.83759,0.011557,-0.54618,-1.4373,0.011557,0.99918,0.038865,0.62844,0.54618,-0.038865,0.83676,5.4861,0,0,0,1
0.83341,0.011831,-0.55252,-1.477,0.011831,0.99916,0.039241,0.63758,0.55252,-0.039241,0.83257,5.568,0,0,0,1
0.82922,0.012107,-0.5588,-1.517,0.012107,0.99914,0.039612,0.6467,0.5588,-0.039612,0.82836,5.6497,0,0,0,1
0.825,0.012382,-0.565,-1.5573,0.012382,0.99912,0.039976,0.65578,0.565,-0.039976,0.82412,5.7311,0,0,0,1
0.82076,0.012658,-0.57114,-1.5978,0.012658,0.99911,0.040335,0.66483,0.57114,-0.040335,0.81986,5.8123,0,0,0,1
0.8165,0.012935,-0.5772,-1.6387,0.012935,0.99909,0.040687,0.67384,0.5772,-0.040687,0.81559,5.8932,0,0,0,1
0.81222,0.013212,-0.5832,-1.6797,0.013212,0.99907,0.041033,0.68282,0.5832,-0.041033,0.81129,5.9739,0,0,0,1
0.80793,0.013489,-0.58912,-1.721,0.013489,0.99905,0.041374,0.69176,0.58912,-0.041374,0.80698,6.0542,0,0,0,1
0.80362,0.013766,-0.59498,-1.7626,0.013766,0.99904,0.041708,0.70067,0.59498,-0.041708,0.80266,6.1343,0,0,0,1
0.7993,0.014043,-0.60076,-1.8043,0.014043,0.99902,0.042036,0.70953,0.60076,-0.042036,0.79832,6.2141,0,0,0,1
0.79497,0.01432,-0.60648,-1.8463,0.01432,0.999,0.042359,0.71836,0.60648,-0.042359,0.79397,6.2935,0,0,0,1
0.79063,0.014597,-0.61212,-1.8884,0.014597,0.99898,0.042676,0.72714,0.61212,-0.042676,0.78961,6.3726,0,0,0,1
0.78628,0.014873,-0.6177,-1.9307,0.014873,0.99896,0.042986,0.73589,0.6177,-0.042986,0.78524,6.4514,0,0,0,1
0.78192,0.01515,-0.6232,-1.9732,0.01515,0.99895,0.043292,0.74459,0.6232,-0.043292,0.78086,6.5299,0,0,0,1
0.77755,0.015425,-0.62863,-2.0158,0.015425,0.99893,0.043591,0.75324,0.62863,-0.043591,0.77648,6.608,0,0,0,1
0.77318,0.0157,-0.63399,-2.0586,0.0157,0.99891,0.043885,0.76186,0.63399,-0.043885,0.77209,6.6857,0,0,0,1
0.76881,0.015975,-0.63928,-2.1014,0.015975,0.9989,0.044173,0.77042,0.63928,-0.044173,0.7677,6.763,0,0,0,1
0.76443,0.016249,-0.6445,-2.1444,0.016249,0.99888,0.044456,0.77894,0.6445,-0.044456,0.76331,6.84,0,0,0,1
0.76005,0.016522,-0.64965,-2.1875,0.016522,0.99886,0.044733,0.78741,0.64965,-0.044733,0.75891,6.9165,0,0,0,1
0.75568,0.016794,-0.65473,-2.2306,0.016794,0.99885,0.045004,0.79583,0.65473,-0.045004,0.75452,6.9927,0,0,0,1
0.7513,0.017066,-0.65974,-2.2739,0.017066,0.99883,0.045271,0.8042,0.65974,-0.045271,0.75013,7.0684,0,0,0,1
0.74693,0.017336,-0.66468,-2.3171,0.017336,0.99881,0.045532,0.81251,0.66468,-0.045532,0.74574,7.1437,0,0,0,1
0.74256,0.017605,-0.66955,-2.3604,0.017605,0.9988,0.045787,0.82078,0.66955,-0.045787,0.74136,7.2185,0,0,0,1
0.7382,0.017873,-0.67434,-2.4038,0.017873,0.99878,0.046038,0.82899,0.67434,-0.046038,0.73698,7.2929,0,0,0,1
0.73385,0.01814,-0.67907,-2.4471,0.01814,0.99876,0.046283,0.83715,0.67907,-0.046283,0.73261,7.3668,0,0,0,1
0.7295,0.018405,-0.68373,-2.4904,0.018405,0.99875,0.046523,0.84525,0.68373,-0.046523,0.72825,7.4403,0,0,0,1
0.72517,0.01867,-0.68832,-2.5338,0.01867,0.99873,0.046758,0.85329,0.68832,-0.046758,0.7239,7.5132,0,0,0,1
0.72084,0.018932,-0.69284,-2.5771,0.018932,0.99872,0.046988,0.86128,0.69284,-0.046988,0.71956,7.5857,0,0,0,1
0.71653,0.019193,-0.69729,-2.6203,0.019193,0.9987,0.047213,0.8692,0.69729,-0.047213,0.71523,7.6577,0,0,0,1
0.71223,0.019453,-0.70167,-2.6635,0.019453,0.99868,0.047433,0.87707,0.70167,-0.047433,0.71092,7.7291,0,0,0,1
0.70795,0.019711,-0.70599,-2.7067,0.019711,0.99867,0.047648,0.88487,0.70599,-0.047648,0.70662,7.8,0,0,0,1
0.70368,0.019967,-0.71023,-2.7497,0.019967,0.99865,0.047859,0.89262,0.71023,-0.047859,0.70234,7.8704,0,0,0,1
0.69943,0.020222,-0.71441,-2.7927,0.020222,0.99864,0.048065,0.9003,0.71441,-0.048065,0.69807,7.9403,0,0,0,1
0.6952,0.020474,-0.71852,-2.8355,0.020474,0.99862,0.048266,0.90791,0.71852,-0.048266,0.69383,8.0096,0,0,0,1
0.69099,0.020725,-0.72257,-2.8782,0.020725,0.99861,0.048463,0.91546,0.72257,-0.048463,0.6896,8.0783,0,0,0,1
0.6868,0.020974,-0.72654,-2.9208,0.020974,0.9986,0.048655,0.92295,0.72654,-0.048655,0.6854,8.1464,0,0,0,1
0.68263,0.021221,-0.73045,-2.9633,0.021221,0.99858,0.048842,0.93036,0.73045,-0.048842,0.68121,8.214,0,0,0,1
0.67849,0.021466,-0.7343,-3.0055,0.021466,0.99857,0.049025,0.93771,0.7343,-0.049025,0.67706,8.281,0,0,0,1
0.67437,0.021708,-0.73807,-3.0477,0.021708,0.99855,0.049204,0.94499,0.73807,-0.049204,0.67292,8.3473,0,0,0,1
0.67028,0.021949,-0.74179,-3.0896,0.021949,0.99854,0.049379,0.9522,0.74179,-0.049379,0.66882,8.4131,0,0,0,1
0.66621,0.022187,-0.74543,-3.1313,0.022187,0.99853,0.049549,0.95934,0.74543,-0.049549,0.66474,8.4782,0,0,0,1
0.66217,0.022423,-0.74901,-3.1728,0.022423,0.99851,0.049715,0.96641,0.74901,-0.049715,0.66069,8.5427,0,0,0,1
0.65817,0.022657,-0.75253,-3.214,0.022657,0.9985,0.049878,0.9734,0.75253,-0.049878,0.65666,8.6065,0,0,0,1
0.65419,0.022888,-0.75599,-3.2551,0.022888,0.99849,0.050036,0.98032,0.75599,-0.050036,0.65267,8.6697,0,0,0,1
0.65024,0.023117,-0.75938,-3.2958,0.023117,0.99847,0.05019,0.98716,0.75938,-0.05019,0.64871,8.7322,0,0,0,1
0.64633,0.023343,-0.7627,-3.3364,0.023343,0.99846,0.05034,0.99393,0.7627,-0.05034,0.64478,8.7941,0,0,0,1
0.64244,0.023567,-0.76597,-3.3766,0.023567,0.99845,0.050486,1.0006,0.76597,-0.050486,0.64089,8.8552,0,0,0,1
0.6386,0.023788,-0.76917,-3.4165,0.023788,0.99843,0.050629,1.0072,0.76917,-0.050629,0.63703,8.9157,0,0,0,1
0.63479,0.024007,-0.77231,-3.4562,0.024007,0.99842,0.050768,1.0138,0.77231,-0.050768,0.63321,8.9755,0,0,0,1
0.63101,0.024223,-0.77539,-3.4955,0.024223,0.99841,0.050903,1.0202,0.77539,-0.050903,0.62942,9.0346,0,0,0,1
0.62728,0.024437,-0.77841,-3.5345,0.024437,0.9984,0.051035,1.0266,0.77841,-0.051035,0.62568,9.0929,0,0,0,1
0.62358,0.024647,-0.78137,-3.5732,0.024647,0.99839,0.051163,1.0329,0.78137,-0.051163,0.62197,9.1506,0,0,0,1
0.61992,0.024855,-0.78427,-3.6115,0.024855,0.99837,0.051288,1.0391,0.78427,-0.051288,0.6183,9.2075,0,0,0,1
0.6163,0.025061,-0.78711,-3.6494,0.025061,0.99836,0.051409,1.0452,0.78711,-0.051409,0.61467,9.2636,0,0,0,1
0.61273,0.025263,-0.78989,-3.687,0.025263,0.99835,0.051527,1.0513,0.78989,-0.051527,0.61108,9.319,0,0,0,1
0.60919,0.025463,-0.79261,-3.7241,0.025463,0.99834,0.051642,1.0573,0.79261,-0.051642,0.60754,9.3737,0,0,0,1
0.6057,0.025659,-0.79528,-3.7609,0.025659,0.99833,0.051753,1.0631,0.79528,-0.051753,0.60404,9.4275,0,0,0,1
0.60226,0.025853,-0.79788,-3.7973,0.025853,0.99832,0.051862,1.0689,0.79788,-0.051862,0.60058,9.4806,0,0,0,1
0.59886,0.026044,-0.80043,-3.8332,0.026044,0.99831,0.051967,1.0746,0.80043,-0.051967,0.59717,9.5329,0,0,0,1
0.5955,0.026231,-0.80292,-3.8687,0.026231,0.9983,0.052069,1.0802,0.80292,-0.052069,0.5938,9.5845,0,0,0,1
0.5922,0.026416,-0.80536,-3.9038,0.026416,0.99829,0.052168,1.0858,0.80536,-0.052168,0.59048,9.6352,0,0,0,1
0.58894,0.026598,-0.80774,-3.9384,0.026598,0.99828,0.052264,1.0912,0.80774,-0.052264,0.58721,9.6851,0,0,0,1
0.58572,0.026776,-0.81007,-3.9726,0.026776,0.99827,0.052358,1.0966,0.81007,-0.052358,0.58399,9.7342,0,0,0,1
0.58256,0.026952,-0.81234,-4.0063,0.026952,0.99826,0.052448,1.1018,0.81234,-0.052448,0.58082,9.7825,0,0,0,1
0.57945,0.027124,-0.81456,-4.0395,0.027124,0.99825,0.052536,1.107,0.81456,-0.052536,0.5777,9.8299,0,0,0,1
0.57639,0.027293,-0.81672,-4.0721,0.027293,0.99824,0.052621,1.112,0.81672,-0.052621,0.57463,9.8765,0,0,0,1
0.57338,0.027459,-0.81883,-4.1043,0.027459,0.99823,0.052704,1.117,0.81883,-0.052704,0.57161,9.9223,0,0,0,1
0.57042,0.027622,-0.82089,-4.136,0.027622,0.99822,0.052783,1.1219,0.82089,-0.052783,0.56864,9.9672,0,0,0,1
0.56751,0.027782,-0.82289,-4.1671,0.027782,0.99822,0.052861,1.1267,0.82289,-0.052861,0.56573,10.011,0,0,0,1
0.56466,0.027938,-0.82485,-4.1978,0.027938,0.99821,0.052936,1.1314,0.82485,-0.052936,0.56287,10.054,0,0,0,1
0.56187,0.028091,-0.82675,-4.2278,0.028091,0.9982,0.053008,1.136,0.82675,-0.053008,0.56007,10.097,0,0,0,1
0.55912,0.028241,-0.8286,-4.2573,0.028241,0.99819,0.053078,1.1405,0.8286,-0.053078,0.55732,10.138,0,0,0,1
0.55644,0.028388,-0.8304,-4.2863,0.028388,0.99818,0.053145,1.1449,0.8304,-0.053145,0.55462,10.179,0,0,0,1
0.55381,0.028531,-0.83215,-4.3146,0.028531,0.99818,0.053211,1.1492,0.83215,-0.053211,0.55198,10.218,0,0,0,1
0.55124,0.028671,-0.83386,-4.3424,0.028671,0.99817,0.053274,1.1534,0.83386,-0.053274,0.5494,10.257,0,0,0,1
0.54872,0.028807,-0.83551,-4.3696,0.028807,0.99816,0.053335,1.1575,0.83551,-0.053335,0.54688,10.295,0,0,0,1
0.54626,0.028941,-0.83711,-4.3962,0.028941,0.99815,0.053393,1.1616,0.83711,-0.053393,0.54442,10.332,0,0,0,1
0.54387,0.02907,-0.83867,-4.4222,0.02907,0.99815,0.05345,1.1655,0.83867,-0.05345,0.54201,10.368,0,0,0,1
0.54153,0.029197,-0.84018,-4.4476,0.029197,0.99814,0.053505,1.1693,0.84018,-0.053505,0.53967,10.403,0,0,0,1
0.53925,0.02932,-0.84164,-4.4723,0.02932,0.99813,0.053557,1.173,0.84164,-0.053557,0.53738,10.437,0,0,0,1
0.53703,0.029439,-0.84305,-4.4965,0.029439,0.99813,0.053607,1.1766,0.84305,-0.053607,0.53516,10.471,0,0,0,1
0.53487,0.029555,-0.84442,-4.5199,0.029555,0.99812,0.053656,1.1801,0.84442,-0.053656,0.53299,10.503,0,0,0,1
0.53278,0.029668,-0.84574,-4.5428,0.029668,0.99812,0.053703,1.1835,0.84574,-0.053703,0.53089,10.534,0,0,0,1
0.53074,0.029777,-0.84701,-4.565,0.029777,0.99811,0.053747,1.1868,0.84701,-0.053747,0.52885,10.565,0,0,0,1
0.52877,0.029883,-0.84824,-4.5865,0.029883,0.99811,0.05379,1.19,0.84824,-0.05379,0.52687,10.594,0,0,0,1
0.52686,0.029985,-0.84942,-4.6073,0.029985,0.9981,0.053831,1.1931,0.84942,-0.053831,0.52496,10.623,0,0,0,1
0.52501,0.030084,-0.85056,-4.6275,0.030084,0.99809,0.053871,1.1961,0.85056,-0.053871,0.52311,10.65,0,0,0,1
0.52323,0.030179,-0.85166,-4.647,0.030179,0.99809,0.053908,1.199,0.85166,-0.053908,0.52132,10.677,0,0,0,1
0.52151,0.03027,-0.85271,-4.6659,0.03027,0.99809,0.053944,1.2018,0.85271,-0.053944,0.5196,10.703,0,0,0,1
0.51986,0.030359,-0.85371,-4.684,0.030359,0.99808,0.053979,1.2044,0.85371,-0.053979,0.51794,10.727,0,0,0,1
0.51827,0.030443,-0.85468,-4.7014,0.030443,0.99808,0.054011,1.207,0.85468,-0.054011,0.51634,10.751,0,0,0,1
0.51674,0.030524,-0.8556,-4.7182,0.030524,0.99807,0.054042,1.2095,0.8556,-0.054042,0.51481,10.774,0,0,0,1
0.51528,0.030602,-0.85647,-4.7342,0.030602,0.99807,0.054072,1.2118,0.85647,-0.054072,0.51335,10.795,0,0,0,1
0.51389,0.030676,-0.85731,-4.7495,0.030676,0.99806,0.0541,1.2141,0.85731,-0.0541,0.51195,10.816,0,0,0,1
0.51256,0.030746,-0.8581,-4.7641,0.030746,0.99806,0.054126,1.2162,0.8581,-0.054126,0.51062,10.836,0,0,0,1
0.5113,0.030813,-0.85885,-4.778,0.030813,0.99806,0.054151,1.2182,0.85885,-0.054151,0.50936,10.855,0,0,0,1
0.51011,0.030876,-0.85956,-4.7911,0.030876,0.99805,0.054174,1.2202,0.85956,-0.054174,0.50816,10.872,0,0,0,1
0.50898,0.030936,-0.86022,-4.8036,0.030936,0.99805,0.054196,1.222,0.86022,-0.054196,0.50703,10.889,0,0,0,1
0.50792,0.030992,-0.86085,-4.8152,0.030992,0.99805,0.054217,1.2237,0.86085,-0.054217,0.50597,10.905,0,0,0,1
0.50692,0.031044,-0.86143,-4.8262,0.031044,0.99805,0.054236,1.2253,0.86143,-0.054236,0.50497,10.92,0,0,0,1
0.506,0.031093,-0.86197,-4.8364,0.031093,0.99804,0.054254,1.2268,0.86197,-0.054254,0.50404,10.933,0,0,0,1
0.50514,0.031138,-0.86248,-4.8459,0.031138,0.99804,0.05427,1.2281,0.86248,-0.05427,0.50318,10.946,0,0,0,1
0.50435,0.03118,-0.86294,-4.8546,0.03118,0.99804,0.054285,1.2294,0.86294,-0.054285,0.50239,10.958,0,0,0,1
0.50363,0.031218,-0.86336,-4.8626,0.031218,0.99804,0.054298,1.2306,0.86336,-0.054298,0.50167,10.969,0,0,0,1
0.50297,0.031252,-0.86374,-4.8698,0.031252,0.99803,0.054311,1.2316,0.86374,-0.054311,0.50101,10.978,0,0,0,1
0.50239,0.031283,-0.86408,-4.8762,0.031283,0.99803,0.054322,1.2326,0.86408,-0.054322,0.50042,10.987,0,0,0,1
0.50187,0.03131,-0.86437,-4.882,0.03131,0.99803,0.054331,1.2334,0.86437,-0.054331,0.49991,10.995,0,0,0,1
0.50143,0.031334,-0.86463,-4.8869,0.031334,0.99803,0.05434,1.2341,0.86463,-0.05434,0.49946,11.001,0,0,0,1
0.50105,0.031354,-0.86485,-4.8911,0.031354,0.99803,0.054347,1.2347,0.86485,-0.054347,0.49908,11.007,0,0,0,1
0.50074,0.03137,-0.86503,-4.8945,0.03137,0.99803,0.054352,1.2352,0.86503,-0.054352,0.49876,11.011,0,0,0,1
0.50049,0.031383,-0.86517,-4.8972,0.031383,0.99803,0.054357,1.2356,0.86517,-0.054357,0.49852,11.015,0,0,0,1
0.50032,0.031392,-0.86527,-4.8991,0.031392,0.99803,0.05436,1.2359,0.86527,-0.05436,0.49835,11.018,0,0,0,1
0.50022,0.031397,-0.86533,-4.9003,0.031397,0.99803,0.054362,1.236,0.86533,-0.054362,0.49825,11.019,0,0,0,1
0.50018,0.031399,-0.86535,-4.9006,0.031399,0.99803,0.054363,1.2361,0.86535,-0.054363,0.49821,11.02,0,0,0,1
0.50018,0.031399,-0.86535,-4.9006,0.031399,0.99803,0.054363,1.2361,0.86535,-0.054363,0.49821,11.02,0,0,0,1
0.50022,0.031397,-0.86533,-4.9003,0.031397,0.99803,0.054362,1.236,0.86533,-0.054362,0.49825,11.019,0,0,0,1
0.50032,0.031392,-0.86527,-4.8991,0.031392,0.99803,0.05436,1.2359,0.86527,-0.05436,0.49835,11.018,0,0,0,1
