0.50047,0.049967,0.86431,-5.9346,0.049967,0.995,-0.086455,-0.88838,-0.86431,0.086455,0.49547,-6.8766,0,0,0,1
0.5005,0.049963,0.86429,-5.9342,0.049963,0.995,-0.086452,-0.88836,-0.86429,0.086452,0.4955,-6.8765,0,0,0,1
0.5006,0.049952,0.86423,-5.9328,0.049952,0.995,-0.086445,-0.88828,-0.86423,0.086445,0.49561,-6.876,0,0,0,1
0.50078,0.049933,0.86414,-5.9306,0.049933,0.99501,-0.086432,-0.88816,-0.86414,0.086432,0.49578,-6.8752,0,0,0,1
0.50102,0.049906,0.864,-5.9275,0.049906,0.99501,-0.086414,-0.88799,-0.864,0.086414,0.49603,-6.8741,0,0,0,1
0.50133,0.049872,0.86382,-5.9236,0.049872,0.99501,-0.08639,-0.88777,-0.86382,0.08639,0.49634,-6.8726,0,0,0,1
0.50171,0.04983,0.8636,-5.9187,0.04983,0.99502,-0.086362,-0.88749,-0.8636,0.086362,0.49672,-6.8709,0,0,0,1
0.50215,0.049781,0.86335,-5.913,0.049781,0.99502,-0.086328,-0.88717,-0.86335,0.086328,0.49717,-6.8688,0,0,0,1
0.50267,0.049724,0.86305,-5.9063,0.049724,0.99503,-0.086289,-0.8868,-0.86305,0.086289,0.4977,-6.8664,0,0,0,1
0.50325,0.04966,0.86271,-5.8988,0.04966,0.99504,-0.086245,-0.88638,-0.86271,0.086245,0.49829,-6.8636,0,0,0,1
0.50391,0.049588,0.86233,-5.8905,0.049588,0.99504,-0.086196,-0.88592,-0.86233,0.086196,0.49895,-6.8606,0,0,0,1
0.50463,0.049509,0.86192,-5.8812,0.049509,0.99505,-0.086142,-0.8854,-0.86192,0.086142,0.49968,-6.8572,0,0,0,1
0.50541,0.049422,0.86146,-5.8711,0.049422,0.99506,-0.086082,-0.88483,-0.86146,0.086082,0.50048,-6.8535,0,0,0,1
0.50627,0.049327,0.86096,-5.8602,0.049327,0.99507,-0.086017,-0.88421,-0.86096,0.086017,0.50134,-6.8495,0,0,0,1
0.5072,0.049226,0.86042,-5.8483,0.049226,0.99508,-0.085947,-0.88354,-0.86042,0.085947,0.50228,-6.8451,0,0,0,1
0.50819,0.049116,0.85984,-5.8356,0.049116,0.99509,-0.085871,-0.88283,-0.85984,0.085871,0.50328,-6.8405,0,0,0,1
0.50925,0.049,0.85922,-5.8221,0.049,0.99511,-0.08579,-0.88206,-0.85922,0.08579,0.50435,-6.8355,0,0,0,1
0.51037,0.048876,0.85856,-5.8077,0.048876,0.99512,-0.085704,-0.88125,-0.85856,0.085704,0.50549,-6.8301,0,0,0,1
0.51157,0.048745,0.85786,-5.7924,0.048745,0.99514,-0.085613,-0.88038,-0.85786,0.085613,0.5067,-6.8245,0,0,0,1
0.51282,0.048607,0.85712,-5.7763,0.048607,0.99515,-0.085516,-0.87946,-0.85712,0.085516,0.50798,-6.8185,0,0,0,1
0.51415,0.048461,0.85633,-5.7594,0.048461,0.99517,-0.085414,-0.8785,-0.85633,0.085414,0.50932,-6.8121,0,0,0,1
0.51554,0.048308,0.8555,-5.7416,0.048308,0.99518,-0.085307,-0.87748,-0.8555,0.085307,0.51072,-6.8055,0,0,0,1
0.517,0.048148,0.85463,-5.723,0.048148,0.9952,-0.085194,-0.87641,-0.85463,0.085194,0.5122,-6.7985,0,0,0,1
0.51852,0.047981,0.85372,-5.7036,0.047981,0.99522,-0.085076,-0.87529,-0.85372,0.085076,0.51374,-6.7912,0,0,0,1
0.52011,0.047807,0.85276,-5.6834,0.047807,0.99524,-0.084953,-0.87413,-0.85276,0.084953,0.51535,-6.7835,0,0,0,1
0.52176,0.047626,0.85176,-5.6624,0.047626,0.99526,-0.084824,-0.87291,-0.85176,0.084824,0.51702,-6.7755,0,0,0,1
0.52348,0.047438,0.85072,-5.6405,0.047438,0.99528,-0.084689,-0.87164,-0.85072,0.084689,0.51876,-6.7671,0,0,0,1
0.52526,0.047243,0.84963,-5.6179,0.047243,0.9953,-0.08455,-0.87032,-0.84963,0.08455,0.52056,-6.7584,0,0,0,1
0.5271,0.047041,0.8485,-5.5945,0.047041,0.99532,-0.084404,-0.86895,-0.8485,0.084404,0.52242,-6.7494,0,0,0,1
0.52901,0.046833,0.84732,-5.5703,0.046833,0.99534,-0.084253,-0.86753,-0.84732,0.084253,0.52435,-6.74,0,0,0,1
0.53098,0.046618,0.8461,-5.5453,0.046618,0.99537,-0.084097,-0.86605,-0.8461,0.084097,0.52635,-6.7303,0,0,0,1
0.53301,0.046396,0.84484,-5.5195,0.046396,0.99539,-0.083935,-0.86453,-0.84484,0.083935,0.5284,-6.7202,0,0,0,1
0.5351,0.046167,0.84352,-5.493,0.046167,0.99542,-0.083768,-0.86295,-0.84352,0.083768,0.53052,-6.7098,0,0,0,1
0.53726,0.045932,0.84217,-5.4657,0.045932,0.99544,-0.083594,-0.86133,-0.84217,0.083594,0.5327,-6.699,0,0,0,1
0.53948,0.045691,0.84076,-5.4377,0.045691,0.99547,-0.083416,-0.85965,-0.84076,0.083416,0.53494,-6.6878,0,0,0,1
0.54175,0.045443,0.83931,-5.409,0.045443,0.99549,-0.083231,-0.85792,-0.83931,0.083231,0.53725,-6.6763,0,0,0,1
0.54409,0.045189,0.83781,-5.3795,0.045189,0.99552,-0.083041,-0.85614,-0.83781,0.083041,0.53961,-6.6645,0,0,0,1
0.54648,0.044928,0.83626,-5.3493,0.044928,0.99555,-0.082845,-0.8543,-0.83626,0.082845,0.54203,-6.6523,0,0,0,1
0.54894,0.044662,0.83467,-5.3184,0.044662,0.99558,-0.082644,-0.85241,-0.83467,0.082644,0.54451,-6.6397,0,0,0,1
0.55145,0.044389,0.83303,-5.2868,0.044389,0.99561,-0.082437,-0.85048,-0.83303,0.082437,0.54706,-6.6267,0,0,0,1
0.55402,0.04411,0.83134,-5.2545,0.04411,0.99564,-0.082224,-0.84848,-0.83134,0.082224,0.54965,-6.6134,0,0,0,1
0.55664,0.043825,0.82959,-5.2216,0.043825,0.99567,-0.082005,-0.84644,-0.82959,0.082005,0.55231,-6.5997,0,0,0,1
0.55933,0.043535,0.8278,-5.1879,0.043535,0.9957,-0.08178,-0.84434,-0.8278,0.08178,0.55503,-6.5856,0,0,0,1
0.56207,0.043239,0.82596,-5.1536,0.043239,0.99573,-0.08155,-0.84219,-0.82596,0.08155,0.5578,-6.5712,0,0,0,1
0.56486,0.042937,0.82407,-5.1186,0.042937,0.99576,-0.081313,-0.83999,-0.82407,0.081313,0.56062,-6.5564,0,0,0,1
0.56771,0.042629,0.82213,-5.083,0.042629,0.9958,-0.081071,-0.83773,-0.82213,0.081071,0.5635,-6.5412,0,0,0,1
0.57061,0.042316,0.82013,-5.0468,0.042316,0.99583,-0.080823,-0.83542,-0.82013,0.080823,0.56644,-6.5256,0,0,0,1
0.57356,0.041998,0.81808,-5.01,0.041998,0.99586,-0.080569,-0.83306,-0.81808,0.080569,0.56943,-6.5096,0,0,0,1
0.57657,0.041674,0.81599,-4.9725,0.041674,0.9959,-0.080309,-0.83064,-0.81599,0.080309,0.57247,-6.4932,0,0,0,1
0.57963,0.041345,0.81383,-4.9345,0.041345,0.99593,-0.080042,-0.82817,-0.81383,0.080042,0.57556,-6.4765,0,0,0,1
0.58274,0.041011,0.81163,-4.8958,0.041011,0.99597,-0.07977,-0.82564,-0.81163,0.07977,0.57871,-6.4593,0,0,0,1
0.58589,0.040671,0.80937,-4.8566,0.040671,0.99601,-0.079492,-0.82306,-0.80937,0.079492,0.5819,-6.4418,0,0,0,1
0.5891,0.040327,0.80705,-4.8168,0.040327,0.99604,-0.079208,-0.82043,-0.80705,0.079208,0.58515,-6.4238,0,0,0,1
0.59236,0.039978,0.80468,-4.7765,0.039978,0.99608,-0.078917,-0.81774,-0.80468,0.078917,0.58844,-6.4055,0,0,0,1
0.59566,0.039625,0.80226,-4.7357,0.039625,0.99612,-0.078621,-0.81499,-0.80226,0.078621,0.59178,-6.3867,0,0,0,1
0.59902,0.039267,0.79977,-4.6943,0.039267,0.99615,-0.078318,-0.81219,-0.79977,0.078318,0.59517,-6.3676,0,0,0,1
0.60241,0.038904,0.79724,-4.6524,0.038904,0.99619,-0.078009,-0.80934,-0.79724,0.078009,0.59861,-6.348,0,0,0,1
0.60586,0.038537,0.79464,-4.61,0.038537,0.99623,-0.077695,-0.80643,-0.79464,0.077695,0.60209,-6.328,0,0,0,1
0.60934,0.038165,0.79199,-4.5671,0.038165,0.99627,-0.077373,-0.80346,-0.79199,0.077373,0.60561,-6.3076,0,0,0,1
0.61287,0.03779,0.78928,-4.5237,0.03779,0.99631,-0.077046,-0.80044,-0.78928,0.077046,0.60918,-6.2867,0,0,0,1
0.61644,0.03741,0.78651,-4.4799,0.03741,0.99635,-0.076712,-0.79736,-0.78651,0.076712,0.6128,-6.2655,0,0,0,1
0.62006,0.037027,0.78368,-4.4356,0.037027,0.99639,-0.076372,-0.79423,-0.78368,0.076372,0.61645,-6.2438,0,0,0,1
0.62371,0.036639,0.78079,-4.3909,0.036639,0.99643,-0.076026,-0.79104,-0.78079,0.076026,0.62015,-6.2217,0,0,0,1
0.62741,0.036248,0.77785,-4.3458,0.036248,0.99647,-0.075674,-0.7878,-0.77785,0.075674,0.62388,-6.1992,0,0,0,1
0.63114,0.035853,0.77484,-4.3002,0.035853,0.99652,-0.075315,-0.78449,-0.77484,0.075315,0.62765,-6.1762,0,0,0,1
0.63491,0.035455,0.77177,-4.2543,0.035455,0.99656,-0.07495,-0.78113,-0.77177,0.07495,0.63147,-6.1528,0,0,0,1
0.63872,0.035054,0.76864,-4.208,0.035054,0.9966,-0.074578,-0.77772,-0.76864,0.074578,0.63532,-6.1289,0,0,0,1
0.64256,0.034649,0.76545,-4.1613,0.034649,0.99664,-0.074201,-0.77424,-0.76545,0.074201,0.6392,-6.1046,0,0,0,1
0.64644,0.034241,0.7622,-4.1142,0.034241,0.99668,-0.073817,-0.77071,-0.7622,0.073817,0.64312,-6.0799,0,0,0,1
0.65035,0.033831,0.75888,-4.0668,0.033831,0.99673,-0.073426,-0.76712,-0.75888,0.073426,0.64708,-6.0547,0,0,0,1
0.65429,0.033417,0.7555,-4.0191,0.033417,0.99677,-0.073029,-0.76348,-0.7555,0.073029,0.65106,-6.029,0,0,0,1
0.65827,0.033001,0.75206,-3.9711,0.033001,0.99681,-0.072626,-0.75977,-0.75206,0.072626,0.65508,-6.0029,0,0,0,1
0.66227,0.032582,0.74855,-3.9228,0.032582,0.99686,-0.072216,-0.75601,-0.74855,0.072216,0.65913,-5.9763,0,0,0,1
0.66631,0.032161,0.74498,-3.8742,0.032161,0.9969,-0.0718,-0.75219,-0.74498,0.0718,0.66321,-5.9493,0,0,0,1
0.67037,0.031737,0.74135,-3.8253,0.031737,0.99694,-0.071378,-0.74831,-0.74135,0.071378,0.66732,-5.9218,0,0,0,1
0.67446,0.031311,0.73765,-3.7762,0.031311,0.99699,-0.070949,-0.74437,-0.73765,0.070949,0.67145,-5.8939,0,0,0,1
0.67858,0.030883,0.73388,-3.7268,0.030883,0.99703,-0.070514,-0.74037,-0.73388,0.070514,0.67561,-5.8654,0,0,0,1
0.68272,0.030454,0.73005,-3.6772,0.030454,0.99708,-0.070072,-0.73632,-0.73005,0.070072,0.6798,-5.8365,0,0,0,1
0.68688,0.030022,0.72615,-3.6274,0.030022,0.99712,-0.069624,-0.7322,-0.72615,0.069624,0.684,-5.8071,0,0,0,1
0.69107,0.029589,0.72218,-3.5774,0.029589,0.99717,-0.06917,-0.72803,-0.72218,0.06917,0.68824,-5.7772,0,0,0,1
0.69528,0.029154,0.71815,-3.5273,0.029154,0.99721,-0.068709,-0.7238,-0.71815,0.068709,0.69249,-5.7469,0,0,0,1
0.69951,0.028718,0.71405,-3.4769,0.028718,0.99726,-0.068242,-0.7195,-0.71405,0.068242,0.69676,-5.7161,0,0,0,1
0.70375,0.028281,0.70988,-3.4264,0.028281,0.9973,-0.067768,-0.71515,-0.70988,0.067768,0.70105,-5.6847,0,0,0,1
0.70802,0.027843,0.70565,-3.3758,0.027843,0.99734,-0.067288,-0.71074,-0.70565,0.067288,0.70536,-5.6529,0,0,0,1
0.7123,0.027403,0.70134,-3.3251,0.027403,0.99739,-0.066802,-0.70627,-0.70134,0.066802,0.70969,-5.6206,0,0,0,1
0.71659,0.026963,0.69697,-3.2742,0.026963,0.99743,-0.06631,-0.70174,-0.69697,0.06631,0.71403,-5.5878,0,0,0,1
0.7209,0.026523,0.69253,-3.2233,0.026523,0.99748,-0.065811,-0.69714,-0.69253,0.065811,0.71838,-5.5545,0,0,0,1
0.72522,0.026081,0.68802,-3.1723,0.026081,0.99752,-0.065306,-0.69249,-0.68802,0.065306,0.72275,-5.5207,0,0,0,1
0.72956,0.02564,0.68344,-3.1212,0.02564,0.99757,-0.064794,-0.68778,-0.68344,0.064794,0.72713,-5.4863,0,0,0,1
0.7339,0.025198,0.67879,-3.0701,0.025198,0.99761,-0.064277,-0.683,-0.67879,0.064277,0.73151,-5.4515,0,0,0,1
0.73825,0.024756,0.67407,-3.019,0.024756,0.99766,-0.063753,-0.67817,-0.67407,0.063753,0.73591,-5.4162,0,0,0,1
0.74261,0.024314,0.66928,-2.9678,0.024314,0.9977,-0.063223,-0.67327,-0.66928,0.063223,0.74031,-5.3803,0,0,0,1
0.74698,0.023872,0.66442,-2.9166,0.023872,0.99775,-0.062686,-0.66832,-0.66442,0.062686,0.74472,-5.3439,0,0,0,1
0.75135,0.023431,0.65949,-2.8655,0.023431,0.99779,-0.062144,-0.6633,-0.65949,0.062144,0.74914,-5.307,0,0,0,1
0.75572,0.02299,0.65449,-2.8144,0.02299,0.99784,-0.061595,-0.65822,-0.65449,0.061595,0.75356,-5.2696,0,0,0,1
0.76009,0.022549,0.64942,-2.7633,0.022549,0.99788,-0.061041,-0.65308,-0.64942,0.061041,0.75797,-5.2317,0,0,0,1
0.76447,0.02211,0.64428,-2.7123,0.02211,0.99792,-0.06048,-0.64788,-0.64428,0.06048,0.76239,-5.1932,0,0,0,1
0.76884,0.021671,0.63907,-2.6614,0.021671,0.99797,-0.059914,-0.64262,-0.63907,0.059914,0.76681,-5.1542,0,0,0,1
0.77322,0.021234,0.63379,-2.6106,0.021234,0.99801,-0.059341,-0.63729,-0.63379,0.059341,0.77123,-5.1147,0,0,0,1
0.77759,0.020797,0.62843,-2.5599,0.020797,0.99806,-0.058762,-0.63191,-0.62843,0.058762,0.77564,-5.0746,0,0,0,1
0.78195,0.020362,0.62301,-2.5093,0.020362,0.9981,-0.058178,-0.62646,-0.62301,0.058178,0.78005,-5.034,0,0,0,1
0.78631,0.019928,0.61751,-2.4588,0.019928,0.99814,-0.057588,-0.62095,-0.61751,0.057588,0.78445,-4.9929,0,0,0,1
0.79066,0.019496,0.61195,-2.4085,0.019496,0.99818,-0.056992,-0.61538,-0.61195,0.056992,0.78884,-4.9512,0,0,0,1
0.795,0.019066,0.60631,-2.3584,0.019066,0.99823,-0.05639,-0.60975,-0.60631,0.05639,0.79323,-4.909,0,0,0,1
0.79933,0.018638,0.6006,-2.3085,0.018638,0.99827,-0.055783,-0.60405,-0.6006,0.055783,0.7976,-4.8662,0,0,0,1
0.80365,0.018212,0.59483,-2.2587,0.018212,0.99831,-0.05517,-0.5983,-0.59483,0.05517,0.80196,-4.8229,0,0,0,1
0.80795,0.017787,0.58898,-2.2092,0.017787,0.99835,-0.054551,-0.59248,-0.58898,0.054551,0.80631,-4.7791,0,0,0,1
0.81224,0.017366,0.58306,-2.1599,0.017366,0.99839,-0.053927,-0.5866,-0.58306,0.053927,0.81064,-4.7346,0,0,0,1
0.81652,0.016946,0.57707,-2.1108,0.016946,0.99843,-0.053298,-0.58066,-0.57707,0.053298,0.81495,-4.6897,0,0,0,1
0.82078,0.016529,0.57101,-2.062,0.016529,0.99848,-0.052663,-0.57465,-0.57101,0.052663,0.81925,-4.6442,0,0,0,1
0.82501,0.016115,0.56488,-2.0134,0.016115,0.99852,-0.052023,-0.56859,-0.56488,0.052023,0.82353,-4.5981,0,0,0,1
0.82923,0.015704,0.55868,-1.9652,0.015704,0.99856,-0.051377,-0.56246,-0.55868,0.051377,0.82779,-4.5515,0,0,0,1
0.83343,0.015296,0.55241,-1.9172,0.015296,0.9986,-0.050727,-0.55627,-0.55241,0.050727,0.83202,-4.5043,0,0,0,1
0.8376,0.014891,0.54608,-1.8696,0.014891,0.99863,-0.050071,-0.55002,-0.54608,0.050071,0.83624,-4.4566,0,0,0,1
0.84175,0.014489,0.53967,-1.8222,0.014489,0.99867,-0.04941,-0.54371,-0.53967,0.04941,0.84042,-4.4083,0,0,0,1
0.84587,0.01409,0.5332,-1.7753,0.01409,0.99871,-0.048745,-0.53733,-0.5332,0.048745,0.84459,-4.3594,0,0,0,1
0.84997,0.013695,0.52665,-1.7286,0.013695,0.99875,-0.048074,-0.53089,-0.52665,0.048074,0.84872,-4.31,0,0,0,1
0.85404,0.013304,0.52004,-1.6824,0.013304,0.99879,-0.047399,-0.5244,-0.52004,0.047399,0.85282,-4.26,0,0,0,1
0.85807,0.012916,0.51337,-1.6365,0.012916,0.99882,-0.046719,-0.51784,-0.51337,0.046719,0.8569,-4.2094,0,0,0,1
0.86208,0.012532,0.50662,-1.5911,0.012532,0.99886,-0.046035,-0.51121,-0.50662,0.046035,0.86094,-4.1583,0,0,0,1
0.86605,0.012153,0.49981,-1.546,0.012153,0.9989,-0.045346,-0.50453,-0.49981,0.045346,0.86495,-4.1066,0,0,0,1
0.86999,0.011777,0.49293,-1.5014,0.011777,0.99893,-0.044652,-0.49779,-0.49293,0.044652,0.86892,-4.0544,0,0,0,1
0.87389,0.011406,0.48599,-1.4572,0.011406,0.99897,-0.043954,-0.49098,-0.48599,0.043954,0.87286,-4.0015,0,0,0,1
0.87776,0.011039,0.47898,-1.4134,0.011039,0.999,-0.043252,-0.48411,-0.47898,0.043252,0.87676,-3.9482,0,0,0,1
0.88158,0.010676,0.47191,-1.3701,0.010676,0.99904,-0.042546,-0.47719,-0.47191,0.042546,0.88062,-3.8942,0,0,0,1
0.88537,0.010318,0.46477,-1.3273,0.010318,0.99907,-0.041836,-0.4702,-0.46477,0.041836,0.88444,-3.8397,0,0,0,1
0.88912,0.0099649,0.45757,-1.285,0.0099649,0.9991,-0.041122,-0.46315,-0.45757,0.041122,0.88822,-3.7846,0,0,0,1
0.89282,0.0096165,0.45031,-1.2432,0.0096165,0.99914,-0.040404,-0.45604,-0.45031,0.040404,0.89196,-3.7289,0,0,0,1
0.89648,0.009273,0.44298,-1.2018,0.009273,0.99917,-0.039682,-0.44886,-0.44298,0.039682,0.89565,-3.6727,0,0,0,1
0.9001,0.0089344,0.43559,-1.1611,0.0089344,0.9992,-0.038957,-0.44163,-0.43559,0.038957,0.8993,-3.6159,0,0,0,1
0.90367,0.0086011,0.42815,-1.1208,0.0086011,0.99923,-0.038228,-0.43434,-0.42815,0.038228,0.9029,-3.5585,0,0,0,1
0.90719,0.0082729,0.42064,-1.0811,0.0082729,0.99926,-0.037495,-0.42699,-0.42064,0.037495,0.90645,-3.5005,0,0,0,1
0.91066,0.0079501,0.41307,-1.042,0.0079501,0.99929,-0.03676,-0.41958,-0.41307,0.03676,0.90996,-3.442,0,0,0,1
0.91409,0.0076327,0.40545,-1.0034,0.0076327,0.99932,-0.036021,-0.41211,-0.40545,0.036021,0.91341,-3.383,0,0,0,1
0.91746,0.0073208,0.39776,-0.96541,0.0073208,0.99935,-0.035279,-0.40458,-0.39776,0.035279,0.91681,-3.3233,0,0,0,1
0.92078,0.0070145,0.39002,-0.92801,0.0070145,0.99938,-0.034534,-0.39699,-0.39002,0.034534,0.92016,-3.2631,0,0,0,1
0.92404,0.0067139,0.38223,-0.89123,0.0067139,0.99941,-0.033786,-0.38934,-0.38223,0.033786,0.92345,-3.2023,0,0,0,1
0.92726,0.0064191,0.37437,-0.85505,0.0064191,0.99943,-0.033036,-0.38163,-0.37437,0.033036,0.92669,-3.141,0,0,0,1
0.93041,0.0061302,0.36647,-0.81951,0.0061302,0.99946,-0.032283,-0.37387,-0.36647,0.032283,0.92987,-3.079,0,0,0,1
0.93351,0.0058472,0.35851,-0.7846,0.0058472,0.99949,-0.031527,-0.36604,-0.35851,0.031527,0.93299,-3.0166,0,0,0,1
0.93655,0.0055703,0.3505,-0.75034,0.0055703,0.99951,-0.030769,-0.35816,-0.3505,0.030769,0.93606,-2.9535,0,0,0,1
0.93953,0.0052995,0.34243,-0.71673,0.0052995,0.99954,-0.030009,-0.35022,-0.34243,0.030009,0.93906,-2.8899,0,0,0,1
0.94245,0.0050348,0.33432,-0.68379,0.0050348,0.99956,-0.029246,-0.34223,-0.33432,0.029246,0.94201,-2.8258,0,0,0,1
0.9453,0.0047764,0.32615,-0.65153,0.0047764,0.99958,-0.028482,-0.33417,-0.32615,0.028482,0.94489,-2.7611,0,0,0,1
0.9481,0.0045243,0.31794,-0.61995,0.0045243,0.99961,-0.027716,-0.32606,-0.31794,0.027716,0.94771,-2.6958,0,0,0,1
0.95083,0.0042786,0.30968,-0.58907,0.0042786,0.99963,-0.026948,-0.3179,-0.30968,0.026948,0.95046,-2.63,0,0,0,1
0.9535,0.0040394,0.30137,-0.55889,0.0040394,0.99965,-0.026178,-0.30967,-0.30137,0.026178,0.95315,-2.5636,0,0,0,1
0.9561,0.0038066,0.29302,-0.52942,0.0038066,0.99967,-0.025407,-0.3014,-0.29302,0.025407,0.95577,-2.4967,0,0,0,1
0.95863,0.0035805,0.28463,-0.50068,0.0035805,0.99969,-0.024635,-0.29306,-0.28463,0.024635,0.95832,-2.4292,0,0,0,1
0.9611,0.0033609,0.27619,-0.47266,0.0033609,0.99971,-0.023861,-0.28467,-0.27619,0.023861,0.96081,-2.3612,0,0,0,1
0.9635,0.0031481,0.2677,-0.44538,0.0031481,0.99973,-0.023087,-0.27623,-0.2677,0.023087,0.96322,-2.2926,0,0,0,1
0.96582,0.0029419,0.25918,-0.41885,0.0029419,0.99975,-0.022311,-0.26773,-0.25918,0.022311,0.96557,-2.2235,0,0,0,1
0.96808,0.0027426,0.25062,-0.39306,0.0027426,0.99976,-0.021534,-0.25918,-0.25062,0.021534,0.96785,-2.1539,0,0,0,1
0.97027,0.00255,0.24202,-0.36804,0.00255,0.99978,-0.020757,-0.25058,-0.24202,0.020757,0.97005,-2.0837,0,0,0,1
0.97238,0.0023643,0.23338,-0.34379,0.0023643,0.9998,-0.019979,-0.24192,-0.23338,0.019979,0.97218,-2.013,0,0,0,1
0.97442,0.0021855,0.22471,-0.32031,0.0021855,0.99981,-0.019201,-0.23321,-0.22471,0.019201,0.97424,-1.9417,0,0,0,1
0.97639,0.0020136,0.216,-0.2976,0.0020136,0.99983,-0.018423,-0.22445,-0.216,0.018423,0.97622,-1.87,0,0,0,1
0.97829,0.0018486,0.20725,-0.27569,0.0018486,0.99984,-0.017644,-0.21564,-0.20725,0.017644,0.97813,-1.7977,0,0,0,1
0.9801,0.0016907,0.19848,-0.25457,0.0016907,0.99986,-0.016866,-0.20678,-0.19848,0.016866,0.97996,-1.7249,0,0,0,1
0.98185,0.0015397,0.18967,-0.23425,0.0015397,0.99987,-0.016087,-0.19786,-0.18967,0.016087,0.98172,-1.6515,0,0,0,1
0.98351,0.0013958,0.18084,-0.21473,0.0013958,0.99988,-0.015309,-0.1889,-0.18084,0.015309,0.98339,-1.5777,0,0,0,1
0.9851,0.0012589,0.17197,-0.19603,0.0012589,0.99989,-0.014531,-0.17989,-0.17197,0.014531,0.98499,-1.5034,0,0,0,1
0.98661,0.0011291,0.16308,-0.17814,0.0011291,0.9999,-0.013753,-0.17082,-0.16308,0.013753,0.98652,-1.4285,0,0,0,1
0.98804,0.0010063,0.15416,-0.16107,0.0010063,0.99992,-0.012977,-0.16171,-0.15416,0.012977,0.98796,-1.3532,0,0,0,1
0.9894,0.00089066,0.14522,-0.14482,0.00089066,0.99993,-0.012201,-0.15255,-0.14522,0.012201,0.98932,-1.2773,0,0,0,1
0.99067,0.00078209,0.13626,-0.12941,0.00078209,0.99993,-0.011426,-0.14335,-0.13626,0.011426,0.99061,-1.201,0,0,0,1
0.99187,0.00068062,0.12727,-0.11483,0.00068062,0.99994,-0.010652,-0.1341,-0.12727,0.010652,0.99181,-1.1241,0,0,0,1
0.99298,0.00058624,0.11827,-0.10109,0.00058624,0.99995,-0.0098789,-0.1248,-0.11827,0.0098789,0.99293,-1.0468,0,0,0,1
0.99402,0.00049896,0.10924,-0.088184,0.00049896,0.99996,-0.0091074,-0.11545,-0.10924,0.0091074,0.99397,-0.96902,0,0,0,1
0.99497,0.00041876,0.1002,-0.076128,0.00041876,0.99997,-0.0083374,-0.10606,-0.1002,0.0083374,0.99493,-0.89076,0,0,0,1
0.99584,0.00034565,0.091142,-0.06492,0.00034565,0.99997,-0.0075689,-0.09663,-0.091142,0.0075689,0.99581,-0.81202,0,0,0,1
0.99663,0.0002796,0.082069,-0.054563,0.0002796,0.99998,-0.0068022,-0.087153,-0.082069,0.0068022,0.9966,-0.73282,0,0,0,1
0.99733,0.00022061,0.072983,-0.045059,0.00022061,0.99998,-0.0060373,-0.077632,-0.072983,0.0060373,0.99731,-0.65316,0,0,0,1
0.99796,0.00016866,0.063886,-0.036412,0.00016866,0.99999,-0.0052744,-0.06807,-0.063886,0.0052744,0.99794,-0.57304,0,0,0,1
0.9985,0.00012372,0.054778,-0.028623,0.00012372,0.99999,-0.0045136,-0.058465,-0.054778,0.0045136,0.99849,-0.49248,0,0,0,1
0.99896,8.5777e-05,0.045662,-0.021694,8.5777e-05,0.99999,-0.0037551,-0.048819,-0.045662,0.0037551,0.99895,-0.41147,0,0,0,1
0.99933,5.4805e-05,0.036538,-0.015627,5.4805e-05,1,-0.0029988,-0.039134,-0.036538,0.0029988,0.99933,-0.33003,0,0,0,1
0.99962,3.0774e-05,0.027409,-0.010423,3.0774e-05,1,-0.0022451,-0.029408,-0.027409,0.0022451,0.99962,-0.24815,0,0,0,1
0.99983,1.3652e-05,0.018275,-0.0060838,1.3652e-05,1,-0.001494,-0.019643,-0.018275,0.001494,0.99983,-0.16585,0,0,0,1
0.99996,3.4067e-06,0.0091383,-0.0026091,3.4067e-06,1,-0.00074556,-0.0098404,-0.0091383,0.00074556,0.99996,-0.083134,0,0,0,1
NaN,NaN,NaN,0,NaN,NaN,NaN,0,NaN,NaN,NaN,0,0,0,0,1
0.99996,3.3931e-06,-0.0091383,0.0017432,3.3931e-06,1,0.0007426,0.0098771,0.0091383,-0.0007426,0.99996,0.083541,0,0,0,1
0.99983,1.3544e-05,-0.018275,0.0026205,1.3544e-05,1,0.0014821,0.01979,0.018275,-0.0014821,0.99983,0.16748,0,0,0,1
0.99962,3.0408e-05,-0.027409,0.002632,3.0408e-05,1,0.0022184,0.029739,0.027409,-0.0022184,0.99962,0.25182,0,0,0,1
0.99933,5.3938e-05,-0.036538,0.0017784,5.3938e-05,1,0.0029514,0.039721,0.036538,-0.0029514,0.99933,0.33654,0,0,0,1
0.99896,8.4084e-05,-0.045662,6.0328e-05,8.4084e-05,0.99999,0.003681,0.049738,0.045662,-0.003681,0.99895,0.42165,0,0,0,1
0.9985,0.0001208,-0.054778,-0.0025212,0.0001208,0.99999,0.004407,0.059787,0.054778,-0.004407,0.99849,0.50712,0,0,0,1
0.99796,0.00016402,-0.063886,-0.0059648,0.00016402,0.99999,0.0051293,0.069869,0.063886,-0.0051293,0.99794,0.59297,0,0,0,1
0.99733,0.00021369,-0.072983,-0.010269,0.00021369,0.99998,0.0058479,0.079981,0.072983,-0.0058479,0.99732,0.67917,0,0,0,1
0.99663,0.00026975,-0.082069,-0.015432,0.00026975,0.99998,0.0065627,0.090124,0.082069,-0.0065627,0.99661,0.76573,0,0,0,1
0.99584,0.00033215,-0.091142,-0.021452,0.00033215,0.99997,0.0072734,0.1003,0.091142,-0.0072734,0.99581,0.85263,0,0,0,1
0.99497,0.00040082,-0.1002,-0.028326,0.00040082,0.99997,0.0079801,0.1105,0.1002,-0.0079801,0.99494,0.93987,0,0,0,1
0.99402,0.00047568,-0.10924,-0.036052,0.00047568,0.99996,0.0086826,0.12073,0.10924,-0.0086826,0.99398,1.0274,0,0,0,1
0.99298,0.00055668,-0.11827,-0.044627,0.00055668,0.99996,0.0093808,0.13098,0.11827,-0.0093808,0.99294,1.1153,0,0,0,1
0.99187,0.00064375,-0.12727,-0.054047,0.00064375,0.99995,0.010075,0.14127,0.12727,-0.010075,0.99182,1.2035,0,0,0,1
0.99067,0.0007368,-0.13626,-0.064311,0.0007368,0.99994,0.010764,0.15157,0.13626,-0.010764,0.99061,1.2921,0,0,0,1
0.9894,0.00083577,-0.14522,-0.075413,0.00083577,0.99993,0.011449,0.1619,0.14522,-0.011449,0.98933,1.3809,0,0,0,1
0.98804,0.00094058,-0.15416,-0.08735,0.00094058,0.99993,0.012129,0.17226,0.15416,-0.012129,0.98797,1.47,0,0,0,1
0.98661,0.0010511,-0.16308,-0.10012,0.0010511,0.99992,0.012804,0.18264,0.16308,-0.012804,0.98653,1.5593,0,0,0,1
0.9851,0.0011674,-0.17197,-0.11371,0.0011674,0.99991,0.013475,0.19304,0.17197,-0.013475,0.98501,1.649,0,0,0,1
0.98351,0.0012893,-0.18084,-0.12813,0.0012893,0.9999,0.01414,0.20346,0.18084,-0.01414,0.98341,1.7389,0,0,0,1
0.98185,0.0014166,-0.18967,-0.14336,0.0014166,0.99989,0.014801,0.2139,0.18967,-0.014801,0.98174,1.8291,0,0,0,1
0.9801,0.0015494,-0.19848,-0.15941,0.0015494,0.99988,0.015457,0.22435,0.19848,-0.015457,0.97998,1.9195,0,0,0,1
0.97829,0.0016876,-0.20726,-0.17626,0.0016876,0.99987,0.016107,0.23483,0.20726,-0.016107,0.97815,2.0102,0,0,0,1
0.97639,0.001831,-0.216,-0.19391,0.001831,0.99986,0.016752,0.24532,0.216,-0.016752,0.97625,2.1011,0,0,0,1
0.97442,0.0019795,-0.22471,-0.21236,0.0019795,0.99985,0.017392,0.25583,0.22471,-0.017392,0.97427,2.1922,0,0,0,1
0.97238,0.0021332,-0.23338,-0.23159,0.0021332,0.99984,0.018026,0.26635,0.23338,-0.018026,0.97222,2.2835,0,0,0,1
0.97027,0.0022918,-0.24202,-0.25161,0.0022918,0.99982,0.018655,0.27689,0.24202,-0.018655,0.97009,2.3751,0,0,0,1
0.96808,0.0024553,-0.25062,-0.27241,0.0024553,0.99981,0.019279,0.28744,0.25062,-0.019279,0.96789,2.4668,0,0,0,1
0.96582,0.0026236,-0.25919,-0.29397,0.0026236,0.9998,0.019897,0.298,0.25919,-0.019897,0.96562,2.5587,0,0,0,1
0.9635,0.0027966,-0.26771,-0.3163,0.0027966,0.99979,0.020509,0.30857,0.26771,-0.020509,0.96328,2.6508,0,0,0,1
0.9611,0.0029742,-0.27619,-0.33938,0.0029742,0.99977,0.021116,0.31915,0.27619,-0.021116,0.96087,2.743,0,0,0,1
0.95863,0.0031563,-0.28463,-0.36321,0.0031563,0.99976,0.021717,0.32974,0.28463,-0.021717,0.95839,2.8354,0,0,0,1
0.9561,0.0033428,-0.29303,-0.38777,0.0033428,0.99975,0.022312,0.34033,0.29303,-0.022312,0.95584,2.9279,0,0,0,1
0.9535,0.0035336,-0.30138,-0.41307,0.0035336,0.99973,0.022901,0.35094,0.30138,-0.022901,0.95323,3.0206,0,0,0,1
0.95083,0.0037286,-0.30969,-0.4391,0.0037286,0.99972,0.023484,0.36155,0.30969,-0.023484,0.95055,3.1134,0,0,0,1
0.9481,0.0039277,-0.31795,-0.46583,0.0039277,0.9997,0.024061,0.37216,0.31795,-0.024061,0.9478,3.2063,0,0,0,1
0.9453,0.0041308,-0.32617,-0.49328,0.0041308,0.99969,0.024633,0.38277,0.32617,-0.024633,0.94499,3.2994,0,0,0,1
0.94245,0.0043377,-0.33433,-0.52142,0.0043377,0.99967,0.025198,0.39339,0.33433,-0.025198,0.94212,3.3925,0,0,0,1
0.93953,0.0045485,-0.34245,-0.55025,0.0045485,0.99966,0.025757,0.40401,0.34245,-0.025757,0.93918,3.4857,0,0,0,1
0.93655,0.004763,-0.35051,-0.57976,0.004763,0.99964,0.02631,0.41463,0.35051,-0.02631,0.93619,3.579,0,0,0,1
0.93351,0.004981,-0.35853,-0.60994,0.004981,0.99963,0.026857,0.42525,0.35853,-0.026857,0.93313,3.6723,0,0,0,1
0.93041,0.0052025,-0.36649,-0.64078,0.0052025,0.99961,0.027398,0.43586,0.36649,-0.027398,0.93002,3.7657,0,0,0,1
0.92725,0.0054273,-0.37439,-0.67227,0.0054273,0.9996,0.027932,0.44647,0.37439,-0.027932,0.92685,3.8591,0,0,0,1
0.92404,0.0056555,-0.38225,-0.7044,0.0056555,0.99958,0.028461,0.45708,0.38225,-0.028461,0.92362,3.9526,0,0,0,1
0.92078,0.0058867,-0.39005,-0.73716,0.0058867,0.99956,0.028983,0.46768,0.39005,-0.028983,0.92034,4.0461,0,0,0,1
0.91746,0.0061211,-0.39779,-0.77053,0.0061211,0.99955,0.029498,0.47827,0.39779,-0.029498,0.917,4.1396,0,0,0,1
0.91408,0.0063583,-0.40547,-0.80452,0.0063583,0.99953,0.030008,0.48886,0.40547,-0.030008,0.91361,4.233,0,0,0,1
0.91066,0.0065984,-0.4131,-0.83911,0.0065984,0.99951,0.030511,0.49944,0.4131,-0.030511,0.91017,4.3265,0,0,0,1
0.90719,0.0068412,-0.42067,-0.87428,0.0068412,0.9995,0.031008,0.51,0.42067,-0.031008,0.90668,4.42,0,0,0,1
0.90366,0.0070867,-0.42818,-0.91003,0.0070867,0.99948,0.031498,0.52056,0.42818,-0.031498,0.90314,4.5134,0,0,0,1
0.90009,0.0073346,-0.43563,-0.94635,0.0073346,0.99946,0.031982,0.5311,0.43563,-0.031982,0.89956,4.6068,0,0,0,1
0.89648,0.007585,-0.44302,-0.98321,0.007585,0.99944,0.03246,0.54163,0.44302,-0.03246,0.89592,4.7001,0,0,0,1
0.89282,0.0078376,-0.45035,-1.0206,0.0078376,0.99943,0.032931,0.55214,0.45035,-0.032931,0.89224,4.7934,0,0,0,1
0.88911,0.0080924,-0.45762,-1.0586,0.0080924,0.99941,0.033396,0.56264,0.45762,-0.033396,0.88852,4.8865,0,0,0,1
0.88537,0.0083493,-0.46482,-1.097,0.0083493,0.99939,0.033855,0.57312,0.46482,-0.033855,0.88476,4.9796,0,0,0,1
0.88158,0.0086082,-0.47196,-1.136,0.0086082,0.99937,0.034307,0.58358,0.47196,-0.034307,0.88095,5.0726,0,0,0,1
0.87775,0.008869,-0.47904,-1.1754,0.008869,0.99936,0.034753,0.59402,0.47904,-0.034753,0.87711,5.1654,0,0,0,1
0.87388,0.0091315,-0.48605,-1.2154,0.0091315,0.99934,0.035193,0.60444,0.48605,-0.035193,0.87322,5.2582,0,0,0,1
0.86998,0.0093957,-0.493,-1.2558,0.0093957,0.99932,0.035626,0.61484,0.493,-0.035626,0.8693,5.3508,0,0,0,1
0.86604,0.0096615,-0.49988,-1.2966,0.0096615,0.9993,0.036053,0.62521,0.49988,-0.036053,0.86534,5.4432,0,0,0,1
0.86207,0.0099287,-0.50669,-1.3379,0.0099287,0.99929,0.036473,0.63556,0.50669,-0.036473,0.86135,5.5355,0,0,0,1
0.85806,0.010197,-0.51344,-1.3797,0.010197,0.99927,0.036888,0.64589,0.51344,-0.036888,0.85733,5.6277,0,0,0,1
0.85402,0.010467,-0.52013,-1.4218,0.010467,0.99925,0.037295,0.65618,0.52013,-0.037295,0.85327,5.7196,0,0,0,1
0.84996,0.010738,-0.52674,-1.4644,0.010738,0.99923,0.037697,0.66645,0.52674,-0.037697,0.84919,5.8113,0,0,0,1
0.84586,0.01101,-0.53329,-1.5073,0.01101,0.99921,0.038092,0.67669,0.53329,-0.038092,0.84507,5.9029,0,0,0,1
0.84174,0.011283,-0.53977,-1.5506,0.011283,0.9992,0.038482,0.6869,0.53977,-0.038482,0.84093,5.9942,0,0,0,1
0.83759,0.011557,-0.54618,-1.5943,0.011557,0.99918,0.038865,0.69707,0.54618,-0.038865,0.83676,6.0853,0,0,0,1
0.83341,0.011831,-0.55252,-1.6383,0.011831,0.99916,0.039241,0.70722,0.55252,-0.039241,0.83257,6.1761,0,0,0,1
0.82922,0.012107,-0.5588,-1.6827,0.012107,0.99914,0.039612,0.71733,0.5588,-0.039612,0.82836,6.2667,0,0,0,1
0.825,0.012382,-0.565,-1.7274,0.012382,0.99912,0.039976,0.7274,0.565,-0.039976,0.82412,6.357,0,0,0,1
0.82076,0.012658,-0.57114,-1.7723,0.012658,0.99911,0.040335,0.73744,0.57114,-0.040335,0.81986,6.4471,0,0,0,1
0.8165,0.012935,-0.5772,-1.8176,0.012935,0.99909,0.040687,0.74744,0.5772,-0.040687,0.81559,6.5369,0,0,0,1
0.81222,0.013212,-0.5832,-1.8632,0.013212,0.99907,0.041033,0.75739,0.5832,-0.041033,0.81129,6.6263,0,0,0,1
0.80793,0.013489,-0.58912,-1.909,0.013489,0.99905,0.041374,0.76731,0.58912,-0.041374,0.80698,6.7155,0,0,0,1
0.80362,0.013766,-0.59498,-1.9551,0.013766,0.99904,0.041708,0.77719,0.59498,-0.041708,0.80266,6.8043,0,0,0,1
0.7993,0.014043,-0.60076,-2.0014,0.014043,0.99902,0.042036,0.78703,0.60076,-0.042036,0.79832,6.8927,0,0,0,1
0.79497,0.01432,-0.60648,-2.0479,0.01432,0.999,0.042359,0.79682,0.60648,-0.042359,0.79397,6.9809,0,0,0,1
0.79063,0.014597,-0.61212,-2.0947,0.014597,0.99898,0.042676,0.80656,0.61212,-0.042676,0.78961,7.0686,0,0,0,1
0.78628,0.014873,-0.6177,-2.1416,0.014873,0.99896,0.042986,0.81626,0.6177,-0.042986,0.78524,7.156,0,0,0,1
0.78192,0.01515,-0.6232,-2.1887,0.01515,0.99895,0.043292,0.82591,0.6232,-0.043292,0.78086,7.2431,0,0,0,1
0.77755,0.015425,-0.62863,-2.236,0.015425,0.99893,0.043591,0.83551,0.62863,-0.043591,0.77648,7.3297,0,0,0,1
0.77318,0.0157,-0.63399,-2.2834,0.0157,0.99891,0.043885,0.84506,0.63399,-0.043885,0.77209,7.4159,0,0,0,1
0.76881,0.015975,-0.63928,-2.331,0.015975,0.9989,0.044173,0.85456,0.63928,-0.044173,0.7677,7.5017,0,0,0,1
0.76443,0.016249,-0.6445,-2.3786,0.016249,0.99888,0.044456,0.86401,0.6445,-0.044456,0.76331,7.587,0,0,0,1
0.76005,0.016522,-0.64965,-2.4264,0.016522,0.99886,0.044733,0.87341,0.64965,-0.044733,0.75891,7.6719,0,0,0,1
0.75568,0.016794,-0.65473,-2.4743,0.016794,0.99885,0.045004,0.88275,0.65473,-0.045004,0.75452,7.7564,0,0,0,1
0.7513,0.017066,-0.65974,-2.5222,0.017066,0.99883,0.045271,0.89203,0.65974,-0.045271,0.75013,7.8404,0,0,0,1
0.74693,0.017336,-0.66468,-2.5702,0.017336,0.99881,0.045532,0.90126,0.66468,-0.045532,0.74574,7.9239,0,0,0,1
0.74256,0.017605,-0.66955,-2.6182,0.017605,0.9988,0.045787,0.91042,0.66955,-0.045787,0.74136,8.0069,0,0,0,1
0.7382,0.017873,-0.67434,-2.6663,0.017873,0.99878,0.046038,0.91953,0.67434,-0.046038,0.73698,8.0894,0,0,0,1
0.73385,0.01814,-0.67907,-2.7144,0.01814,0.99876,0.046283,0.92858,0.67907,-0.046283,0.73261,8.1714,0,0,0,1
0.7295,0.018405,-0.68373,-2.7624,0.018405,0.99875,0.046523,0.93756,0.68373,-0.046523,0.72825,8.2529,0,0,0,1
0.72517,0.01867,-0.68832,-2.8105,0.01867,0.99873,0.046758,0.94648,0.68832,-0.046758,0.7239,8.3338,0,0,0,1
0.72084,0.018932,-0.69284,-2.8585,0.018932,0.99872,0.046988,0.95534,0.69284,-0.046988,0.71956,8.4142,0,0,0,1
0.71653,0.019193,-0.69729,-2.9065,0.019193,0.9987,0.047213,0.96413,0.69729,-0.047213,0.71523,8.494,0,0,0,1
0.71223,0.019453,-0.70167,-2.9544,0.019453,0.99868,0.047433,0.97286,0.70167,-0.047433,0.71092,8.5733,0,0,0,1
0.70795,0.019711,-0.70599,-3.0023,0.019711,0.99867,0.047648,0.98152,0.70599,-0.047648,0.70662,8.6519,0,0,0,1
0.70368,0.019967,-0.71023,-3.05,0.019967,0.99865,0.047859,0.99011,0.71023,-0.047859,0.70234,8.73,0,0,0,1
0.69943,0.020222,-0.71441,-3.0977,0.020222,0.99864,0.048065,0.99862,0.71441,-0.048065,0.69807,8.8075,0,0,0,1
0.6952,0.020474,-0.71852,-3.1452,0.020474,0.99862,0.048266,1.0071,0.71852,-0.048266,0.69383,8.8843,0,0,0,1
0.69099,0.020725,-0.72257,-3.1926,0.020725,0.99861,0.048463,1.0154,0.72257,-0.048463,0.6896,8.9606,0,0,0,1
0.6868,0.020974,-0.72654,-3.2398,0.020974,0.9986,0.048655,1.0237,0.72654,-0.048655,0.6854,9.0362,0,0,0,1
0.68263,0.021221,-0.73045,-3.2869,0.021221,0.99858,0.048842,1.032,0.73045,-0.048842,0.68121,9.1111,0,0,0,1
0.67849,0.021466,-0.7343,-3.3338,0.021466,0.99857,0.049025,1.0401,0.7343,-0.049025,0.67706,9.1854,0,0,0,1
0.67437,0.021708,-0.73807,-3.3805,0.021708,0.99855,0.049204,1.0482,0.73807,-0.049204,0.67292,9.259,0,0,0,1
0.67028,0.021949,-0.74179,-3.427,0.021949,0.99854,0.049379,1.0562,0.74179,-0.049379,0.66882,9.3319,0,0,0,1
0.66621,0.022187,-0.74543,-3.4733,0.022187,0.99853,0.049549,1.0641,0.74543,-0.049549,0.66474,9.4041,0,0,0,1
0.66217,0.022423,-0.74901,-3.5193,0.022423,0.99851,0.049715,1.072,0.74901,-0.049715,0.66069,9.4757,0,0,0,1
0.65817,0.022657,-0.75253,-3.5651,0.022657,0.9985,0.049878,1.0797,0.75253,-0.049878,0.65666,9.5465,0,0,0,1
0.65419,0.022888,-0.75599,-3.6106,0.022888,0.99849,0.050036,1.0874,0.75599,-0.050036,0.65267,9.6166,0,0,0,1
0.65024,0.023117,-0.75938,-3.6558,0.023117,0.99847,0.05019,1.095,0.75938,-0.05019,0.64871,9.6859,0,0,0,1
0.64633,0.023343,-0.7627,-3.7008,0.023343,0.99846,0.05034,1.1025,0.7627,-0.05034,0.64478,9.7545,0,0,0,1
0.64244,0.023567,-0.76597,-3.7454,0.023567,0.99845,0.050486,1.1099,0.76597,-0.050486,0.64089,9.8224,0,0,0,1
0.6386,0.023788,-0.76917,-3.7897,0.023788,0.99843,0.050629,1.1172,0.76917,-0.050629,0.63703,9.8895,0,0,0,1
0.63479,0.024007,-0.77231,-3.8336,0.024007,0.99842,0.050768,1.1245,0.77231,-0.050768,0.63321,9.9558,0,0,0,1
0.63101,0.024223,-0.77539,-3.8773,0.024223,0.99841,0.050903,1.1317,0.77539,-0.050903,0.62942,10.021,0,0,0,1
0.62728,0.024437,-0.77841,-3.9205,0.024437,0.9984,0.051035,1.1387,0.77841,-0.051035,0.62568,10.086,0,0,0,1
0.62358,0.024647,-0.78137,-3.9634,0.024647,0.99839,0.051163,1.1457,0.78137,-0.051163,0.62197,10.15,0,0,0,1
0.61992,0.024855,-0.78427,-4.0059,0.024855,0.99837,0.051288,1.1526,0.78427,-0.051288,0.6183,10.213,0,0,0,1
0.6163,0.025061,-0.78711,-4.048,0.025061,0.99836,0.051409,1.1594,0.78711,-0.051409,0.61467,10.275,0,0,0,1
0.61273,0.025263,-0.78989,-4.0896,0.025263,0.99835,0.051527,1.1661,0.78989,-0.051527,0.61108,10.337,0,0,0,1
0.60919,0.025463,-0.79261,-4.1309,0.025463,0.99834,0.051642,1.1727,0.79261,-0.051642,0.60754,10.397,0,0,0,1
0.6057,0.025659,-0.79528,-4.1717,0.025659,0.99833,0.051753,1.1792,0.79528,-0.051753,0.60404,10.457,0,0,0,1
0.60226,0.025853,-0.79788,-4.212,0.025853,0.99832,0.051862,1.1857,0.79788,-0.051862,0.60058,10.516,0,0,0,1
0.59886,0.026044,-0.80043,-4.2519,0.026044,0.99831,0.051967,1.192,0.80043,-0.051967,0.59717,10.574,0,0,0,1
0.5955,0.026231,-0.80292,-4.2913,0.026231,0.9983,0.052069,1.1982,0.80292,-0.052069,0.5938,10.631,0,0,0,1
0.5922,0.026416,-0.80536,-4.3302,0.026416,0.99829,0.052168,1.2044,0.80536,-0.052168,0.59048,10.688,0,0,0,1
0.58894,0.026598,-0.80774,-4.3686,0.026598,0.99828,0.052264,1.2104,0.80774,-0.052264,0.58721,10.743,0,0,0,1
0.58572,0.026776,-0.81007,-4.4065,0.026776,0.99827,0.052358,1.2163,0.81007,-0.052358,0.58399,10.797,0,0,0,1
0.58256,0.026952,-0.81234,-4.4438,0.026952,0.99826,0.052448,1.2221,0.81234,-0.052448,0.58082,10.851,0,0,0,1
0.57945,0.027124,-0.81456,-4.4806,0.027124,0.99825,0.052536,1.2279,0.81456,-0.052536,0.5777,10.904,0,0,0,1
0.57639,0.027293,-0.81672,-4.5169,0.027293,0.99824,0.052621,1.2335,0.81672,-0.052621,0.57463,10.955,0,0,0,1
0.57338,0.027459,-0.81883,-4.5526,0.027459,0.99823,0.052704,1.239,0.81883,-0.052704,0.57161,11.006,0,0,0,1
0.57042,0.027622,-0.82089,-4.5877,0.027622,0.99822,0.052783,1.2444,0.82089,-0.052783,0.56864,11.056,0,0,0,1
0.56751,0.027782,-0.82289,-4.6223,0.027782,0.99822,0.052861,1.2498,0.82289,-0.052861,0.56573,11.105,0,0,0,1
0.56466,0.027938,-0.82485,-4.6562,0.027938,0.99821,0.052936,1.255,0.82485,-0.052936,0.56287,11.153,0,0,0,1
0.56187,0.028091,-0.82675,-4.6896,0.028091,0.9982,0.053008,1.2601,0.82675,-0.053008,0.56007,11.2,0,0,0,1
0.55912,0.028241,-0.8286,-4.7223,0.028241,0.99819,0.053078,1.2651,0.8286,-0.053078,0.55732,11.245,0,0,0,1
0.55644,0.028388,-0.8304,-4.7544,0.028388,0.99818,0.053145,1.27,0.8304,-0.053145,0.55462,11.29,0,0,0,1
0.55381,0.028531,-0.83215,-4.7859,0.028531,0.99818,0.053211,1.2747,0.83215,-0.053211,0.55198,11.334,0,0,0,1
0.55124,0.028671,-0.83386,-4.8167,0.028671,0.99817,0.053274,1.2794,0.83386,-0.053274,0.5494,11.377,0,0,0,1
0.54872,0.028807,-0.83551,-4.8469,0.028807,0.99816,0.053335,1.284,0.83551,-0.053335,0.54688,11.419,0,0,0,1
0.54626,0.028941,-0.83711,-4.8764,0.028941,0.99815,0.053393,1.2884,0.83711,-0.053393,0.54442,11.46,0,0,0,1
0.54387,0.02907,-0.83867,-4.9052,0.02907,0.99815,0.05345,1.2928,0.83867,-0.05345,0.54201,11.5,0,0,0,1
0.54153,0.029197,-0.84018,-4.9333,0.029197,0.99814,0.053505,1.297,0.84018,-0.053505,0.53967,11.539,0,0,0,1
0.53925,0.02932,-0.84164,-4.9608,0.02932,0.99813,0.053557,1.3011,0.84164,-0.053557,0.53738,11.577,0,0,0,1
0.53703,0.029439,-0.84305,-4.9875,0.029439,0.99813,0.053607,1.3051,0.84305,-0.053607,0.53516,11.614,0,0,0,1
0.53487,0.029555,-0.84442,-5.0136,0.029555,0.99812,0.053656,1.309,0.84442,-0.053656,0.53299,11.65,0,0,0,1
0.53278,0.029668,-0.84574,-5.0389,0.029668,0.99812,0.053703,1.3128,0.84574,-0.053703,0.53089,11.685,0,0,0,1
0.53074,0.029777,-0.84701,-5.0635,0.029777,0.99811,0.053747,1.3164,0.84701,-0.053747,0.52885,11.719,0,0,0,1
0.52877,0.029883,-0.84824,-5.0874,0.029883,0.99811,0.05379,1.32,0.84824,-0.05379,0.52687,11.751,0,0,0,1
0.52686,0.029985,-0.84942,-5.1105,0.029985,0.9981,0.053831,1.3234,0.84942,-0.053831,0.52496,11.783,0,0,0,1
0.52501,0.030084,-0.85056,-5.1329,0.030084,0.99809,0.053871,1.3267,0.85056,-0.053871,0.52311,11.814,0,0,0,1
0.52323,0.030179,-0.85166,-5.1546,0.030179,0.99809,0.053908,1.3299,0.85166,-0.053908,0.52132,11.843,0,0,0,1
0.52151,0.03027,-0.85271,-5.1755,0.03027,0.99809,0.053944,1.333,0.85271,-0.053944,0.5196,11.872,0,0,0,1
0.51986,0.030359,-0.85371,-5.1956,0.030359,0.99808,0.053979,1.336,0.85371,-0.053979,0.51794,11.899,0,0,0,1
0.51827,0.030443,-0.85468,-5.2149,0.030443,0.99808,0.054011,1.3388,0.85468,-0.054011,0.51634,11.925,0,0,0,1
0.51674,0.030524,-0.8556,-5.2335,0.030524,0.99807,0.054042,1.3416,0.8556,-0.054042,0.51481,11.95,0,0,0,1
0.51528,0.030602,-0.85647,-5.2512,0.030602,0.99807,0.054072,1.3442,0.85647,-0.054072,0.51335,11.974,0,0,0,1
0.51389,0.030676,-0.85731,-5.2682,0.030676,0.99806,0.0541,1.3467,0.85731,-0.0541,0.51195,11.997,0,0,0,1
0.51256,0.030746,-0.8581,-5.2844,0.030746,0.99806,0.054126,1.349,0.8581,-0.054126,0.51062,12.019,0,0,0,1
0.5113,0.030813,-0.85885,-5.2998,0.030813,0.99806,0.054151,1.3513,0.85885,-0.054151,0.50936,12.04,0,0,0,1
0.51011,0.030876,-0.85956,-5.3144,0.030876,0.99805,0.054174,1.3534,0.85956,-0.054174,0.50816,12.06,0,0,0,1
0.50898,0.030936,-0.86022,-5.3282,0.030936,0.99805,0.054196,1.3554,0.86022,-0.054196,0.50703,12.078,0,0,0,1
0.50792,0.030992,-0.86085,-5.3411,0.030992,0.99805,0.054217,1.3573,0.86085,-0.054217,0.50597,12.096,0,0,0,1
0.50692,0.031044,-0.86143,-5.3533,0.031044,0.99805,0.054236,1.3591,0.86143,-0.054236,0.50497,12.112,0,0,0,1
0.506,0.031093,-0.86197,-5.3646,0.031093,0.99804,0.054254,1.3608,0.86197,-0.054254,0.50404,12.127,0,0,0,1
0.50514,0.031138,-0.86248,-5.3751,0.031138,0.99804,0.05427,1.3623,0.86248,-0.05427,0.50318,12.142,0,0,0,1
0.50435,0.03118,-0.86294,-5.3848,0.03118,0.99804,0.054285,1.3637,0.86294,-0.054285,0.50239,12.155,0,0,0,1
0.50363,0.031218,-0.86336,-5.3936,0.031218,0.99804,0.054298,1.365,0.86336,-0.054298,0.50167,12.166,0,0,0,1
0.50297,0.031252,-0.86374,-5.4016,0.031252,0.99803,0.054311,1.3661,0.86374,-0.054311,0.50101,12.177,0,0,0,1
0.50239,0.031283,-0.86408,-5.4088,0.031283,0.99803,0.054322,1.3672,0.86408,-0.054322,0.50042,12.187,0,0,0,1
0.50187,0.03131,-0.86437,-5.4152,0.03131,0.99803,0.054331,1.3681,0.86437,-0.054331,0.49991,12.195,0,0,0,1
0.50143,0.031334,-0.86463,-5.4206,0.031334,0.99803,0.05434,1.3689,0.86463,-0.05434,0.49946,12.203,0,0,0,1
0.50105,0.031354,-0.86485,-5.4253,0.031354,0.99803,0.054347,1.3696,0.86485,-0.054347,0.49908,12.209,0,0,0,1
0.50074,0.03137,-0.86503,-5.4291,0.03137,0.99803,0.054352,1.3701,0.86503,-0.054352,0.49876,12.214,0,0,0,1
0.50049,0.031383,-0.86517,-5.4321,0.031383,0.99803,0.054357,1.3706,0.86517,-0.054357,0.49852,12.218,0,0,0,1
0.50032,0.031392,-0.86527,-5.4342,0.031392,0.99803,0.05436,1.3709,0.86527,-0.05436,0.49835,12.221,0,0,0,1
0.50022,0.031397,-0.86533,-5.4355,0.031397,0.99803,0.054362,1.371,0.86533,-0.054362,0.49825,12.223,0,0,0,1
0.50018,0.031399,-0.86535,-5.4359,0.031399,0.99803,0.054363,1.3711,0.86535,-0.054363,0.49821,12.223,0,0,0,1
0.50018,0.031399,-0.86535,-5.4359,0.031399,0.99803,0.054363,1.3711,0.86535,-0.054363,0.49821,12.223,0,0,0,1
0.50022,0.031397,-0.86533,-5.4355,0.031397,0.99803,0.054362,1.371,0.86533,-0.054362,0.49825,12.223,0,0,0,1
0.50032,0.031392,-0.86527,-5.4342,0.031392,0.99803,0.05436,1.3709,0.86527,-0.05436,0.49835,12.221,0,0,0,1
