0.64116,-0.0046916,0.7674,-3.1019,0.082411,0.99462,-0.062773,-0.12753,-0.76297,0.10349,0.63809,-5.9553,0,0,0,1
0.64118,-0.0046921,0.76737,-3.1017,0.082406,0.99462,-0.062773,-0.12756,-0.76295,0.10349,0.63812,-5.9551,0,0,0,1
0.64126,-0.0046934,0.76731,-3.101,0.082392,0.99462,-0.062773,-0.12765,-0.76289,0.10347,0.6382,-5.9545,0,0,0,1
0.64139,-0.0046957,0.7672,-3.0998,0.082368,0.99462,-0.062772,-0.1278,-0.76278,0.10345,0.63832,-5.9534,0,0,0,1
0.64157,-0.0046988,0.76705,-3.0981,0.082334,0.99463,-0.062771,-0.12801,-0.76264,0.10343,0.6385,-5.952,0,0,0,1
0.64179,-0.0047029,0.76686,-3.096,0.082291,0.99463,-0.06277,-0.12828,-0.76245,0.10339,0.63874,-5.9501,0,0,0,1
0.64208,-0.0047079,0.76663,-3.0933,0.082238,0.99463,-0.062769,-0.12861,-0.76222,0.10335,0.63902,-5.9479,0,0,0,1
0.64241,-0.0047137,0.76635,-3.0902,0.082176,0.99464,-0.062767,-0.129,-0.76195,0.1033,0.63935,-5.9452,0,0,0,1
0.64279,-0.0047205,0.76603,-3.0866,0.082104,0.99465,-0.062765,-0.12945,-0.76163,0.10324,0.63973,-5.9421,0,0,0,1
0.64322,-0.0047281,0.76567,-3.0826,0.082022,0.99465,-0.062763,-0.12995,-0.76127,0.10317,0.64017,-5.9386,0,0,0,1
0.64371,-0.0047366,0.76526,-3.0781,0.081931,0.99466,-0.062761,-0.13052,-0.76088,0.1031,0.64066,-5.9347,0,0,0,1
0.64424,-0.004746,0.76481,-3.0731,0.081831,0.99467,-0.062758,-0.13114,-0.76043,0.10302,0.64119,-5.9304,0,0,0,1
0.64482,-0.0047563,0.76432,-3.0676,0.081721,0.99468,-0.062755,-0.13182,-0.75995,0.10293,0.64178,-5.9256,0,0,0,1
0.64546,-0.0047674,0.76378,-3.0617,0.081601,0.99469,-0.062751,-0.13256,-0.75942,0.10283,0.64242,-5.9205,0,0,0,1
0.64614,-0.0047793,0.7632,-3.0553,0.081472,0.9947,-0.062747,-0.13336,-0.75886,0.10272,0.64311,-5.9149,0,0,0,1
0.64688,-0.0047921,0.76258,-3.0484,0.081334,0.99471,-0.062742,-0.13421,-0.75825,0.10261,0.64384,-5.909,0,0,0,1
0.64766,-0.0048057,0.76191,-3.0411,0.081186,0.99472,-0.062737,-0.13512,-0.75759,0.10249,0.64463,-5.9026,0,0,0,1
0.64849,-0.0048202,0.7612,-3.0333,0.081028,0.99474,-0.062731,-0.13609,-0.7569,0.10236,0.64547,-5.8958,0,0,0,1
0.64938,-0.0048354,0.76045,-3.025,0.080862,0.99475,-0.062725,-0.1371,-0.75616,0.10222,0.64636,-5.8886,0,0,0,1
0.65031,-0.0048515,0.75966,-3.0163,0.080685,0.99476,-0.062718,-0.13818,-0.75537,0.10208,0.64729,-5.881,0,0,0,1
0.65129,-0.0048683,0.75881,-3.0072,0.0805,0.99478,-0.062711,-0.1393,-0.75455,0.10193,0.64828,-5.873,0,0,0,1
0.65232,-0.0048859,0.75793,-2.9976,0.080305,0.9948,-0.062703,-0.14048,-0.75368,0.10177,0.64932,-5.8646,0,0,0,1
0.6534,-0.0049042,0.757,-2.9875,0.080101,0.99481,-0.062693,-0.14172,-0.75277,0.1016,0.6504,-5.8557,0,0,0,1
0.65452,-0.0049233,0.75603,-2.977,0.079888,0.99483,-0.062684,-0.143,-0.75181,0.10143,0.65153,-5.8465,0,0,0,1
0.65569,-0.0049432,0.75501,-2.9661,0.079666,0.99485,-0.062673,-0.14433,-0.75081,0.10124,0.65271,-5.8368,0,0,0,1
0.65692,-0.0049637,0.75395,-2.9547,0.079434,0.99487,-0.062661,-0.14572,-0.74977,0.10105,0.65394,-5.8268,0,0,0,1
0.65818,-0.0049849,0.75284,-2.9429,0.079193,0.99489,-0.062648,-0.14715,-0.74868,0.10085,0.65521,-5.8163,0,0,0,1
0.6595,-0.0050068,0.75169,-2.9307,0.078943,0.99491,-0.062635,-0.14863,-0.74755,0.10065,0.65654,-5.8054,0,0,0,1
0.66086,-0.0050294,0.75049,-2.9181,0.078684,0.99493,-0.06262,-0.15016,-0.74637,0.10043,0.65791,-5.7942,0,0,0,1
0.66227,-0.0050526,0.74925,-2.905,0.078417,0.99495,-0.062604,-0.15173,-0.74515,0.10021,0.65932,-5.7825,0,0,0,1
0.66372,-0.0050764,0.74796,-2.8915,0.07814,0.99498,-0.062586,-0.15335,-0.74389,0.099985,0.66078,-5.7704,0,0,0,1
0.66522,-0.0051008,0.74663,-2.8776,0.077854,0.995,-0.062567,-0.15501,-0.74258,0.099749,0.66229,-5.7579,0,0,0,1
0.66676,-0.0051259,0.74525,-2.8632,0.077559,0.99502,-0.062547,-0.15672,-0.74122,0.099505,0.66384,-5.745,0,0,0,1
0.66835,-0.0051514,0.74383,-2.8485,0.077256,0.99505,-0.062526,-0.15847,-0.73982,0.099254,0.66544,-5.7317,0,0,0,1
0.66999,-0.0051776,0.74235,-2.8334,0.076944,0.99507,-0.062503,-0.16026,-0.73837,0.098995,0.66709,-5.7179,0,0,0,1
0.67166,-0.0052042,0.74084,-2.8179,0.076623,0.9951,-0.062478,-0.16209,-0.73688,0.098729,0.66877,-5.7038,0,0,0,1
0.67339,-0.0052314,0.73927,-2.802,0.076293,0.99513,-0.062451,-0.16395,-0.73534,0.098455,0.6705,-5.6893,0,0,0,1
0.67515,-0.005259,0.73766,-2.7857,0.075955,0.99516,-0.062423,-0.16586,-0.73376,0.098174,0.67228,-5.6744,0,0,0,1
0.67696,-0.0052871,0.736,-2.769,0.075608,0.99518,-0.062393,-0.1678,-0.73213,0.097885,0.6741,-5.659,0,0,0,1
0.6788,-0.0053156,0.7343,-2.7519,0.075253,0.99521,-0.062361,-0.16977,-0.73045,0.097589,0.67595,-5.6433,0,0,0,1
0.68069,-0.0053445,0.73255,-2.7345,0.074889,0.99524,-0.062327,-0.17178,-0.72873,0.097285,0.67786,-5.6272,0,0,0,1
0.68263,-0.0053738,0.73075,-2.7167,0.074517,0.99527,-0.062291,-0.17382,-0.72696,0.096974,0.6798,-5.6106,0,0,0,1
0.6846,-0.0054035,0.7289,-2.6985,0.074137,0.9953,-0.062252,-0.17589,-0.72514,0.096656,0.68178,-5.5937,0,0,0,1
0.68661,-0.0054335,0.727,-2.68,0.073748,0.99533,-0.062212,-0.178,-0.72328,0.09633,0.68381,-5.5763,0,0,0,1
0.68866,-0.0054638,0.72506,-2.6612,0.073351,0.99537,-0.062168,-0.18012,-0.72136,0.095997,0.68587,-5.5586,0,0,0,1
0.69075,-0.0054944,0.72307,-2.642,0.072947,0.9954,-0.062123,-0.18228,-0.7194,0.095657,0.68798,-5.5405,0,0,0,1
0.69288,-0.0055252,0.72103,-2.6224,0.072534,0.99543,-0.062074,-0.18446,-0.71739,0.095309,0.69012,-5.5219,0,0,0,1
0.69505,-0.0055563,0.71894,-2.6026,0.072113,0.99547,-0.062024,-0.18667,-0.71533,0.094954,0.6923,-5.503,0,0,0,1
0.69726,-0.0055876,0.7168,-2.5824,0.071684,0.9955,-0.06197,-0.1889,-0.71323,0.094592,0.69452,-5.4837,0,0,0,1
0.6995,-0.005619,0.71461,-2.5618,0.071248,0.99554,-0.061913,-0.19114,-0.71107,0.094223,0.69678,-5.4639,0,0,0,1
0.70178,-0.0056506,0.71237,-2.541,0.070804,0.99557,-0.061854,-0.19341,-0.70887,0.093846,0.69907,-5.4438,0,0,0,1
0.70409,-0.0056824,0.71009,-2.5199,0.070352,0.99561,-0.061791,-0.1957,-0.70662,0.093463,0.7014,-5.4233,0,0,0,1
0.70644,-0.0057142,0.70775,-2.4985,0.069893,0.99564,-0.061725,-0.198,-0.70431,0.093072,0.70376,-5.4024,0,0,0,1
0.70882,-0.005746,0.70536,-2.4767,0.069426,0.99568,-0.061656,-0.20031,-0.70196,0.092674,0.70616,-5.3811,0,0,0,1
0.71124,-0.0057779,0.70292,-2.4547,0.068952,0.99572,-0.061584,-0.20264,-0.69956,0.092269,0.70859,-5.3594,0,0,0,1
0.71369,-0.0058098,0.70043,-2.4324,0.068471,0.99576,-0.061508,-0.20498,-0.6971,0.091857,0.71106,-5.3373,0,0,0,1
0.71618,-0.0058417,0.69789,-2.4099,0.067983,0.99579,-0.061428,-0.20733,-0.6946,0.091438,0.71356,-5.3148,0,0,0,1
0.71869,-0.0058735,0.6953,-2.387,0.067487,0.99583,-0.061345,-0.20969,-0.69205,0.091013,0.71609,-5.2919,0,0,0,1
0.72124,-0.0059053,0.69266,-2.364,0.066985,0.99587,-0.061258,-0.21205,-0.68944,0.09058,0.71866,-5.2686,0,0,0,1
0.72381,-0.0059369,0.68997,-2.3406,0.066476,0.99591,-0.061167,-0.21442,-0.68678,0.09014,0.72125,-5.245,0,0,0,1
0.72642,-0.0059683,0.68722,-2.317,0.06596,0.99595,-0.061072,-0.21679,-0.68408,0.089693,0.72387,-5.221,0,0,0,1
0.72906,-0.0059996,0.68443,-2.2932,0.065437,0.99599,-0.060973,-0.21916,-0.68132,0.08924,0.72653,-5.1965,0,0,0,1
0.73172,-0.0060307,0.68158,-2.2692,0.064908,0.99603,-0.06087,-0.22153,-0.67851,0.08878,0.72921,-5.1717,0,0,0,1
0.73441,-0.0060615,0.67868,-2.2449,0.064372,0.99607,-0.060762,-0.2239,-0.67564,0.088312,0.73192,-5.1465,0,0,0,1
0.73713,-0.006092,0.67572,-2.2204,0.06383,0.99612,-0.06065,-0.22626,-0.67273,0.087839,0.73466,-5.1209,0,0,0,1
0.73988,-0.0061223,0.67272,-2.1957,0.063282,0.99616,-0.060534,-0.22862,-0.66976,0.087358,0.73742,-5.095,0,0,0,1
0.74265,-0.0061522,0.66966,-2.1708,0.062728,0.9962,-0.060412,-0.23097,-0.66674,0.086871,0.74021,-5.0686,0,0,0,1
0.74544,-0.0061817,0.66654,-2.1457,0.062167,0.99624,-0.060286,-0.23331,-0.66367,0.086377,0.74302,-5.0419,0,0,0,1
0.74826,-0.0062108,0.66338,-2.1205,0.061601,0.99629,-0.060155,-0.23564,-0.66054,0.085877,0.74586,-5.0148,0,0,0,1
0.7511,-0.0062395,0.66016,-2.095,0.061029,0.99633,-0.060019,-0.23795,-0.65736,0.08537,0.74872,-4.9873,0,0,0,1
0.75396,-0.0062677,0.65689,-2.0694,0.060452,0.99637,-0.059878,-0.24025,-0.65413,0.084856,0.75161,-4.9594,0,0,0,1
0.75685,-0.0062954,0.65356,-2.0436,0.059869,0.99642,-0.059732,-0.24253,-0.65084,0.084336,0.75451,-4.9311,0,0,0,1
0.75975,-0.0063226,0.65018,-2.0177,0.05928,0.99646,-0.059581,-0.24479,-0.6475,0.083809,0.75744,-4.9025,0,0,0,1
0.76268,-0.0063492,0.64675,-1.9916,0.058687,0.99651,-0.059424,-0.24703,-0.64411,0.083277,0.76039,-4.8735,0,0,0,1
0.76562,-0.0063752,0.64326,-1.9654,0.058088,0.99655,-0.059261,-0.24925,-0.64066,0.082737,0.76335,-4.8442,0,0,0,1
0.76859,-0.0064006,0.63971,-1.9391,0.057484,0.9966,-0.059093,-0.25144,-0.63716,0.082192,0.76634,-4.8144,0,0,0,1
0.77157,-0.0064253,0.63612,-1.9126,0.056876,0.99664,-0.058919,-0.25361,-0.6336,0.08164,0.76934,-4.7843,0,0,0,1
0.77456,-0.0064494,0.63247,-1.8861,0.056263,0.99669,-0.05874,-0.25575,-0.62999,0.081082,0.77236,-4.7538,0,0,0,1
0.77757,-0.0064726,0.62876,-1.8594,0.055645,0.99673,-0.058554,-0.25785,-0.62632,0.080517,0.77539,-4.723,0,0,0,1
0.7806,-0.0064952,0.625,-1.8326,0.055023,0.99678,-0.058363,-0.25993,-0.6226,0.079947,0.77844,-4.6917,0,0,0,1
0.78364,-0.0065169,0.62118,-1.8057,0.054396,0.99682,-0.058165,-0.26196,-0.61883,0.07937,0.78151,-4.6601,0,0,0,1
0.78669,-0.0065378,0.61731,-1.7788,0.053766,0.99687,-0.057961,-0.26397,-0.615,0.078787,0.78458,-4.6282,0,0,0,1
0.78976,-0.0065578,0.61338,-1.7518,0.053131,0.99692,-0.05775,-0.26593,-0.61111,0.078199,0.78767,-4.5959,0,0,0,1
0.79283,-0.0065769,0.6094,-1.7247,0.052493,0.99696,-0.057534,-0.26785,-0.60717,0.077604,0.79077,-4.5632,0,0,0,1
0.79592,-0.0065951,0.60537,-1.6976,0.051851,0.99701,-0.05731,-0.26973,-0.60318,0.077003,0.79388,-4.5302,0,0,0,1
0.79901,-0.0066124,0.60128,-1.6704,0.051205,0.99706,-0.05708,-0.27157,-0.59913,0.076397,0.797,-4.4968,0,0,0,1
0.80212,-0.0066286,0.59713,-1.6432,0.050557,0.9971,-0.056844,-0.27336,-0.59502,0.075784,0.80013,-4.463,0,0,0,1
0.80523,-0.0066438,0.59293,-1.616,0.049905,0.99715,-0.0566,-0.2751,-0.59086,0.075166,0.80327,-4.4289,0,0,0,1
0.80835,-0.006658,0.58867,-1.5887,0.04925,0.9972,-0.05635,-0.27679,-0.58664,0.074542,0.80641,-4.3944,0,0,0,1
0.81147,-0.0066711,0.58436,-1.5614,0.048592,0.99724,-0.056092,-0.27842,-0.58237,0.073912,0.80956,-4.3596,0,0,0,1
0.8146,-0.006683,0.57999,-1.5342,0.047931,0.99729,-0.055828,-0.28001,-0.57804,0.073277,0.81271,-4.3244,0,0,0,1
0.81773,-0.0066938,0.57557,-1.5069,0.047268,0.99734,-0.055556,-0.28153,-0.57366,0.072636,0.81587,-4.2889,0,0,0,1
0.82086,-0.0067034,0.57109,-1.4796,0.046602,0.99738,-0.055277,-0.283,-0.56922,0.071989,0.81903,-4.253,0,0,0,1
0.824,-0.0067118,0.56655,-1.4524,0.045935,0.99743,-0.054991,-0.28441,-0.56473,0.071337,0.82219,-4.2168,0,0,0,1
0.82713,-0.0067189,0.56196,-1.4252,0.045265,0.99748,-0.054698,-0.28576,-0.56018,0.070679,0.82535,-4.1802,0,0,0,1
0.83027,-0.0067248,0.55732,-1.398,0.044593,0.99752,-0.054396,-0.28704,-0.55557,0.070016,0.82851,-4.1433,0,0,0,1
0.83341,-0.0067293,0.55262,-1.3709,0.04392,0.99757,-0.054088,-0.28826,-0.55091,0.069348,0.83168,-4.1061,0,0,0,1
0.83654,-0.0067325,0.54787,-1.3438,0.043245,0.99762,-0.053771,-0.28941,-0.5462,0.068674,0.83484,-4.0685,0,0,0,1
0.83967,-0.0067343,0.54306,-1.3168,0.042569,0.99766,-0.053447,-0.29049,-0.54143,0.067995,0.83799,-4.0306,0,0,0,1
0.84279,-0.0067348,0.53819,-1.2899,0.041891,0.99771,-0.053115,-0.2915,-0.5366,0.067311,0.84115,-3.9923,0,0,0,1
0.84591,-0.0067338,0.53328,-1.263,0.041213,0.99776,-0.052776,-0.29243,-0.53172,0.066622,0.84429,-3.9537,0,0,0,1
0.84903,-0.0067313,0.5283,-1.2362,0.040534,0.9978,-0.052428,-0.29329,-0.52679,0.065927,0.84744,-3.9148,0,0,0,1
0.85214,-0.0067273,0.52328,-1.2096,0.039854,0.99785,-0.052073,-0.29407,-0.5218,0.065228,0.85057,-3.8755,0,0,0,1
0.85524,-0.0067218,0.51819,-1.183,0.039174,0.99789,-0.051709,-0.29478,-0.51676,0.064523,0.8537,-3.8359,0,0,0,1
0.85833,-0.0067148,0.51306,-1.1566,0.038494,0.99794,-0.051337,-0.2954,-0.51166,0.063814,0.85682,-3.796,0,0,0,1
0.86141,-0.0067061,0.50787,-1.1302,0.037813,0.99798,-0.050958,-0.29594,-0.5065,0.063099,0.85993,-3.7558,0,0,0,1
0.86448,-0.0066959,0.50263,-1.104,0.037133,0.99803,-0.05057,-0.29639,-0.5013,0.06238,0.86302,-3.7152,0,0,0,1
0.86754,-0.006684,0.49733,-1.078,0.036453,0.99808,-0.050173,-0.29676,-0.49604,0.061656,0.86611,-3.6743,0,0,0,1
0.87058,-0.0066705,0.49198,-1.052,0.035773,0.99812,-0.049769,-0.29704,-0.49072,0.060927,0.86918,-3.6331,0,0,0,1
0.87361,-0.0066553,0.48658,-1.0263,0.035094,0.99816,-0.049356,-0.29723,-0.48536,0.060194,0.87224,-3.5916,0,0,0,1
0.87663,-0.0066383,0.48112,-1.0007,0.034416,0.99821,-0.048935,-0.29733,-0.47994,0.059456,0.87529,-3.5497,0,0,0,1
0.87963,-0.0066196,0.47562,-0.97522,0.033739,0.99825,-0.048505,-0.29734,-0.47447,0.058713,0.87831,-3.5076,0,0,0,1
0.88261,-0.0065992,0.47006,-0.94996,0.033063,0.9983,-0.048067,-0.29725,-0.46894,0.057966,0.88133,-3.4651,0,0,0,1
0.88558,-0.0065769,0.46445,-0.92489,0.032389,0.99834,-0.04762,-0.29706,-0.46336,0.057215,0.88432,-3.4224,0,0,0,1
0.88852,-0.0065528,0.45878,-0.90001,0.031717,0.99838,-0.047165,-0.29678,-0.45773,0.056459,0.88729,-3.3793,0,0,0,1
0.89145,-0.0065268,0.45307,-0.87533,0.031046,0.99843,-0.046702,-0.29639,-0.45205,0.055698,0.89025,-3.3359,0,0,0,1
0.89436,-0.006499,0.44731,-0.85085,0.030377,0.99847,-0.04623,-0.29591,-0.44632,0.054934,0.89319,-3.2922,0,0,0,1
0.89724,-0.0064693,0.44149,-0.8266,0.02971,0.99851,-0.045749,-0.29532,-0.44054,0.054165,0.8961,-3.2482,0,0,0,1
0.9001,-0.0064376,0.43563,-0.80256,0.029046,0.99855,-0.04526,-0.29462,-0.43471,0.053392,0.89899,-3.204,0,0,0,1
0.90294,-0.006404,0.42971,-0.77876,0.028385,0.99859,-0.044762,-0.29382,-0.42882,0.052615,0.90186,-3.1594,0,0,0,1
0.90576,-0.0063685,0.42375,-0.7552,0.027726,0.99864,-0.044256,-0.29291,-0.42289,0.051834,0.9047,-3.1145,0,0,0,1
0.90855,-0.0063309,0.41774,-0.73188,0.02707,0.99868,-0.043741,-0.29189,-0.41691,0.051049,0.90751,-3.0694,0,0,0,1
0.91131,-0.0062913,0.41168,-0.70881,0.026418,0.99872,-0.043217,-0.29076,-0.41088,0.05026,0.91031,-3.0239,0,0,0,1
0.91404,-0.0062497,0.40557,-0.68601,0.025769,0.99876,-0.042685,-0.28952,-0.4048,0.049467,0.91307,-2.9782,0,0,0,1
0.91675,-0.006206,0.39941,-0.66347,0.025123,0.9988,-0.042144,-0.28816,-0.39867,0.04867,0.9158,-2.9322,0,0,0,1
0.91943,-0.0061602,0.39321,-0.6412,0.024481,0.99883,-0.041595,-0.28669,-0.39249,0.04787,0.91851,-2.8859,0,0,0,1
0.92208,-0.0061123,0.38696,-0.61922,0.023843,0.99887,-0.041037,-0.2851,-0.38627,0.047066,0.92118,-2.8394,0,0,0,1
0.92469,-0.0060623,0.38066,-0.59752,0.023209,0.99891,-0.040471,-0.2834,-0.38,0.046258,0.92383,-2.7925,0,0,0,1
0.92728,-0.0060101,0.37432,-0.57612,0.02258,0.99895,-0.039896,-0.28157,-0.37369,0.045447,0.92644,-2.7454,0,0,0,1
0.92983,-0.0059558,0.36794,-0.55502,0.021955,0.99899,-0.039313,-0.27962,-0.36733,0.044632,0.92902,-2.6981,0,0,0,1
0.93235,-0.0058993,0.36151,-0.53422,0.021335,0.99902,-0.038721,-0.27755,-0.36093,0.043814,0.93156,-2.6504,0,0,0,1
0.93483,-0.0058405,0.35504,-0.51375,0.020719,0.99906,-0.038121,-0.27536,-0.35448,0.042993,0.93408,-2.6025,0,0,0,1
0.93728,-0.0057796,0.34852,-0.49359,0.020109,0.99909,-0.037512,-0.27304,-0.34799,0.042168,0.93655,-2.5544,0,0,0,1
0.9397,-0.0057164,0.34196,-0.47376,0.019504,0.99913,-0.036895,-0.2706,-0.34145,0.04134,0.93899,-2.5059,0,0,0,1
0.94207,-0.0056509,0.33536,-0.45426,0.018905,0.99916,-0.03627,-0.26803,-0.33487,0.040509,0.94139,-2.4573,0,0,0,1
0.94441,-0.0055832,0.32872,-0.4351,0.018311,0.9992,-0.035636,-0.26533,-0.32826,0.039674,0.94376,-2.4083,0,0,0,1
0.94671,-0.0055132,0.32204,-0.41628,0.017723,0.99923,-0.034994,-0.26251,-0.3216,0.038837,0.94608,-2.3592,0,0,0,1
0.94897,-0.0054409,0.31531,-0.39782,0.017141,0.99926,-0.034345,-0.25955,-0.31489,0.037997,0.94837,-2.3097,0,0,0,1
0.95119,-0.0053662,0.30855,-0.37972,0.016565,0.9993,-0.033687,-0.25646,-0.30815,0.037154,0.95061,-2.2601,0,0,0,1
0.95337,-0.0052892,0.30175,-0.36197,0.015996,0.99933,-0.03302,-0.25324,-0.30137,0.036307,0.95281,-2.2102,0,0,0,1
0.95551,-0.0052098,0.29492,-0.3446,0.015433,0.99936,-0.032346,-0.24989,-0.29456,0.035459,0.95498,-2.16,0,0,0,1
0.9576,-0.0051281,0.28804,-0.32759,0.014876,0.99939,-0.031665,-0.2464,-0.2877,0.034607,0.95709,-2.1097,0,0,0,1
0.95966,-0.005044,0.28113,-0.31097,0.014327,0.99942,-0.030975,-0.24278,-0.28081,0.033753,0.95917,-2.0591,0,0,0,1
0.96166,-0.0049575,0.27418,-0.29473,0.013785,0.99945,-0.030277,-0.23902,-0.27388,0.032896,0.9612,-2.0083,0,0,0,1
0.96363,-0.0048686,0.2672,-0.27888,0.01325,0.99947,-0.029572,-0.23512,-0.26692,0.032037,0.96319,-1.9572,0,0,0,1
0.96555,-0.0047772,0.26019,-0.26343,0.012722,0.9995,-0.028859,-0.23109,-0.25992,0.031175,0.96513,-1.9059,0,0,0,1
0.96742,-0.0046835,0.25314,-0.24837,0.012202,0.99953,-0.028139,-0.22692,-0.25289,0.030311,0.96702,-1.8544,0,0,0,1
0.96924,-0.0045873,0.24606,-0.23372,0.011689,0.99956,-0.027411,-0.22261,-0.24582,0.029444,0.96887,-1.8027,0,0,0,1
0.97102,-0.0044886,0.23894,-0.21947,0.011185,0.99958,-0.026676,-0.21816,-0.23872,0.028576,0.97067,-1.7508,0,0,0,1
0.97275,-0.0043875,0.2318,-0.20564,0.010688,0.99961,-0.025934,-0.21357,-0.23159,0.027705,0.97242,-1.6987,0,0,0,1
0.97444,-0.0042838,0.22463,-0.19222,0.0102,0.99963,-0.025184,-0.20884,-0.22444,0.026832,0.97412,-1.6464,0,0,0,1
0.97607,-0.0041778,0.21742,-0.17923,0.0097201,0.99965,-0.024428,-0.20396,-0.21725,0.025957,0.97577,-1.5939,0,0,0,1
0.97765,-0.0040692,0.21019,-0.16666,0.0092486,0.99968,-0.023664,-0.19895,-0.21003,0.02508,0.97737,-1.5411,0,0,0,1
0.97918,-0.0039581,0.20293,-0.15452,0.0087858,0.9997,-0.022894,-0.19379,-0.20278,0.024201,0.97892,-1.4882,0,0,0,1
0.98067,-0.0038445,0.19565,-0.14282,0.0083317,0.99972,-0.022117,-0.18849,-0.19551,0.02332,0.98042,-1.4351,0,0,0,1
0.9821,-0.0037284,0.18834,-0.13155,0.0078866,0.99974,-0.021334,-0.18305,-0.18821,0.022437,0.98187,-1.3818,0,0,0,1
0.98348,-0.0036098,0.181,-0.12072,0.0074505,0.99976,-0.020544,-0.17746,-0.18089,0.021553,0.98327,-1.3283,0,0,0,1
0.9848,-0.0034886,0.17364,-0.11034,0.0070236,0.99978,-0.019748,-0.17173,-0.17354,0.020667,0.98461,-1.2747,0,0,0,1
0.98608,-0.0033649,0.16626,-0.10041,0.0066061,0.9998,-0.018945,-0.16586,-0.16616,0.01978,0.9859,-1.2209,0,0,0,1
0.9873,-0.0032387,0.15886,-0.090922,0.0061979,0.99982,-0.018136,-0.15984,-0.15877,0.018891,0.98714,-1.1669,0,0,0,1
0.98846,-0.0031099,0.15143,-0.081891,0.0057994,0.99983,-0.017322,-0.15367,-0.15135,0.018,0.98832,-1.1127,0,0,0,1
0.98958,-0.0029786,0.14399,-0.073316,0.0054106,0.99985,-0.016501,-0.14736,-0.14392,0.017108,0.98944,-1.0584,0,0,0,1
0.99063,-0.0028448,0.13652,-0.065201,0.0050315,0.99986,-0.015675,-0.14091,-0.13646,0.016215,0.99051,-1.0039,0,0,0,1
0.99164,-0.0027084,0.12904,-0.057549,0.0046624,0.99988,-0.014844,-0.1343,-0.12898,0.015321,0.99153,-0.94922,0,0,0,1
0.99258,-0.0025694,0.12154,-0.05036,0.0043034,0.99989,-0.014007,-0.12756,-0.12149,0.014426,0.99249,-0.89441,0,0,0,1
0.99348,-0.0024279,0.11402,-0.043639,0.0039545,0.99991,-0.013164,-0.12067,-0.11398,0.013529,0.99339,-0.83946,0,0,0,1
0.99431,-0.0022838,0.10649,-0.037386,0.0036158,0.99992,-0.012317,-0.11363,-0.10645,0.012632,0.99424,-0.78436,0,0,0,1
0.99509,-0.0021372,0.098945,-0.031605,0.0032875,0.99993,-0.011464,-0.10645,-0.098913,0.011733,0.99503,-0.72913,0,0,0,1
0.99581,-0.0019881,0.091385,-0.026297,0.0029697,0.99994,-0.010607,-0.099125,-0.091359,0.010834,0.99576,-0.67375,0,0,0,1
0.99648,-0.0018363,0.083814,-0.021464,0.0026624,0.99995,-0.0097449,-0.091654,-0.083791,0.0099337,0.99643,-0.61824,0,0,0,1
0.99709,-0.0016821,0.076231,-0.017107,0.0023657,0.99996,-0.0088784,-0.084038,-0.076212,0.0090329,0.99705,-0.5626,0,0,0,1
0.99764,-0.0015253,0.068637,-0.013228,0.0020797,0.99997,-0.0080075,-0.076278,-0.068623,0.0081314,0.99761,-0.50684,0,0,0,1
0.99813,-0.0013659,0.061035,-0.0098283,0.0018046,0.99997,-0.0071325,-0.068374,-0.061023,0.0072293,0.99811,-0.45095,0,0,0,1
0.99857,-0.001204,0.053424,-0.0069092,0.0015403,0.99998,-0.0062533,-0.060326,-0.053415,0.0063267,0.99855,-0.39495,0,0,0,1
0.99895,-0.0010396,0.045805,-0.0044717,0.0012869,0.99998,-0.0053703,-0.052134,-0.045799,0.0054236,0.99894,-0.33883,0,0,0,1
0.99927,-0.0008726,0.038181,-0.0025167,0.0010445,0.99999,-0.0044836,-0.0438,-0.038177,0.0045202,0.99926,-0.28261,0,0,0,1
0.99953,-0.00070311,0.030551,-0.0010449,0.00081326,0.99999,-0.0035933,-0.035323,-0.030548,0.0036165,0.99953,-0.22628,0,0,0,1
0.99974,-0.00053109,0.022917,-5.6978e-05,0.00059312,1,-0.0026996,-0.026704,-0.022916,0.0027125,0.99973,-0.16985,0,0,0,1
0.99988,-0.00035657,0.01528,0.00044668,0.00038416,1,-0.0018027,-0.017943,-0.015279,0.0018084,0.99988,-0.11332,0,0,0,1
0.99997,-0.00017953,0.0076405,0.00046573,0.00018644,1,-0.00090281,-0.0090417,-0.0076403,0.00090421,0.99997,-0.056706,0,0,0,1
NaN,NaN,NaN,0,NaN,NaN,NaN,0,NaN,NaN,NaN,0,0,0,0,1
0.99997,0.00018202,-0.0076406,-0.00095053,-0.00017511,1,0.00090552,0.0091813,0.0076408,-0.00090415,0.99997,0.056789,0,0,0,1
0.99988,0.00036652,-0.01528,-0.0023857,-0.00033885,1,0.0018136,0.018501,0.015281,-0.0018082,0.99988,0.11366,0,0,0,1
0.99974,0.0005535,-0.022918,-0.0043053,-0.0004912,1,0.002724,0.02796,0.02292,-0.002712,0.99973,0.1706,0,0,0,1
0.99953,0.00074293,-0.030553,-0.0067089,-0.00063211,0.99999,0.0036366,0.037555,0.030555,-0.0036155,0.99953,0.22761,0,0,0,1
0.99927,0.00093481,-0.038184,-0.0095959,-0.00076158,0.99999,0.0045511,0.047288,0.038188,-0.0045187,0.99926,0.28469,0,0,0,1
0.99895,0.0011291,-0.045809,-0.012966,-0.00087957,0.99998,0.0054676,0.057155,0.045815,-0.0054215,0.99894,0.34183,0,0,0,1
0.99857,0.0013259,-0.053429,-0.016817,-0.00098607,0.99998,0.0063856,0.067158,0.053437,-0.0063238,0.99855,0.39903,0,0,0,1
0.99813,0.001525,-0.061042,-0.021149,-0.0010811,0.99997,0.0073052,0.077294,0.061051,-0.0072256,0.99811,0.45628,0,0,0,1
0.99764,0.0017266,-0.068646,-0.025961,-0.0011646,0.99997,0.008226,0.087563,0.068658,-0.0081267,0.99761,0.51358,0,0,0,1
0.99709,0.0019305,-0.076242,-0.031252,-0.0012366,0.99996,0.009148,0.097963,0.076256,-0.0090271,0.99705,0.57092,0,0,0,1
0.99648,0.0021368,-0.083827,-0.037019,-0.0012971,0.99995,0.010071,0.10849,0.083845,-0.0099267,0.99643,0.6283,0,0,0,1
0.99581,0.0023455,-0.091402,-0.043261,-0.001346,0.99994,0.010995,0.11915,0.091422,-0.010825,0.99575,0.68571,0,0,0,1
0.99509,0.0025564,-0.098964,-0.049977,-0.0013835,0.99993,0.011919,0.12994,0.098987,-0.011723,0.99502,0.74316,0,0,0,1
0.99431,0.0027698,-0.10651,-0.057165,-0.0014096,0.99992,0.012843,0.14086,0.10654,-0.01262,0.99423,0.80063,0,0,0,1
0.99347,0.0029854,-0.11405,-0.064822,-0.0014241,0.9999,0.013768,0.1519,0.11408,-0.013516,0.99338,0.85812,0,0,0,1
0.99258,0.0032032,-0.12157,-0.072947,-0.0014273,0.99989,0.014693,0.16307,0.1216,-0.014411,0.99247,0.91563,0,0,0,1
0.99163,0.0034234,-0.12907,-0.081537,-0.001419,0.99988,0.015618,0.17436,0.12911,-0.015304,0.99151,0.97314,0,0,0,1
0.99063,0.0036458,-0.13656,-0.09059,-0.0013994,0.99986,0.016542,0.18577,0.1366,-0.016196,0.99049,1.0307,0,0,0,1
0.98957,0.0038704,-0.14403,-0.1001,-0.0013685,0.99985,0.017466,0.1973,0.14407,-0.017087,0.98942,1.0882,0,0,0,1
0.98845,0.0040972,-0.15148,-0.11007,-0.0013263,0.99983,0.01839,0.20895,0.15153,-0.017976,0.98829,1.1457,0,0,0,1
0.98728,0.0043262,-0.15891,-0.1205,-0.0012728,0.99981,0.019312,0.22071,0.15896,-0.018864,0.9871,1.2032,0,0,0,1
0.98606,0.0045573,-0.16631,-0.13137,-0.0012081,0.99979,0.020233,0.2326,0.16637,-0.01975,0.98587,1.2607,0,0,0,1
0.98479,0.0047906,-0.1737,-0.1427,-0.0011324,0.99978,0.021154,0.2446,0.17376,-0.020635,0.98457,1.3182,0,0,0,1
0.98346,0.005026,-0.18107,-0.15447,-0.0010455,0.99976,0.022072,0.25671,0.18113,-0.021518,0.98322,1.3757,0,0,0,1
0.98208,0.0052635,-0.18841,-0.16668,-0.00094764,0.99974,0.02299,0.26893,0.18848,-0.022399,0.98182,1.4331,0,0,0,1
0.98064,0.005503,-0.19572,-0.17933,-0.00083884,0.99971,0.023905,0.28126,0.1958,-0.023278,0.98037,1.4905,0,0,0,1
0.97916,0.0057445,-0.20301,-0.19241,-0.00071917,0.99969,0.024819,0.29369,0.20309,-0.024156,0.97886,1.5479,0,0,0,1
0.97762,0.0059881,-0.21028,-0.20593,-0.00058871,0.99967,0.025731,0.30624,0.21036,-0.025031,0.9773,1.6052,0,0,0,1
0.97604,0.0062336,-0.21751,-0.21987,-0.00044753,0.99964,0.02664,0.31889,0.2176,-0.025904,0.97569,1.6625,0,0,0,1
0.9744,0.0064811,-0.22472,-0.23423,-0.00029573,0.99962,0.027547,0.33164,0.22482,-0.026776,0.97403,1.7197,0,0,0,1
0.97272,0.0067305,-0.2319,-0.24901,-0.00013339,0.9996,0.028452,0.34449,0.232,-0.027645,0.97232,1.7769,0,0,0,1
0.97098,0.0069818,-0.23905,-0.26421,3.9393e-05,0.99957,0.029354,0.35744,0.23915,-0.028511,0.97056,1.834,0,0,0,1
0.9692,0.0072349,-0.24617,-0.27981,0.00022253,0.99954,0.030253,0.37048,0.24628,-0.029376,0.96875,1.8911,0,0,0,1
0.96737,0.0074899,-0.25326,-0.29582,0.00041592,0.99951,0.031148,0.38362,0.25337,-0.030237,0.9669,1.9481,0,0,0,1
0.96549,0.0077467,-0.26031,-0.31223,0.00061945,0.99949,0.032041,0.39685,0.26043,-0.031097,0.96499,2.005,0,0,0,1
0.96357,0.0080052,-0.26734,-0.32903,0.00083302,0.99946,0.032931,0.41018,0.26745,-0.031954,0.96304,2.0618,0,0,0,1
0.9616,0.0082654,-0.27432,-0.34623,0.0010565,0.99943,0.033817,0.42359,0.27445,-0.032808,0.96104,2.1185,0,0,0,1
0.95959,0.0085274,-0.28128,-0.36381,0.0012898,0.9994,0.034699,0.43708,0.2814,-0.033659,0.959,2.1752,0,0,0,1
0.95753,0.008791,-0.28819,-0.38177,0.0015328,0.99937,0.035577,0.45067,0.28832,-0.034508,0.95691,2.2317,0,0,0,1
0.95543,0.0090562,-0.29508,-0.4001,0.0017854,0.99933,0.036452,0.46433,0.29521,-0.035354,0.95478,2.2882,0,0,0,1
0.95329,0.009323,-0.30192,-0.41881,0.0020475,0.9993,0.037322,0.47807,0.30206,-0.036197,0.9526,2.3445,0,0,0,1
0.9511,0.0095914,-0.30873,-0.43788,0.0023188,0.99927,0.038188,0.49189,0.30887,-0.037037,0.95038,2.4007,0,0,0,1
0.94888,0.0098613,-0.3155,-0.4573,0.0025993,0.99923,0.03905,0.50579,0.31564,-0.037874,0.94812,2.4568,0,0,0,1
0.94661,0.010133,-0.32223,-0.47708,0.0028889,0.9992,0.039908,0.51976,0.32237,-0.038708,0.94582,2.5128,0,0,0,1
0.9443,0.010405,-0.32891,-0.49721,0.0031874,0.99916,0.04076,0.5338,0.32906,-0.039538,0.94348,2.5687,0,0,0,1
0.94196,0.01068,-0.33556,-0.51767,0.0034947,0.99913,0.041608,0.5479,0.33572,-0.040366,0.9411,2.6245,0,0,0,1
0.93957,0.010955,-0.34217,-0.53847,0.0038106,0.99909,0.042451,0.56208,0.34233,-0.04119,0.93868,2.6801,0,0,0,1
0.93715,0.011232,-0.34874,-0.5596,0.004135,0.99905,0.043289,0.57631,0.34889,-0.042011,0.93622,2.7355,0,0,0,1
0.9347,0.01151,-0.35526,-0.58105,0.0044678,0.99902,0.044122,0.59061,0.35542,-0.042828,0.93373,2.7908,0,0,0,1
0.9322,0.01179,-0.36174,-0.60281,0.0048087,0.99898,0.04495,0.60497,0.3619,-0.043642,0.93119,2.846,0,0,0,1
0.92968,0.01207,-0.36818,-0.62489,0.0051576,0.99894,0.045772,0.61938,0.36834,-0.044452,0.92863,2.901,0,0,0,1
0.92712,0.012352,-0.37457,-0.64726,0.0055144,0.9989,0.046589,0.63385,0.37473,-0.045259,0.92603,2.9559,0,0,0,1
0.92452,0.012635,-0.38092,-0.66994,0.0058789,0.99886,0.0474,0.64837,0.38108,-0.046061,0.92339,3.0106,0,0,0,1
0.9219,0.012919,-0.38722,-0.6929,0.006251,0.99882,0.048205,0.66293,0.38739,-0.046861,0.92073,3.0651,0,0,0,1
0.91924,0.013203,-0.39348,-0.71614,0.0066304,0.99878,0.049005,0.67755,0.39364,-0.047656,0.91803,3.1194,0,0,0,1
0.91655,0.013489,-0.39969,-0.73966,0.0070171,0.99873,0.049798,0.6922,0.39985,-0.048447,0.9153,3.1736,0,0,0,1
0.91384,0.013776,-0.40585,-0.76345,0.0074107,0.99869,0.050586,0.7069,0.40602,-0.049235,0.91254,3.2276,0,0,0,1
0.91109,0.014064,-0.41197,-0.78749,0.0078113,0.99865,0.051367,0.72163,0.41213,-0.050018,0.90975,3.2813,0,0,0,1
0.90832,0.014352,-0.41803,-0.8118,0.0082186,0.99861,0.052142,0.7364,0.4182,-0.050797,0.90693,3.3349,0,0,0,1
0.90552,0.014641,-0.42405,-0.83634,0.0086324,0.99856,0.052911,0.7512,0.42422,-0.051572,0.90409,3.3883,0,0,0,1
0.90269,0.014931,-0.43002,-0.86113,0.0090525,0.99852,0.053673,0.76604,0.43019,-0.052343,0.90122,3.4415,0,0,0,1
0.89984,0.015222,-0.43595,-0.88615,0.0094788,0.99847,0.054429,0.7809,0.43611,-0.05311,0.89833,3.4945,0,0,0,1
0.89697,0.015513,-0.44182,-0.9114,0.0099111,0.99843,0.055178,0.79578,0.44198,-0.053872,0.89541,3.5472,0,0,0,1
0.89407,0.015805,-0.44764,-0.93686,0.010349,0.99838,0.055921,0.81069,0.4478,-0.05463,0.89246,3.5997,0,0,0,1
0.89116,0.016097,-0.45341,-0.96253,0.010793,0.99834,0.056657,0.82561,0.45357,-0.055384,0.8895,3.6521,0,0,0,1
0.88822,0.01639,-0.45913,-0.9884,0.011242,0.99829,0.057386,0.84055,0.45929,-0.056133,0.88651,3.7041,0,0,0,1
0.88526,0.016684,-0.4648,-1.0145,0.011696,0.99824,0.058108,0.85551,0.46495,-0.056877,0.88351,3.756,0,0,0,1
0.88228,0.016977,-0.47042,-1.0407,0.012156,0.99819,0.058823,0.87048,0.47057,-0.057617,0.88048,3.8076,0,0,0,1
0.87928,0.017271,-0.47598,-1.0671,0.01262,0.99815,0.059532,0.88545,0.47613,-0.058352,0.87744,3.8589,0,0,0,1
0.87627,0.017565,-0.4815,-1.0937,0.013089,0.9981,0.060233,0.90043,0.48164,-0.059083,0.87438,3.91,0,0,0,1
0.87324,0.01786,-0.48696,-1.1205,0.013563,0.99805,0.060927,0.91541,0.4871,-0.059808,0.8713,3.9609,0,0,0,1
0.8702,0.018155,-0.49237,-1.1474,0.014041,0.998,0.061613,0.93039,0.4925,-0.060529,0.8682,4.0115,0,0,0,1
0.86714,0.018449,-0.49772,-1.1745,0.014523,0.99795,0.062293,0.94536,0.49785,-0.061245,0.8651,4.0618,0,0,0,1
0.86407,0.018744,-0.50302,-1.2017,0.015008,0.9979,0.062965,0.96033,0.50315,-0.061956,0.86198,4.1118,0,0,0,1
0.86099,0.019039,-0.50827,-1.229,0.015498,0.99785,0.06363,0.97529,0.50839,-0.062662,0.85884,4.1616,0,0,0,1
0.85789,0.019333,-0.51347,-1.2565,0.015991,0.9978,0.064287,0.99024,0.51358,-0.063363,0.8557,4.2111,0,0,0,1
0.85479,0.019628,-0.51861,-1.284,0.016487,0.99775,0.064937,1.0052,0.51872,-0.064058,0.85254,4.2603,0,0,0,1
0.85167,0.019922,-0.52369,-1.3117,0.016987,0.9977,0.06558,1.0201,0.5238,-0.064749,0.84938,4.3092,0,0,0,1
0.84855,0.020216,-0.52873,-1.3395,0.017489,0.99765,0.066215,1.035,0.52882,-0.065434,0.84621,4.3579,0,0,0,1
0.84542,0.02051,-0.5337,-1.3673,0.017995,0.9976,0.066843,1.0499,0.53379,-0.066114,0.84303,4.4062,0,0,0,1
0.84229,0.020804,-0.53863,-1.3953,0.018503,0.99755,0.067463,1.0647,0.53871,-0.066789,0.83984,4.4542,0,0,0,1
0.83915,0.021097,-0.5435,-1.4233,0.019013,0.9975,0.068075,1.0795,0.54357,-0.067458,0.83665,4.5019,0,0,0,1
0.836,0.021389,-0.54831,-1.4514,0.019525,0.99745,0.06868,1.0943,0.54838,-0.068122,0.83345,4.5493,0,0,0,1
0.83285,0.021682,-0.55307,-1.4795,0.020039,0.9974,0.069277,1.109,0.55313,-0.068781,0.83025,4.5964,0,0,0,1
0.8297,0.021973,-0.55777,-1.5077,0.020555,0.99734,0.069867,1.1237,0.55782,-0.069434,0.82705,4.6432,0,0,0,1
0.82655,0.022264,-0.56242,-1.5359,0.021073,0.99729,0.070449,1.1384,0.56246,-0.070081,0.82385,4.6896,0,0,0,1
0.8234,0.022554,-0.56701,-1.5641,0.021592,0.99724,0.071023,1.153,0.56705,-0.070723,0.82064,4.7357,0,0,0,1
0.82025,0.022844,-0.57155,-1.5924,0.022112,0.99719,0.071589,1.1676,0.57158,-0.071359,0.81744,4.7815,0,0,0,1
0.8171,0.023132,-0.57603,-1.6206,0.022633,0.99714,0.072148,1.1821,0.57605,-0.07199,0.81424,4.8269,0,0,0,1
0.81395,0.02342,-0.58046,-1.6489,0.023155,0.99709,0.072699,1.1966,0.58047,-0.072615,0.81104,4.872,0,0,0,1
0.81081,0.023707,-0.58483,-1.6772,0.023678,0.99703,0.073243,1.211,0.58483,-0.073233,0.80784,4.9167,0,0,0,1
0.80767,0.023992,-0.58914,-1.7055,0.024201,0.99698,0.073779,1.2254,0.58914,-0.073847,0.80465,4.9611,0,0,0,1
0.80454,0.024277,-0.5934,-1.7337,0.024724,0.99693,0.074307,1.2397,0.59339,-0.074454,0.80147,5.0051,0,0,0,1
0.80141,0.024561,-0.59761,-1.7619,0.025247,0.99688,0.074827,1.2539,0.59758,-0.075055,0.79829,5.0488,0,0,0,1
0.79829,0.024843,-0.60176,-1.7901,0.02577,0.99682,0.07534,1.268,0.60172,-0.075651,0.79512,5.092,0,0,0,1
0.79518,0.025124,-0.60585,-1.8182,0.026293,0.99677,0.075845,1.2821,0.6058,-0.07624,0.79195,5.135,0,0,0,1
0.79208,0.025404,-0.60989,-1.8463,0.026815,0.99672,0.076342,1.2961,0.60983,-0.076823,0.7888,5.1775,0,0,0,1
0.78899,0.025683,-0.61387,-1.8743,0.027337,0.99667,0.076832,1.3101,0.6138,-0.077401,0.78566,5.2196,0,0,0,1
0.7859,0.02596,-0.6178,-1.9022,0.027857,0.99662,0.077315,1.3239,0.61772,-0.077972,0.78252,5.2614,0,0,0,1
0.78284,0.026236,-0.62168,-1.9301,0.028376,0.99657,0.077789,1.3377,0.62158,-0.078537,0.7794,5.3028,0,0,0,1
0.77978,0.02651,-0.62549,-1.9578,0.028895,0.99651,0.078256,1.3514,0.62539,-0.079096,0.7763,5.3438,0,0,0,1
0.77674,0.026782,-0.62926,-1.9855,0.029411,0.99646,0.078716,1.365,0.62914,-0.079649,0.7732,5.3844,0,0,0,1
0.77371,0.027053,-0.63296,-2.0131,0.029926,0.99641,0.079168,1.3785,0.63283,-0.080195,0.77012,5.4245,0,0,0,1
0.7707,0.027322,-0.63662,-2.0405,0.03044,0.99636,0.079612,1.3919,0.63648,-0.080735,0.76706,5.4643,0,0,0,1
0.7677,0.02759,-0.64022,-2.0678,0.030951,0.99631,0.080049,1.4053,0.64006,-0.081269,0.76401,5.5037,0,0,0,1
0.76472,0.027855,-0.64376,-2.095,0.03146,0.99626,0.080479,1.4185,0.64359,-0.081796,0.76098,5.5426,0,0,0,1
0.76176,0.028119,-0.64725,-2.1221,0.031966,0.99621,0.080901,1.4316,0.64707,-0.082317,0.75797,5.5812,0,0,0,1
0.75882,0.02838,-0.65068,-2.149,0.032471,0.99616,0.081316,1.4446,0.65049,-0.082832,0.75498,5.6193,0,0,0,1
0.7559,0.02864,-0.65406,-2.1758,0.032972,0.99611,0.081723,1.4575,0.65386,-0.08334,0.75201,5.657,0,0,0,1
0.753,0.028898,-0.65739,-2.2024,0.033471,0.99606,0.082124,1.4703,0.65717,-0.083842,0.74906,5.6942,0,0,0,1
0.75012,0.029153,-0.66066,-2.2288,0.033966,0.99601,0.082516,1.483,0.66043,-0.084337,0.74613,5.7311,0,0,0,1
0.74726,0.029407,-0.66388,-2.255,0.034459,0.99596,0.082902,1.4956,0.66364,-0.084826,0.74323,5.7674,0,0,0,1
0.74442,0.029658,-0.66705,-2.2811,0.034948,0.99591,0.083281,1.508,0.66679,-0.085308,0.74035,5.8034,0,0,0,1
0.74161,0.029906,-0.67016,-2.3069,0.035433,0.99586,0.083652,1.5204,0.66989,-0.085783,0.73749,5.8389,0,0,0,1
0.73883,0.030153,-0.67322,-2.3326,0.035915,0.99582,0.084016,1.5326,0.67294,-0.086252,0.73465,5.8739,0,0,0,1
0.73607,0.030397,-0.67622,-2.358,0.036393,0.99577,0.084374,1.5447,0.67593,-0.086714,0.73185,5.9085,0,0,0,1
0.73333,0.030638,-0.67918,-2.3833,0.036866,0.99572,0.084724,1.5566,0.67887,-0.08717,0.72907,5.9427,0,0,0,1
0.73063,0.030877,-0.68208,-2.4083,0.037336,0.99568,0.085067,1.5684,0.68176,-0.087619,0.72631,5.9763,0,0,0,1
0.72795,0.031114,-0.68493,-2.4331,0.037802,0.99563,0.085404,1.5801,0.68459,-0.088061,0.72359,6.0096,0,0,0,1
0.7253,0.031348,-0.68772,-2.4576,0.038263,0.99558,0.085733,1.5917,0.68737,-0.088496,0.72089,6.0423,0,0,0,1
0.72267,0.031579,-0.69047,-2.4819,0.038719,0.99554,0.086056,1.6031,0.6901,-0.088925,0.71823,6.0746,0,0,0,1
0.72008,0.031807,-0.69316,-2.5059,0.03917,0.99549,0.086372,1.6144,0.69278,-0.089346,0.71559,6.1064,0,0,0,1
0.71752,0.032033,-0.6958,-2.5297,0.039617,0.99545,0.086681,1.6255,0.69541,-0.089761,0.71299,6.1377,0,0,0,1
0.71499,0.032255,-0.69839,-2.5532,0.040059,0.9954,0.086984,1.6365,0.69798,-0.090169,0.71041,6.1685,0,0,0,1
0.71249,0.032475,-0.70093,-2.5764,0.040495,0.99536,0.08728,1.6473,0.70051,-0.09057,0.70787,6.1989,0,0,0,1
0.71003,0.032692,-0.70341,-2.5993,0.040926,0.99532,0.087569,1.658,0.70298,-0.090965,0.70537,6.2288,0,0,0,1
0.7076,0.032906,-0.70585,-2.622,0.041352,0.99527,0.087852,1.6685,0.70541,-0.091352,0.70289,6.2582,0,0,0,1
0.7052,0.033117,-0.70824,-2.6443,0.041772,0.99523,0.088129,1.6789,0.70778,-0.091732,0.70045,6.2871,0,0,0,1
0.70283,0.033324,-0.71057,-2.6664,0.042186,0.99519,0.088399,1.6891,0.7101,-0.092106,0.69805,6.3154,0,0,0,1
0.70051,0.033529,-0.71286,-2.6881,0.042594,0.99515,0.088663,1.6992,0.71237,-0.092472,0.69568,6.3433,0,0,0,1
0.69821,0.03373,-0.71509,-2.7095,0.042997,0.99511,0.08892,1.7091,0.7146,-0.092832,0.69335,6.3707,0,0,0,1
0.69596,0.033928,-0.71728,-2.7306,0.043393,0.99507,0.089171,1.7188,0.71677,-0.093184,0.69106,6.3976,0,0,0,1
0.69374,0.034123,-0.71942,-2.7514,0.043783,0.99503,0.089416,1.7284,0.71889,-0.09353,0.6888,6.424,0,0,0,1
0.69156,0.034315,-0.7215,-2.7718,0.044167,0.99499,0.089655,1.7378,0.72097,-0.093868,0.68658,6.4499,0,0,0,1
0.68942,0.034503,-0.72354,-2.7919,0.044544,0.99496,0.089888,1.747,0.72299,-0.0942,0.6844,6.4752,0,0,0,1
0.68731,0.034687,-0.72553,-2.8116,0.044915,0.99492,0.090115,1.756,0.72497,-0.094524,0.68226,6.5001,0,0,0,1
0.68525,0.034868,-0.72747,-2.831,0.045278,0.99488,0.090336,1.7649,0.7269,-0.094841,0.68016,6.5244,0,0,0,1
0.68322,0.035046,-0.72937,-2.85,0.045636,0.99485,0.090551,1.7736,0.72878,-0.095151,0.6781,6.5482,0,0,0,1
0.68124,0.03522,-0.73121,-2.8687,0.045986,0.99481,0.09076,1.7822,0.73062,-0.095454,0.67608,6.5714,0,0,0,1
0.6793,0.035391,-0.73301,-2.887,0.046329,0.99478,0.090963,1.7905,0.7324,-0.09575,0.67411,6.5942,0,0,0,1
0.67739,0.035557,-0.73476,-2.9049,0.046665,0.99474,0.09116,1.7987,0.73414,-0.096039,0.67217,6.6164,0,0,0,1
0.67553,0.035721,-0.73646,-2.9224,0.046994,0.99471,0.091352,1.8067,0.73583,-0.096321,0.67028,6.6381,0,0,0,1
0.67372,0.03588,-0.73812,-2.9396,0.047315,0.99468,0.091538,1.8145,0.73747,-0.096595,0.66843,6.6592,0,0,0,1
0.67194,0.036036,-0.73973,-2.9563,0.047629,0.99465,0.091719,1.8221,0.73907,-0.096862,0.66663,6.6798,0,0,0,1
0.67021,0.036187,-0.74129,-2.9726,0.047936,0.99461,0.091894,1.8295,0.74062,-0.097122,0.66487,6.6999,0,0,0,1
0.66852,0.036335,-0.7428,-2.9886,0.048235,0.99458,0.092063,1.8367,0.74213,-0.097375,0.66315,6.7195,0,0,0,1
0.66688,0.03648,-0.74427,-3.0041,0.048526,0.99455,0.092227,1.8438,0.74358,-0.097621,0.66148,6.7384,0,0,0,1
0.66528,0.03662,-0.7457,-3.0193,0.048809,0.99453,0.092385,1.8506,0.745,-0.097859,0.65985,6.7569,0,0,0,1
0.66373,0.036756,-0.74707,-3.034,0.049085,0.9945,0.092538,1.8573,0.74636,-0.09809,0.65827,6.7748,0,0,0,1
0.66222,0.036888,-0.7484,-3.0482,0.049353,0.99447,0.092686,1.8637,0.74768,-0.098314,0.65674,6.7921,0,0,0,1
0.66075,0.037016,-0.74969,-3.0621,0.049612,0.99445,0.092828,1.87,0.74896,-0.098531,0.65525,6.8089,0,0,0,1
0.65934,0.037141,-0.75093,-3.0755,0.049864,0.99442,0.092966,1.876,0.75019,-0.09874,0.65381,6.8252,0,0,0,1
0.65797,0.037261,-0.75212,-3.0885,0.050107,0.9944,0.093098,1.8819,0.75138,-0.098942,0.65241,6.8409,0,0,0,1
0.65665,0.037377,-0.75327,-3.1011,0.050342,0.99437,0.093224,1.8876,0.75252,-0.099137,0.65107,6.856,0,0,0,1
0.65537,0.037489,-0.75438,-3.1132,0.050569,0.99435,0.093346,1.893,0.75361,-0.099324,0.64977,6.8706,0,0,0,1
0.65414,0.037596,-0.75544,-3.1249,0.050788,0.99433,0.093463,1.8983,0.75467,-0.099505,0.64852,6.8846,0,0,0,1
0.65296,0.0377,-0.75645,-3.1361,0.050998,0.99431,0.093574,1.9033,0.75567,-0.099678,0.64732,6.8981,0,0,0,1
0.65183,0.037799,-0.75743,-3.1469,0.051199,0.99428,0.093681,1.9081,0.75664,-0.099843,0.64617,6.911,0,0,0,1
0.65074,0.037894,-0.75835,-3.1572,0.051392,0.99427,0.093782,1.9128,0.75756,-0.1,0.64506,6.9233,0,0,0,1
0.64971,0.037985,-0.75924,-3.167,0.051577,0.99425,0.093879,1.9172,0.75843,-0.10015,0.64401,6.9351,0,0,0,1
0.64872,0.038072,-0.76007,-3.1764,0.051752,0.99423,0.093971,1.9214,0.75927,-0.1003,0.64301,6.9463,0,0,0,1
0.64778,0.038154,-0.76087,-3.1853,0.051919,0.99421,0.094057,1.9254,0.76005,-0.10043,0.64205,6.9569,0,0,0,1
0.64689,0.038232,-0.76162,-3.1938,0.052077,0.9942,0.094139,1.9292,0.7608,-0.10056,0.64115,6.967,0,0,0,1
0.64606,0.038305,-0.76233,-3.2018,0.052227,0.99418,0.094216,1.9328,0.7615,-0.10068,0.6403,6.9765,0,0,0,1
0.64527,0.038374,-0.76299,-3.2093,0.052367,0.99417,0.094289,1.9362,0.76216,-0.1008,0.63949,6.9854,0,0,0,1
0.64453,0.038439,-0.76361,-3.2164,0.052499,0.99415,0.094356,1.9393,0.76278,-0.1009,0.63874,6.9938,0,0,0,1
0.64384,0.0385,-0.76419,-3.2229,0.052622,0.99414,0.094419,1.9422,0.76335,-0.101,0.63804,7.0016,0,0,0,1
0.6432,0.038556,-0.76473,-3.229,0.052736,0.99413,0.094477,1.945,0.76388,-0.1011,0.63739,7.0088,0,0,0,1
0.64261,0.038607,-0.76522,-3.2346,0.052841,0.99412,0.09453,1.9475,0.76437,-0.10118,0.63679,7.0154,0,0,0,1
0.64208,0.038654,-0.76567,-3.2397,0.052936,0.99411,0.094579,1.9498,0.76481,-0.10126,0.63625,7.0215,0,0,0,1
0.64159,0.038697,-0.76607,-3.2444,0.053023,0.9941,0.094623,1.9518,0.76521,-0.10133,0.63575,7.027,0,0,0,1
0.64115,0.038735,-0.76643,-3.2485,0.053101,0.99409,0.094662,1.9537,0.76557,-0.10139,0.63531,7.0319,0,0,0,1
0.64077,0.038769,-0.76675,-3.2522,0.053169,0.99409,0.094696,1.9553,0.76589,-0.10145,0.63492,7.0362,0,0,0,1
0.64044,0.038798,-0.76703,-3.2554,0.053229,0.99408,0.094726,1.9568,0.76617,-0.10149,0.63458,7.04,0,0,0,1
0.64015,0.038823,-0.76727,-3.2581,0.053279,0.99407,0.094752,1.958,0.7664,-0.10154,0.63429,7.0432,0,0,0,1
0.63992,0.038843,-0.76746,-3.2603,0.053321,0.99407,0.094772,1.9589,0.76659,-0.10157,0.63406,7.0458,0,0,0,1
0.63974,0.038859,-0.76761,-3.262,0.053353,0.99407,0.094789,1.9597,0.76674,-0.10159,0.63387,7.0478,0,0,0,1
0.63961,0.03887,-0.76771,-3.2633,0.053376,0.99406,0.0948,1.9603,0.76684,-0.10161,0.63374,7.0492,0,0,0,1
0.63954,0.038877,-0.76778,-3.264,0.053389,0.99406,0.094807,1.9606,0.7669,-0.10162,0.63366,7.0501,0,0,0,1
0.63951,0.038879,-0.7678,-3.2642,0.053394,0.99406,0.094809,1.9607,0.76693,-0.10163,0.63364,7.0504,0,0,0,1
0.63951,0.038879,-0.7678,-3.2642,0.053394,0.99406,0.094809,1.9607,0.76693,-0.10163,0.63364,7.0504,0,0,0,1
