0.50047,0.049967,0.86431,-5.2773,0.049967,0.995,-0.086455,-0.78998,-0.86431,0.086455,0.49547,-6.1149,0,0,0,1
0.5005,0.049963,0.86429,-5.2769,0.049963,0.995,-0.086452,-0.78996,-0.86429,0.086452,0.4955,-6.1148,0,0,0,1
0.5006,0.049952,0.86423,-5.2757,0.049952,0.995,-0.086445,-0.78989,-0.86423,0.086445,0.49561,-6.1144,0,0,0,1
0.50078,0.049933,0.86414,-5.2737,0.049933,0.99501,-0.086432,-0.78978,-0.86414,0.086432,0.49578,-6.1137,0,0,0,1
0.50102,0.049906,0.864,-5.271,0.049906,0.99501,-0.086414,-0.78963,-0.864,0.086414,0.49603,-6.1127,0,0,0,1
0.50133,0.049872,0.86382,-5.2674,0.049872,0.99501,-0.08639,-0.78943,-0.86382,0.08639,0.49634,-6.1114,0,0,0,1
0.50171,0.04983,0.8636,-5.2631,0.04983,0.99502,-0.086362,-0.78919,-0.8636,0.086362,0.49672,-6.1098,0,0,0,1
0.50215,0.049781,0.86335,-5.258,0.049781,0.99502,-0.086328,-0.78891,-0.86335,0.086328,0.49717,-6.108,0,0,0,1
0.50267,0.049724,0.86305,-5.2521,0.049724,0.99503,-0.086289,-0.78858,-0.86305,0.086289,0.4977,-6.1058,0,0,0,1
0.50325,0.04966,0.86271,-5.2455,0.04966,0.99504,-0.086245,-0.7882,-0.86271,0.086245,0.49829,-6.1034,0,0,0,1
0.50391,0.049588,0.86233,-5.238,0.049588,0.99504,-0.086196,-0.78779,-0.86233,0.086196,0.49895,-6.1007,0,0,0,1
0.50463,0.049509,0.86192,-5.2298,0.049509,0.99505,-0.086142,-0.78733,-0.86192,0.086142,0.49968,-6.0977,0,0,0,1
0.50541,0.049422,0.86146,-5.2208,0.049422,0.99506,-0.086082,-0.78682,-0.86146,0.086082,0.50048,-6.0944,0,0,0,1
0.50627,0.049327,0.86096,-5.2111,0.049327,0.99507,-0.086017,-0.78627,-0.86096,0.086017,0.50134,-6.0908,0,0,0,1
0.5072,0.049226,0.86042,-5.2005,0.049226,0.99508,-0.085947,-0.78568,-0.86042,0.085947,0.50228,-6.0869,0,0,0,1
0.50819,0.049116,0.85984,-5.1892,0.049116,0.99509,-0.085871,-0.78504,-0.85984,0.085871,0.50328,-6.0828,0,0,0,1
0.50925,0.049,0.85922,-5.1772,0.049,0.99511,-0.08579,-0.78436,-0.85922,0.08579,0.50435,-6.0783,0,0,0,1
0.51037,0.048876,0.85856,-5.1644,0.048876,0.99512,-0.085704,-0.78363,-0.85856,0.085704,0.50549,-6.0736,0,0,0,1
0.51157,0.048745,0.85786,-5.1508,0.048745,0.99514,-0.085613,-0.78286,-0.85786,0.085613,0.5067,-6.0686,0,0,0,1
0.51282,0.048607,0.85712,-5.1365,0.048607,0.99515,-0.085516,-0.78205,-0.85712,0.085516,0.50798,-6.0632,0,0,0,1
0.51415,0.048461,0.85633,-5.1215,0.048461,0.99517,-0.085414,-0.78119,-0.85633,0.085414,0.50932,-6.0576,0,0,0,1
0.51554,0.048308,0.8555,-5.1057,0.048308,0.99518,-0.085307,-0.78029,-0.8555,0.085307,0.51072,-6.0517,0,0,0,1
0.517,0.048148,0.85463,-5.0891,0.048148,0.9952,-0.085194,-0.77934,-0.85463,0.085194,0.5122,-6.0455,0,0,0,1
0.51852,0.047981,0.85372,-5.0719,0.047981,0.99522,-0.085076,-0.77834,-0.85372,0.085076,0.51374,-6.0389,0,0,0,1
0.52011,0.047807,0.85276,-5.0539,0.047807,0.99524,-0.084953,-0.7773,-0.85276,0.084953,0.51535,-6.0321,0,0,0,1
0.52176,0.047626,0.85176,-5.0352,0.047626,0.99526,-0.084824,-0.77622,-0.85176,0.084824,0.51702,-6.025,0,0,0,1
0.52348,0.047438,0.85072,-5.0158,0.047438,0.99528,-0.084689,-0.77509,-0.85072,0.084689,0.51876,-6.0176,0,0,0,1
0.52526,0.047243,0.84963,-4.9956,0.047243,0.9953,-0.08455,-0.77392,-0.84963,0.08455,0.52056,-6.0098,0,0,0,1
0.5271,0.047041,0.8485,-4.9748,0.047041,0.99532,-0.084404,-0.7727,-0.8485,0.084404,0.52242,-6.0018,0,0,0,1
0.52901,0.046833,0.84732,-4.9533,0.046833,0.99534,-0.084253,-0.77144,-0.84732,0.084253,0.52435,-5.9935,0,0,0,1
0.53098,0.046618,0.8461,-4.9311,0.046618,0.99537,-0.084097,-0.77013,-0.8461,0.084097,0.52635,-5.9848,0,0,0,1
0.53301,0.046396,0.84484,-4.9082,0.046396,0.99539,-0.083935,-0.76877,-0.84484,0.083935,0.5284,-5.9758,0,0,0,1
0.5351,0.046167,0.84352,-4.8846,0.046167,0.99542,-0.083768,-0.76737,-0.84352,0.083768,0.53052,-5.9666,0,0,0,1
0.53726,0.045932,0.84217,-4.8603,0.045932,0.99544,-0.083594,-0.76592,-0.84217,0.083594,0.5327,-5.957,0,0,0,1
0.53948,0.045691,0.84076,-4.8354,0.045691,0.99547,-0.083416,-0.76443,-0.84076,0.083416,0.53494,-5.9471,0,0,0,1
0.54175,0.045443,0.83931,-4.8099,0.045443,0.99549,-0.083231,-0.76289,-0.83931,0.083231,0.53725,-5.9368,0,0,0,1
0.54409,0.045189,0.83781,-4.7837,0.045189,0.99552,-0.083041,-0.76131,-0.83781,0.083041,0.53961,-5.9263,0,0,0,1
0.54648,0.044928,0.83626,-4.7568,0.044928,0.99555,-0.082845,-0.75967,-0.83626,0.082845,0.54203,-5.9154,0,0,0,1
0.54894,0.044662,0.83467,-4.7293,0.044662,0.99558,-0.082644,-0.758,-0.83467,0.082644,0.54451,-5.9042,0,0,0,1
0.55145,0.044389,0.83303,-4.7012,0.044389,0.99561,-0.082437,-0.75627,-0.83303,0.082437,0.54706,-5.8927,0,0,0,1
0.55402,0.04411,0.83134,-4.6725,0.04411,0.99564,-0.082224,-0.7545,-0.83134,0.082224,0.54965,-5.8809,0,0,0,1
0.55664,0.043825,0.82959,-4.6432,0.043825,0.99567,-0.082005,-0.75268,-0.82959,0.082005,0.55231,-5.8687,0,0,0,1
0.55933,0.043535,0.8278,-4.6133,0.043535,0.9957,-0.08178,-0.75082,-0.8278,0.08178,0.55503,-5.8562,0,0,0,1
0.56207,0.043239,0.82596,-4.5828,0.043239,0.99573,-0.08155,-0.74891,-0.82596,0.08155,0.5578,-5.8433,0,0,0,1
0.56486,0.042937,0.82407,-4.5517,0.042937,0.99576,-0.081313,-0.74695,-0.82407,0.081313,0.56062,-5.8302,0,0,0,1
0.56771,0.042629,0.82213,-4.52,0.042629,0.9958,-0.081071,-0.74494,-0.82213,0.081071,0.5635,-5.8166,0,0,0,1
0.57061,0.042316,0.82013,-4.4878,0.042316,0.99583,-0.080823,-0.74289,-0.82013,0.080823,0.56644,-5.8028,0,0,0,1
0.57356,0.041998,0.81808,-4.455,0.041998,0.99586,-0.080569,-0.74078,-0.81808,0.080569,0.56943,-5.7886,0,0,0,1
0.57657,0.041674,0.81599,-4.4217,0.041674,0.9959,-0.080309,-0.73863,-0.81599,0.080309,0.57247,-5.774,0,0,0,1
0.57963,0.041345,0.81383,-4.3879,0.041345,0.99593,-0.080042,-0.73644,-0.81383,0.080042,0.57556,-5.7591,0,0,0,1
0.58274,0.041011,0.81163,-4.3535,0.041011,0.99597,-0.07977,-0.73419,-0.81163,0.07977,0.57871,-5.7439,0,0,0,1
0.58589,0.040671,0.80937,-4.3187,0.040671,0.99601,-0.079492,-0.7319,-0.80937,0.079492,0.5819,-5.7283,0,0,0,1
0.5891,0.040327,0.80705,-4.2833,0.040327,0.99604,-0.079208,-0.72955,-0.80705,0.079208,0.58515,-5.7123,0,0,0,1
0.59236,0.039978,0.80468,-4.2475,0.039978,0.99608,-0.078917,-0.72716,-0.80468,0.078917,0.58844,-5.696,0,0,0,1
0.59566,0.039625,0.80226,-4.2111,0.039625,0.99612,-0.078621,-0.72472,-0.80226,0.078621,0.59178,-5.6793,0,0,0,1
0.59902,0.039267,0.79977,-4.1743,0.039267,0.99615,-0.078318,-0.72223,-0.79977,0.078318,0.59517,-5.6623,0,0,0,1
0.60241,0.038904,0.79724,-4.1371,0.038904,0.99619,-0.078009,-0.71969,-0.79724,0.078009,0.59861,-5.6448,0,0,0,1
0.60586,0.038537,0.79464,-4.0994,0.038537,0.99623,-0.077695,-0.71711,-0.79464,0.077695,0.60209,-5.6271,0,0,0,1
0.60934,0.038165,0.79199,-4.0612,0.038165,0.99627,-0.077373,-0.71447,-0.79199,0.077373,0.60561,-5.6089,0,0,0,1
0.61287,0.03779,0.78928,-4.0227,0.03779,0.99631,-0.077046,-0.71178,-0.78928,0.077046,0.60918,-5.5904,0,0,0,1
0.61644,0.03741,0.78651,-3.9837,0.03741,0.99635,-0.076712,-0.70904,-0.78651,0.076712,0.6128,-5.5715,0,0,0,1
0.62006,0.037027,0.78368,-3.9443,0.037027,0.99639,-0.076372,-0.70626,-0.78368,0.076372,0.61645,-5.5522,0,0,0,1
0.62371,0.036639,0.78079,-3.9045,0.036639,0.99643,-0.076026,-0.70342,-0.78079,0.076026,0.62015,-5.5326,0,0,0,1
0.62741,0.036248,0.77785,-3.8644,0.036248,0.99647,-0.075674,-0.70054,-0.77785,0.075674,0.62388,-5.5125,0,0,0,1
0.63114,0.035853,0.77484,-3.8239,0.035853,0.99652,-0.075315,-0.6976,-0.77484,0.075315,0.62765,-5.4921,0,0,0,1
0.63491,0.035455,0.77177,-3.7831,0.035455,0.99656,-0.07495,-0.69461,-0.77177,0.07495,0.63147,-5.4713,0,0,0,1
0.63872,0.035054,0.76864,-3.7419,0.035054,0.9966,-0.074578,-0.69157,-0.76864,0.074578,0.63532,-5.45,0,0,0,1
0.64256,0.034649,0.76545,-3.7003,0.034649,0.99664,-0.074201,-0.68848,-0.76545,0.074201,0.6392,-5.4284,0,0,0,1
0.64644,0.034241,0.7622,-3.6585,0.034241,0.99668,-0.073817,-0.68534,-0.7622,0.073817,0.64312,-5.4064,0,0,0,1
0.65035,0.033831,0.75888,-3.6164,0.033831,0.99673,-0.073426,-0.68215,-0.75888,0.073426,0.64708,-5.384,0,0,0,1
0.65429,0.033417,0.7555,-3.574,0.033417,0.99677,-0.073029,-0.67891,-0.7555,0.073029,0.65106,-5.3612,0,0,0,1
0.65827,0.033001,0.75206,-3.5312,0.033001,0.99681,-0.072626,-0.67561,-0.75206,0.072626,0.65508,-5.338,0,0,0,1
0.66227,0.032582,0.74855,-3.4883,0.032582,0.99686,-0.072216,-0.67227,-0.74855,0.072216,0.65913,-5.3144,0,0,0,1
0.66631,0.032161,0.74498,-3.4451,0.032161,0.9969,-0.0718,-0.66887,-0.74498,0.0718,0.66321,-5.2903,0,0,0,1
0.67037,0.031737,0.74135,-3.4016,0.031737,0.99694,-0.071378,-0.66542,-0.74135,0.071378,0.66732,-5.2659,0,0,0,1
0.67446,0.031311,0.73765,-3.3579,0.031311,0.99699,-0.070949,-0.66192,-0.73765,0.070949,0.67145,-5.241,0,0,0,1
0.67858,0.030883,0.73388,-3.314,0.030883,0.99703,-0.070514,-0.65837,-0.73388,0.070514,0.67561,-5.2157,0,0,0,1
0.68272,0.030454,0.73005,-3.2699,0.030454,0.99708,-0.070072,-0.65476,-0.73005,0.070072,0.6798,-5.19,0,0,0,1
0.68688,0.030022,0.72615,-3.2256,0.030022,0.99712,-0.069624,-0.6511,-0.72615,0.069624,0.684,-5.1639,0,0,0,1
0.69107,0.029589,0.72218,-3.1812,0.029589,0.99717,-0.06917,-0.64739,-0.72218,0.06917,0.68824,-5.1373,0,0,0,1
0.69528,0.029154,0.71815,-3.1366,0.029154,0.99721,-0.068709,-0.64363,-0.71815,0.068709,0.69249,-5.1103,0,0,0,1
0.69951,0.028718,0.71405,-3.0918,0.028718,0.99726,-0.068242,-0.63981,-0.71405,0.068242,0.69676,-5.0829,0,0,0,1
0.70375,0.028281,0.70988,-3.0469,0.028281,0.9973,-0.067768,-0.63594,-0.70988,0.067768,0.70105,-5.0551,0,0,0,1
0.70802,0.027843,0.70565,-3.0019,0.027843,0.99734,-0.067288,-0.63201,-0.70565,0.067288,0.70536,-5.0268,0,0,0,1
0.7123,0.027403,0.70134,-2.9568,0.027403,0.99739,-0.066802,-0.62804,-0.70134,0.066802,0.70969,-4.998,0,0,0,1
0.71659,0.026963,0.69697,-2.9116,0.026963,0.99743,-0.06631,-0.62401,-0.69697,0.06631,0.71403,-4.9689,0,0,0,1
0.7209,0.026523,0.69253,-2.8663,0.026523,0.99748,-0.065811,-0.61992,-0.69253,0.065811,0.71838,-4.9392,0,0,0,1
0.72522,0.026081,0.68802,-2.8209,0.026081,0.99752,-0.065306,-0.61579,-0.68802,0.065306,0.72275,-4.9092,0,0,0,1
0.72956,0.02564,0.68344,-2.7755,0.02564,0.99757,-0.064794,-0.6116,-0.68344,0.064794,0.72713,-4.8786,0,0,0,1
0.7339,0.025198,0.67879,-2.73,0.025198,0.99761,-0.064277,-0.60735,-0.67879,0.064277,0.73151,-4.8477,0,0,0,1
0.73825,0.024756,0.67407,-2.6846,0.024756,0.99766,-0.063753,-0.60305,-0.67407,0.063753,0.73591,-4.8162,0,0,0,1
0.74261,0.024314,0.66928,-2.6391,0.024314,0.9977,-0.063223,-0.5987,-0.66928,0.063223,0.74031,-4.7843,0,0,0,1
0.74698,0.023872,0.66442,-2.5936,0.023872,0.99775,-0.062686,-0.59429,-0.66442,0.062686,0.74472,-4.752,0,0,0,1
0.75135,0.023431,0.65949,-2.5481,0.023431,0.99779,-0.062144,-0.58983,-0.65949,0.062144,0.74914,-4.7192,0,0,0,1
0.75572,0.02299,0.65449,-2.5027,0.02299,0.99784,-0.061595,-0.58531,-0.65449,0.061595,0.75356,-4.6859,0,0,0,1
0.76009,0.022549,0.64942,-2.4573,0.022549,0.99788,-0.061041,-0.58074,-0.64942,0.061041,0.75797,-4.6522,0,0,0,1
0.76447,0.02211,0.64428,-2.4119,0.02211,0.99792,-0.06048,-0.57612,-0.64428,0.06048,0.76239,-4.618,0,0,0,1
0.76884,0.021671,0.63907,-2.3666,0.021671,0.99797,-0.059914,-0.57144,-0.63907,0.059914,0.76681,-4.5833,0,0,0,1
0.77322,0.021234,0.63379,-2.3214,0.021234,0.99801,-0.059341,-0.5667,-0.63379,0.059341,0.77123,-4.5481,0,0,0,1
0.77759,0.020797,0.62843,-2.2763,0.020797,0.99806,-0.058762,-0.56191,-0.62843,0.058762,0.77564,-4.5125,0,0,0,1
0.78195,0.020362,0.62301,-2.2314,0.020362,0.9981,-0.058178,-0.55707,-0.62301,0.058178,0.78005,-4.4764,0,0,0,1
0.78631,0.019928,0.61751,-2.1865,0.019928,0.99814,-0.057588,-0.55217,-0.61751,0.057588,0.78445,-4.4398,0,0,0,1
0.79066,0.019496,0.61195,-2.1418,0.019496,0.99818,-0.056992,-0.54722,-0.61195,0.056992,0.78884,-4.4028,0,0,0,1
0.795,0.019066,0.60631,-2.0972,0.019066,0.99823,-0.05639,-0.54221,-0.60631,0.05639,0.79323,-4.3652,0,0,0,1
0.79933,0.018638,0.6006,-2.0528,0.018638,0.99827,-0.055783,-0.53715,-0.6006,0.055783,0.7976,-4.3272,0,0,0,1
0.80365,0.018212,0.59483,-2.0085,0.018212,0.99831,-0.05517,-0.53203,-0.59483,0.05517,0.80196,-4.2887,0,0,0,1
0.80795,0.017787,0.58898,-1.9645,0.017787,0.99835,-0.054551,-0.52685,-0.58898,0.054551,0.80631,-4.2497,0,0,0,1
0.81224,0.017366,0.58306,-1.9206,0.017366,0.99839,-0.053927,-0.52163,-0.58306,0.053927,0.81064,-4.2102,0,0,0,1
0.81652,0.016946,0.57707,-1.877,0.016946,0.99843,-0.053298,-0.51634,-0.57707,0.053298,0.81495,-4.1702,0,0,0,1
0.82078,0.016529,0.57101,-1.8336,0.016529,0.99848,-0.052663,-0.511,-0.57101,0.052663,0.81925,-4.1298,0,0,0,1
0.82501,0.016115,0.56488,-1.7904,0.016115,0.99852,-0.052023,-0.50561,-0.56488,0.052023,0.82353,-4.0888,0,0,0,1
0.82923,0.015704,0.55868,-1.7475,0.015704,0.99856,-0.051377,-0.50016,-0.55868,0.051377,0.82779,-4.0473,0,0,0,1
0.83343,0.015296,0.55241,-1.7048,0.015296,0.9986,-0.050727,-0.49466,-0.55241,0.050727,0.83202,-4.0054,0,0,0,1
0.8376,0.014891,0.54608,-1.6625,0.014891,0.99863,-0.050071,-0.4891,-0.54608,0.050071,0.83624,-3.9629,0,0,0,1
0.84175,0.014489,0.53967,-1.6204,0.014489,0.99867,-0.04941,-0.48348,-0.53967,0.04941,0.84042,-3.92,0,0,0,1
0.84587,0.01409,0.5332,-1.5786,0.01409,0.99871,-0.048745,-0.47781,-0.5332,0.048745,0.84459,-3.8765,0,0,0,1
0.84997,0.013695,0.52665,-1.5372,0.013695,0.99875,-0.048074,-0.47209,-0.52665,0.048074,0.84872,-3.8326,0,0,0,1
0.85404,0.013304,0.52004,-1.496,0.013304,0.99879,-0.047399,-0.46631,-0.52004,0.047399,0.85282,-3.7881,0,0,0,1
0.85807,0.012916,0.51337,-1.4553,0.012916,0.99882,-0.046719,-0.46048,-0.51337,0.046719,0.8569,-3.7432,0,0,0,1
0.86208,0.012532,0.50662,-1.4148,0.012532,0.99886,-0.046035,-0.45459,-0.50662,0.046035,0.86094,-3.6977,0,0,0,1
0.86605,0.012153,0.49981,-1.3748,0.012153,0.9989,-0.045346,-0.44865,-0.49981,0.045346,0.86495,-3.6518,0,0,0,1
0.86999,0.011777,0.49293,-1.3351,0.011777,0.99893,-0.044652,-0.44265,-0.49293,0.044652,0.86892,-3.6053,0,0,0,1
0.87389,0.011406,0.48599,-1.2958,0.011406,0.99897,-0.043954,-0.4366,-0.48599,0.043954,0.87286,-3.5583,0,0,0,1
0.87776,0.011039,0.47898,-1.2569,0.011039,0.999,-0.043252,-0.43049,-0.47898,0.043252,0.87676,-3.5108,0,0,0,1
0.88158,0.010676,0.47191,-1.2184,0.010676,0.99904,-0.042546,-0.42433,-0.47191,0.042546,0.88062,-3.4629,0,0,0,1
0.88537,0.010318,0.46477,-1.1803,0.010318,0.99907,-0.041836,-0.41812,-0.46477,0.041836,0.88444,-3.4144,0,0,0,1
0.88912,0.0099649,0.45757,-1.1427,0.0099649,0.9991,-0.041122,-0.41185,-0.45757,0.041122,0.88822,-3.3654,0,0,0,1
0.89282,0.0096165,0.45031,-1.1055,0.0096165,0.99914,-0.040404,-0.40552,-0.45031,0.040404,0.89196,-3.3159,0,0,0,1
0.89648,0.009273,0.44298,-1.0687,0.009273,0.99917,-0.039682,-0.39915,-0.44298,0.039682,0.89565,-3.2659,0,0,0,1
0.9001,0.0089344,0.43559,-1.0325,0.0089344,0.9992,-0.038957,-0.39272,-0.43559,0.038957,0.8993,-3.2154,0,0,0,1
0.90367,0.0086011,0.42815,-0.99666,0.0086011,0.99923,-0.038228,-0.38623,-0.42815,0.038228,0.9029,-3.1643,0,0,0,1
0.90719,0.0082729,0.42064,-0.96136,0.0082729,0.99926,-0.037495,-0.37969,-0.42064,0.037495,0.90645,-3.1128,0,0,0,1
0.91066,0.0079501,0.41307,-0.92655,0.0079501,0.99929,-0.03676,-0.3731,-0.41307,0.03676,0.90996,-3.0608,0,0,0,1
0.91409,0.0076327,0.40545,-0.89225,0.0076327,0.99932,-0.036021,-0.36646,-0.40545,0.036021,0.91341,-3.0082,0,0,0,1
0.91746,0.0073208,0.39776,-0.85847,0.0073208,0.99935,-0.035279,-0.35976,-0.39776,0.035279,0.91681,-2.9552,0,0,0,1
0.92078,0.0070145,0.39002,-0.82522,0.0070145,0.99938,-0.034534,-0.35302,-0.39002,0.034534,0.92016,-2.9017,0,0,0,1
0.92404,0.0067139,0.38223,-0.79251,0.0067139,0.99941,-0.033786,-0.34621,-0.38223,0.033786,0.92345,-2.8476,0,0,0,1
0.92726,0.0064191,0.37437,-0.76034,0.0064191,0.99943,-0.033036,-0.33936,-0.37437,0.033036,0.92669,-2.7931,0,0,0,1
0.93041,0.0061302,0.36647,-0.72874,0.0061302,0.99946,-0.032283,-0.33246,-0.36647,0.032283,0.92987,-2.738,0,0,0,1
0.93351,0.0058472,0.35851,-0.69769,0.0058472,0.99949,-0.031527,-0.3255,-0.35851,0.031527,0.93299,-2.6824,0,0,0,1
0.93655,0.0055703,0.3505,-0.66723,0.0055703,0.99951,-0.030769,-0.31849,-0.3505,0.030769,0.93606,-2.6264,0,0,0,1
0.93953,0.0052995,0.34243,-0.63734,0.0052995,0.99954,-0.030009,-0.31143,-0.34243,0.030009,0.93906,-2.5698,0,0,0,1
0.94245,0.0050348,0.33432,-0.60805,0.0050348,0.99956,-0.029246,-0.30432,-0.33432,0.029246,0.94201,-2.5128,0,0,0,1
0.9453,0.0047764,0.32615,-0.57936,0.0047764,0.99958,-0.028482,-0.29716,-0.32615,0.028482,0.94489,-2.4552,0,0,0,1
0.9481,0.0045243,0.31794,-0.55128,0.0045243,0.99961,-0.027716,-0.28995,-0.31794,0.027716,0.94771,-2.3972,0,0,0,1
0.95083,0.0042786,0.30968,-0.52382,0.0042786,0.99963,-0.026948,-0.28268,-0.30968,0.026948,0.95046,-2.3387,0,0,0,1
0.9535,0.0040394,0.30137,-0.49699,0.0040394,0.99965,-0.026178,-0.27537,-0.30137,0.026178,0.95315,-2.2796,0,0,0,1
0.9561,0.0038066,0.29302,-0.47078,0.0038066,0.99967,-0.025407,-0.26801,-0.29302,0.025407,0.95577,-2.2201,0,0,0,1
0.95863,0.0035805,0.28463,-0.44522,0.0035805,0.99969,-0.024635,-0.2606,-0.28463,0.024635,0.95832,-2.1601,0,0,0,1
0.9611,0.0033609,0.27619,-0.42031,0.0033609,0.99971,-0.023861,-0.25314,-0.27619,0.023861,0.96081,-2.0996,0,0,0,1
0.9635,0.0031481,0.2677,-0.39605,0.0031481,0.99973,-0.023087,-0.24563,-0.2677,0.023087,0.96322,-2.0387,0,0,0,1
0.96582,0.0029419,0.25918,-0.37245,0.0029419,0.99975,-0.022311,-0.23808,-0.25918,0.022311,0.96557,-1.9772,0,0,0,1
0.96808,0.0027426,0.25062,-0.34953,0.0027426,0.99976,-0.021534,-0.23048,-0.25062,0.021534,0.96785,-1.9153,0,0,0,1
0.97027,0.00255,0.24202,-0.32728,0.00255,0.99978,-0.020757,-0.22282,-0.24202,0.020757,0.97005,-1.8529,0,0,0,1
0.97238,0.0023643,0.23338,-0.30571,0.0023643,0.9998,-0.019979,-0.21513,-0.23338,0.019979,0.97218,-1.79,0,0,0,1
0.97442,0.0021855,0.22471,-0.28483,0.0021855,0.99981,-0.019201,-0.20738,-0.22471,0.019201,0.97424,-1.7267,0,0,0,1
0.97639,0.0020136,0.216,-0.26464,0.0020136,0.99983,-0.018423,-0.19959,-0.216,0.018423,0.97622,-1.6628,0,0,0,1
0.97829,0.0018486,0.20725,-0.24515,0.0018486,0.99984,-0.017644,-0.19176,-0.20725,0.017644,0.97813,-1.5986,0,0,0,1
0.9801,0.0016907,0.19848,-0.22637,0.0016907,0.99986,-0.016866,-0.18387,-0.19848,0.016866,0.97996,-1.5338,0,0,0,1
0.98185,0.0015397,0.18967,-0.2083,0.0015397,0.99987,-0.016087,-0.17595,-0.18967,0.016087,0.98172,-1.4686,0,0,0,1
0.98351,0.0013958,0.18084,-0.19095,0.0013958,0.99988,-0.015309,-0.16798,-0.18084,0.015309,0.98339,-1.403,0,0,0,1
0.9851,0.0012589,0.17197,-0.17432,0.0012589,0.99989,-0.014531,-0.15996,-0.17197,0.014531,0.98499,-1.3368,0,0,0,1
0.98661,0.0011291,0.16308,-0.15841,0.0011291,0.9999,-0.013753,-0.1519,-0.16308,0.013753,0.98652,-1.2703,0,0,0,1
0.98804,0.0010063,0.15416,-0.14323,0.0010063,0.99992,-0.012977,-0.1438,-0.15416,0.012977,0.98796,-1.2033,0,0,0,1
0.9894,0.00089066,0.14522,-0.12878,0.00089066,0.99993,-0.012201,-0.13566,-0.14522,0.012201,0.98932,-1.1358,0,0,0,1
0.99067,0.00078209,0.13626,-0.11508,0.00078209,0.99993,-0.011426,-0.12747,-0.13626,0.011426,0.99061,-1.0679,0,0,0,1
0.99187,0.00068062,0.12727,-0.10211,0.00068062,0.99994,-0.010652,-0.11924,-0.12727,0.010652,0.99181,-0.99962,0,0,0,1
0.99298,0.00058624,0.11827,-0.089889,0.00058624,0.99995,-0.0098789,-0.11097,-0.11827,0.0098789,0.99293,-0.93087,0,0,0,1
0.99402,0.00049896,0.10924,-0.078417,0.00049896,0.99996,-0.0091074,-0.10267,-0.10924,0.0091074,0.99397,-0.86169,0,0,0,1
0.99497,0.00041876,0.1002,-0.067696,0.00041876,0.99997,-0.0083374,-0.094316,-0.1002,0.0083374,0.99493,-0.79209,0,0,0,1
0.99584,0.00034565,0.091142,-0.057729,0.00034565,0.99997,-0.0075689,-0.085927,-0.091142,0.0075689,0.99581,-0.72208,0,0,0,1
0.99663,0.0002796,0.082069,-0.048519,0.0002796,0.99998,-0.0068022,-0.077499,-0.082069,0.0068022,0.9966,-0.65165,0,0,0,1
0.99733,0.00022061,0.072983,-0.040068,0.00022061,0.99998,-0.0060373,-0.069034,-0.072983,0.0060373,0.99731,-0.58081,0,0,0,1
0.99796,0.00016866,0.063886,-0.032379,0.00016866,0.99999,-0.0052744,-0.06053,-0.063886,0.0052744,0.99794,-0.50957,0,0,0,1
0.9985,0.00012372,0.054778,-0.025453,0.00012372,0.99999,-0.0045136,-0.051989,-0.054778,0.0045136,0.99849,-0.43793,0,0,0,1
0.99896,8.5777e-05,0.045662,-0.019291,8.5777e-05,0.99999,-0.0037551,-0.043412,-0.045662,0.0037551,0.99895,-0.3659,0,0,0,1
0.99933,5.4805e-05,0.036538,-0.013896,5.4805e-05,1,-0.0029988,-0.034799,-0.036538,0.0029988,0.99933,-0.29347,0,0,0,1
0.99962,3.0774e-05,0.027409,-0.0092689,3.0774e-05,1,-0.0022451,-0.02615,-0.027409,0.0022451,0.99962,-0.22067,0,0,0,1
0.99983,1.3652e-05,0.018275,-0.0054099,1.3652e-05,1,-0.001494,-0.017467,-0.018275,0.001494,0.99983,-0.14748,0,0,0,1
0.99996,3.4067e-06,0.0091383,-0.0023201,3.4067e-06,1,-0.00074556,-0.0087504,-0.0091383,0.00074556,0.99996,-0.073925,0,0,0,1
NaN,NaN,NaN,0,NaN,NaN,NaN,0,NaN,NaN,NaN,0,0,0,0,1
0.99996,3.3931e-06,-0.0091383,0.0015501,3.3931e-06,1,0.0007426,0.0087831,0.0091383,-0.0007426,0.99996,0.074287,0,0,0,1
0.99983,1.3544e-05,-0.018275,0.0023302,1.3544e-05,1,0.0014821,0.017598,0.018275,-0.0014821,0.99983,0.14893,0,0,0,1
0.99962,3.0408e-05,-0.027409,0.0023405,3.0408e-05,1,0.0022184,0.026445,0.027409,-0.0022184,0.99962,0.22393,0,0,0,1
0.99933,5.3938e-05,-0.036538,0.0015814,5.3938e-05,1,0.0029514,0.035322,0.036538,-0.0029514,0.99933,0.29926,0,0,0,1
0.99896,8.4084e-05,-0.045662,5.3646e-05,8.4084e-05,0.99999,0.003681,0.044229,0.045662,-0.003681,0.99895,0.37494,0,0,0,1
0.9985,0.0001208,-0.054778,-0.0022419,0.0001208,0.99999,0.004407,0.053165,0.054778,-0.004407,0.99849,0.45095,0,0,0,1
0.99796,0.00016402,-0.063886,-0.0053041,0.00016402,0.99999,0.0051293,0.06213,0.063886,-0.0051293,0.99794,0.52729,0,0,0,1
0.99733,0.00021369,-0.072983,-0.0091316,0.00021369,0.99998,0.0058479,0.071122,0.072983,-0.0058479,0.99732,0.60394,0,0,0,1
0.99663,0.00026975,-0.082069,-0.013723,0.00026975,0.99998,0.0065627,0.080142,0.082069,-0.0065627,0.99661,0.68091,0,0,0,1
0.99584,0.00033215,-0.091142,-0.019076,0.00033215,0.99997,0.0072734,0.089188,0.091142,-0.0072734,0.99581,0.75819,0,0,0,1
0.99497,0.00040082,-0.1002,-0.025188,0.00040082,0.99997,0.0079801,0.098259,0.1002,-0.0079801,0.99494,0.83577,0,0,0,1
0.99402,0.00047568,-0.10924,-0.032059,0.00047568,0.99996,0.0086826,0.10736,0.10924,-0.0086826,0.99398,0.91364,0,0,0,1
0.99298,0.00055668,-0.11827,-0.039684,0.00055668,0.99996,0.0093808,0.11648,0.11827,-0.0093808,0.99294,0.99179,0,0,0,1
0.99187,0.00064375,-0.12727,-0.048061,0.00064375,0.99995,0.010075,0.12562,0.12727,-0.010075,0.99182,1.0702,0,0,0,1
0.99067,0.0007368,-0.13626,-0.057187,0.0007368,0.99994,0.010764,0.13478,0.13626,-0.010764,0.99061,1.1489,0,0,0,1
0.9894,0.00083577,-0.14522,-0.06706,0.00083577,0.99993,0.011449,0.14397,0.14522,-0.011449,0.98933,1.2279,0,0,0,1
0.98804,0.00094058,-0.15416,-0.077675,0.00094058,0.99993,0.012129,0.15318,0.15416,-0.012129,0.98797,1.3071,0,0,0,1
0.98661,0.0010511,-0.16308,-0.089028,0.0010511,0.99992,0.012804,0.16241,0.16308,-0.012804,0.98653,1.3866,0,0,0,1
0.9851,0.0011674,-0.17197,-0.10112,0.0011674,0.99991,0.013475,0.17165,0.17197,-0.013475,0.98501,1.4664,0,0,0,1
0.98351,0.0012893,-0.18084,-0.11394,0.0012893,0.9999,0.01414,0.18092,0.18084,-0.01414,0.98341,1.5463,0,0,0,1
0.98185,0.0014166,-0.18967,-0.12748,0.0014166,0.99989,0.014801,0.1902,0.18967,-0.014801,0.98174,1.6265,0,0,0,1
0.9801,0.0015494,-0.19848,-0.14175,0.0015494,0.99988,0.015457,0.1995,0.19848,-0.015457,0.97998,1.7069,0,0,0,1
0.97829,0.0016876,-0.20726,-0.15674,0.0016876,0.99987,0.016107,0.20882,0.20726,-0.016107,0.97815,1.7875,0,0,0,1
0.97639,0.001831,-0.216,-0.17243,0.001831,0.99986,0.016752,0.21815,0.216,-0.016752,0.97625,1.8684,0,0,0,1
0.97442,0.0019795,-0.22471,-0.18884,0.0019795,0.99985,0.017392,0.22749,0.22471,-0.017392,0.97427,1.9494,0,0,0,1
0.97238,0.0021332,-0.23338,-0.20594,0.0021332,0.99984,0.018026,0.23685,0.23338,-0.018026,0.97222,2.0306,0,0,0,1
0.97027,0.0022918,-0.24202,-0.22374,0.0022918,0.99982,0.018655,0.24622,0.24202,-0.018655,0.97009,2.112,0,0,0,1
0.96808,0.0024553,-0.25062,-0.24223,0.0024553,0.99981,0.019279,0.2556,0.25062,-0.019279,0.96789,2.1935,0,0,0,1
0.96582,0.0026236,-0.25919,-0.26141,0.0026236,0.9998,0.019897,0.26499,0.25919,-0.019897,0.96562,2.2753,0,0,0,1
0.9635,0.0027966,-0.26771,-0.28126,0.0027966,0.99979,0.020509,0.27439,0.26771,-0.020509,0.96328,2.3572,0,0,0,1
0.9611,0.0029742,-0.27619,-0.30179,0.0029742,0.99977,0.021116,0.2838,0.27619,-0.021116,0.96087,2.4392,0,0,0,1
0.95863,0.0031563,-0.28463,-0.32298,0.0031563,0.99976,0.021717,0.29321,0.28463,-0.021717,0.95839,2.5213,0,0,0,1
0.9561,0.0033428,-0.29303,-0.34482,0.0033428,0.99975,0.022312,0.30264,0.29303,-0.022312,0.95584,2.6036,0,0,0,1
0.9535,0.0035336,-0.30138,-0.36732,0.0035336,0.99973,0.022901,0.31207,0.30138,-0.022901,0.95323,2.686,0,0,0,1
0.95083,0.0037286,-0.30969,-0.39046,0.0037286,0.99972,0.023484,0.3215,0.30969,-0.023484,0.95055,2.7686,0,0,0,1
0.9481,0.0039277,-0.31795,-0.41424,0.0039277,0.9997,0.024061,0.33094,0.31795,-0.024061,0.9478,2.8512,0,0,0,1
0.9453,0.0041308,-0.32617,-0.43864,0.0041308,0.99969,0.024633,0.34038,0.32617,-0.024633,0.94499,2.9339,0,0,0,1
0.94245,0.0043377,-0.33433,-0.46366,0.0043377,0.99967,0.025198,0.34982,0.33433,-0.025198,0.94212,3.0167,0,0,0,1
0.93953,0.0045485,-0.34245,-0.4893,0.0045485,0.99966,0.025757,0.35926,0.34245,-0.025757,0.93918,3.0996,0,0,0,1
0.93655,0.004763,-0.35051,-0.51554,0.004763,0.99964,0.02631,0.3687,0.35051,-0.02631,0.93619,3.1825,0,0,0,1
0.93351,0.004981,-0.35853,-0.54238,0.004981,0.99963,0.026857,0.37814,0.35853,-0.026857,0.93313,3.2655,0,0,0,1
0.93041,0.0052025,-0.36649,-0.5698,0.0052025,0.99961,0.027398,0.38758,0.36649,-0.027398,0.93002,3.3486,0,0,0,1
0.92725,0.0054273,-0.37439,-0.5978,0.0054273,0.9996,0.027932,0.39702,0.37439,-0.027932,0.92685,3.4317,0,0,0,1
0.92404,0.0056555,-0.38225,-0.62637,0.0056555,0.99958,0.028461,0.40645,0.38225,-0.028461,0.92362,3.5148,0,0,0,1
0.92078,0.0058867,-0.39005,-0.6555,0.0058867,0.99956,0.028983,0.41588,0.39005,-0.028983,0.92034,3.5979,0,0,0,1
0.91746,0.0061211,-0.39779,-0.68519,0.0061211,0.99955,0.029498,0.4253,0.39779,-0.029498,0.917,3.681,0,0,0,1
0.91408,0.0063583,-0.40547,-0.71541,0.0063583,0.99953,0.030008,0.43471,0.40547,-0.030008,0.91361,3.7642,0,0,0,1
0.91066,0.0065984,-0.4131,-0.74617,0.0065984,0.99951,0.030511,0.44412,0.4131,-0.030511,0.91017,3.8473,0,0,0,1
0.90719,0.0068412,-0.42067,-0.77744,0.0068412,0.9995,0.031008,0.45351,0.42067,-0.031008,0.90668,3.9304,0,0,0,1
0.90366,0.0070867,-0.42818,-0.80923,0.0070867,0.99948,0.031498,0.4629,0.42818,-0.031498,0.90314,4.0135,0,0,0,1
0.90009,0.0073346,-0.43563,-0.84152,0.0073346,0.99946,0.031982,0.47227,0.43563,-0.031982,0.89956,4.0965,0,0,0,1
0.89648,0.007585,-0.44302,-0.87431,0.007585,0.99944,0.03246,0.48164,0.44302,-0.03246,0.89592,4.1795,0,0,0,1
0.89282,0.0078376,-0.45035,-0.90757,0.0078376,0.99943,0.032931,0.49098,0.45035,-0.032931,0.89224,4.2624,0,0,0,1
0.88911,0.0080924,-0.45762,-0.94131,0.0080924,0.99941,0.033396,0.50032,0.45762,-0.033396,0.88852,4.3453,0,0,0,1
0.88537,0.0083493,-0.46482,-0.9755,0.0083493,0.99939,0.033855,0.50964,0.46482,-0.033855,0.88476,4.428,0,0,0,1
0.88158,0.0086082,-0.47196,-1.0101,0.0086082,0.99937,0.034307,0.51894,0.47196,-0.034307,0.88095,4.5107,0,0,0,1
0.87775,0.008869,-0.47904,-1.0452,0.008869,0.99936,0.034753,0.52822,0.47904,-0.034753,0.87711,4.5933,0,0,0,1
0.87388,0.0091315,-0.48605,-1.0807,0.0091315,0.99934,0.035193,0.53749,0.48605,-0.035193,0.87322,4.6758,0,0,0,1
0.86998,0.0093957,-0.493,-1.1167,0.0093957,0.99932,0.035626,0.54674,0.493,-0.035626,0.8693,4.7581,0,0,0,1
0.86604,0.0096615,-0.49988,-1.153,0.0096615,0.9993,0.036053,0.55596,0.49988,-0.036053,0.86534,4.8403,0,0,0,1
0.86207,0.0099287,-0.50669,-1.1897,0.0099287,0.99929,0.036473,0.56516,0.50669,-0.036473,0.86135,4.9224,0,0,0,1
0.85806,0.010197,-0.51344,-1.2268,0.010197,0.99927,0.036888,0.57434,0.51344,-0.036888,0.85733,5.0043,0,0,0,1
0.85402,0.010467,-0.52013,-1.2643,0.010467,0.99925,0.037295,0.5835,0.52013,-0.037295,0.85327,5.0861,0,0,0,1
0.84996,0.010738,-0.52674,-1.3022,0.010738,0.99923,0.037697,0.59263,0.52674,-0.037697,0.84919,5.1677,0,0,0,1
0.84586,0.01101,-0.53329,-1.3403,0.01101,0.99921,0.038092,0.60174,0.53329,-0.038092,0.84507,5.2491,0,0,0,1
0.84174,0.011283,-0.53977,-1.3789,0.011283,0.9992,0.038482,0.61081,0.53977,-0.038482,0.84093,5.3303,0,0,0,1
0.83759,0.011557,-0.54618,-1.4177,0.011557,0.99918,0.038865,0.61986,0.54618,-0.038865,0.83676,5.4113,0,0,0,1
0.83341,0.011831,-0.55252,-1.4568,0.011831,0.99916,0.039241,0.62888,0.55252,-0.039241,0.83257,5.492,0,0,0,1
0.82922,0.012107,-0.5588,-1.4963,0.012107,0.99914,0.039612,0.63787,0.5588,-0.039612,0.82836,5.5726,0,0,0,1
0.825,0.012382,-0.565,-1.536,0.012382,0.99912,0.039976,0.64683,0.565,-0.039976,0.82412,5.6529,0,0,0,1
0.82076,0.012658,-0.57114,-1.576,0.012658,0.99911,0.040335,0.65575,0.57114,-0.040335,0.81986,5.733,0,0,0,1
0.8165,0.012935,-0.5772,-1.6163,0.012935,0.99909,0.040687,0.66465,0.5772,-0.040687,0.81559,5.8128,0,0,0,1
0.81222,0.013212,-0.5832,-1.6568,0.013212,0.99907,0.041033,0.6735,0.5832,-0.041033,0.81129,5.8923,0,0,0,1
0.80793,0.013489,-0.58912,-1.6976,0.013489,0.99905,0.041374,0.68232,0.58912,-0.041374,0.80698,5.9716,0,0,0,1
0.80362,0.013766,-0.59498,-1.7385,0.013766,0.99904,0.041708,0.69111,0.59498,-0.041708,0.80266,6.0506,0,0,0,1
0.7993,0.014043,-0.60076,-1.7797,0.014043,0.99902,0.042036,0.69985,0.60076,-0.042036,0.79832,6.1293,0,0,0,1
0.79497,0.01432,-0.60648,-1.8211,0.01432,0.999,0.042359,0.70856,0.60648,-0.042359,0.79397,6.2076,0,0,0,1
0.79063,0.014597,-0.61212,-1.8627,0.014597,0.99898,0.042676,0.71722,0.61212,-0.042676,0.78961,6.2857,0,0,0,1
0.78628,0.014873,-0.6177,-1.9044,0.014873,0.99896,0.042986,0.72585,0.6177,-0.042986,0.78524,6.3634,0,0,0,1
0.78192,0.01515,-0.6232,-1.9463,0.01515,0.99895,0.043292,0.73443,0.6232,-0.043292,0.78086,6.4408,0,0,0,1
0.77755,0.015425,-0.62863,-1.9883,0.015425,0.99893,0.043591,0.74297,0.62863,-0.043591,0.77648,6.5178,0,0,0,1
0.77318,0.0157,-0.63399,-2.0305,0.0157,0.99891,0.043885,0.75146,0.63399,-0.043885,0.77209,6.5945,0,0,0,1
0.76881,0.015975,-0.63928,-2.0728,0.015975,0.9989,0.044173,0.75991,0.63928,-0.044173,0.7677,6.6707,0,0,0,1
0.76443,0.016249,-0.6445,-2.1152,0.016249,0.99888,0.044456,0.76831,0.6445,-0.044456,0.76331,6.7466,0,0,0,1
0.76005,0.016522,-0.64965,-2.1576,0.016522,0.99886,0.044733,0.77666,0.64965,-0.044733,0.75891,6.8221,0,0,0,1
0.75568,0.016794,-0.65473,-2.2002,0.016794,0.99885,0.045004,0.78497,0.65473,-0.045004,0.75452,6.8972,0,0,0,1
0.7513,0.017066,-0.65974,-2.2428,0.017066,0.99883,0.045271,0.79322,0.65974,-0.045271,0.75013,6.9719,0,0,0,1
0.74693,0.017336,-0.66468,-2.2855,0.017336,0.99881,0.045532,0.80143,0.66468,-0.045532,0.74574,7.0462,0,0,0,1
0.74256,0.017605,-0.66955,-2.3282,0.017605,0.9988,0.045787,0.80958,0.66955,-0.045787,0.74136,7.12,0,0,0,1
0.7382,0.017873,-0.67434,-2.371,0.017873,0.99878,0.046038,0.81768,0.67434,-0.046038,0.73698,7.1934,0,0,0,1
0.73385,0.01814,-0.67907,-2.4137,0.01814,0.99876,0.046283,0.82572,0.67907,-0.046283,0.73261,7.2663,0,0,0,1
0.7295,0.018405,-0.68373,-2.4565,0.018405,0.99875,0.046523,0.83371,0.68373,-0.046523,0.72825,7.3387,0,0,0,1
0.72517,0.01867,-0.68832,-2.4992,0.01867,0.99873,0.046758,0.84165,0.68832,-0.046758,0.7239,7.4107,0,0,0,1
0.72084,0.018932,-0.69284,-2.5419,0.018932,0.99872,0.046988,0.84952,0.69284,-0.046988,0.71956,7.4822,0,0,0,1
0.71653,0.019193,-0.69729,-2.5846,0.019193,0.9987,0.047213,0.85734,0.69729,-0.047213,0.71523,7.5532,0,0,0,1
0.71223,0.019453,-0.70167,-2.6272,0.019453,0.99868,0.047433,0.8651,0.70167,-0.047433,0.71092,7.6237,0,0,0,1
0.70795,0.019711,-0.70599,-2.6697,0.019711,0.99867,0.047648,0.8728,0.70599,-0.047648,0.70662,7.6936,0,0,0,1
0.70368,0.019967,-0.71023,-2.7122,0.019967,0.99865,0.047859,0.88044,0.71023,-0.047859,0.70234,7.763,0,0,0,1
0.69943,0.020222,-0.71441,-2.7546,0.020222,0.99864,0.048065,0.88801,0.71441,-0.048065,0.69807,7.8319,0,0,0,1
0.6952,0.020474,-0.71852,-2.7968,0.020474,0.99862,0.048266,0.89552,0.71852,-0.048266,0.69383,7.9003,0,0,0,1
0.69099,0.020725,-0.72257,-2.839,0.020725,0.99861,0.048463,0.90297,0.72257,-0.048463,0.6896,7.9681,0,0,0,1
0.6868,0.020974,-0.72654,-2.881,0.020974,0.9986,0.048655,0.91035,0.72654,-0.048655,0.6854,8.0353,0,0,0,1
0.68263,0.021221,-0.73045,-2.9228,0.021221,0.99858,0.048842,0.91767,0.73045,-0.048842,0.68121,8.1019,0,0,0,1
0.67849,0.021466,-0.7343,-2.9645,0.021466,0.99857,0.049025,0.92492,0.7343,-0.049025,0.67706,8.168,0,0,0,1
0.67437,0.021708,-0.73807,-3.0061,0.021708,0.99855,0.049204,0.9321,0.73807,-0.049204,0.67292,8.2334,0,0,0,1
0.67028,0.021949,-0.74179,-3.0474,0.021949,0.99854,0.049379,0.93921,0.74179,-0.049379,0.66882,8.2983,0,0,0,1
0.66621,0.022187,-0.74543,-3.0886,0.022187,0.99853,0.049549,0.94625,0.74543,-0.049549,0.66474,8.3625,0,0,0,1
0.66217,0.022423,-0.74901,-3.1295,0.022423,0.99851,0.049715,0.95322,0.74901,-0.049715,0.66069,8.4261,0,0,0,1
0.65817,0.022657,-0.75253,-3.1702,0.022657,0.9985,0.049878,0.96012,0.75253,-0.049878,0.65666,8.4891,0,0,0,1
0.65419,0.022888,-0.75599,-3.2107,0.022888,0.99849,0.050036,0.96694,0.75599,-0.050036,0.65267,8.5514,0,0,0,1
0.65024,0.023117,-0.75938,-3.2509,0.023117,0.99847,0.05019,0.9737,0.75938,-0.05019,0.64871,8.6131,0,0,0,1
0.64633,0.023343,-0.7627,-3.2908,0.023343,0.99846,0.05034,0.98037,0.7627,-0.05034,0.64478,8.6741,0,0,0,1
0.64244,0.023567,-0.76597,-3.3305,0.023567,0.99845,0.050486,0.98697,0.76597,-0.050486,0.64089,8.7344,0,0,0,1
0.6386,0.023788,-0.76917,-3.3699,0.023788,0.99843,0.050629,0.9935,0.76917,-0.050629,0.63703,8.7941,0,0,0,1
0.63479,0.024007,-0.77231,-3.409,0.024007,0.99842,0.050768,0.99994,0.77231,-0.050768,0.63321,8.853,0,0,0,1
0.63101,0.024223,-0.77539,-3.4478,0.024223,0.99841,0.050903,1.0063,0.77539,-0.050903,0.62942,8.9113,0,0,0,1
0.62728,0.024437,-0.77841,-3.4863,0.024437,0.9984,0.051035,1.0126,0.77841,-0.051035,0.62568,8.9689,0,0,0,1
0.62358,0.024647,-0.78137,-3.5244,0.024647,0.99839,0.051163,1.0188,0.78137,-0.051163,0.62197,9.0257,0,0,0,1
0.61992,0.024855,-0.78427,-3.5622,0.024855,0.99837,0.051288,1.0249,0.78427,-0.051288,0.6183,9.0818,0,0,0,1
0.6163,0.025061,-0.78711,-3.5996,0.025061,0.99836,0.051409,1.031,0.78711,-0.051409,0.61467,9.1372,0,0,0,1
0.61273,0.025263,-0.78989,-3.6367,0.025263,0.99835,0.051527,1.037,0.78989,-0.051527,0.61108,9.1919,0,0,0,1
0.60919,0.025463,-0.79261,-3.6733,0.025463,0.99834,0.051642,1.0428,0.79261,-0.051642,0.60754,9.2458,0,0,0,1
0.6057,0.025659,-0.79528,-3.7096,0.025659,0.99833,0.051753,1.0486,0.79528,-0.051753,0.60404,9.2989,0,0,0,1
0.60226,0.025853,-0.79788,-3.7455,0.025853,0.99832,0.051862,1.0543,0.79788,-0.051862,0.60058,9.3513,0,0,0,1
0.59886,0.026044,-0.80043,-3.7809,0.026044,0.99831,0.051967,1.06,0.80043,-0.051967,0.59717,9.4029,0,0,0,1
0.5955,0.026231,-0.80292,-3.816,0.026231,0.9983,0.052069,1.0655,0.80292,-0.052069,0.5938,9.4537,0,0,0,1
0.5922,0.026416,-0.80536,-3.8506,0.026416,0.99829,0.052168,1.071,0.80536,-0.052168,0.59048,9.5037,0,0,0,1
0.58894,0.026598,-0.80774,-3.8847,0.026598,0.99828,0.052264,1.0763,0.80774,-0.052264,0.58721,9.553,0,0,0,1
0.58572,0.026776,-0.81007,-3.9184,0.026776,0.99827,0.052358,1.0816,0.81007,-0.052358,0.58399,9.6014,0,0,0,1
0.58256,0.026952,-0.81234,-3.9516,0.026952,0.99826,0.052448,1.0868,0.81234,-0.052448,0.58082,9.649,0,0,0,1
0.57945,0.027124,-0.81456,-3.9843,0.027124,0.99825,0.052536,1.0919,0.81456,-0.052536,0.5777,9.6958,0,0,0,1
0.57639,0.027293,-0.81672,-4.0166,0.027293,0.99824,0.052621,1.0969,0.81672,-0.052621,0.57463,9.7418,0,0,0,1
0.57338,0.027459,-0.81883,-4.0483,0.027459,0.99823,0.052704,1.1018,0.81883,-0.052704,0.57161,9.7869,0,0,0,1
0.57042,0.027622,-0.82089,-4.0796,0.027622,0.99822,0.052783,1.1066,0.82089,-0.052783,0.56864,9.8312,0,0,0,1
0.56751,0.027782,-0.82289,-4.1103,0.027782,0.99822,0.052861,1.1113,0.82289,-0.052861,0.56573,9.8747,0,0,0,1
0.56466,0.027938,-0.82485,-4.1405,0.027938,0.99821,0.052936,1.116,0.82485,-0.052936,0.56287,9.9173,0,0,0,1
0.56187,0.028091,-0.82675,-4.1701,0.028091,0.9982,0.053008,1.1205,0.82675,-0.053008,0.56007,9.959,0,0,0,1
0.55912,0.028241,-0.8286,-4.1992,0.028241,0.99819,0.053078,1.1249,0.8286,-0.053078,0.55732,9.9999,0,0,0,1
0.55644,0.028388,-0.8304,-4.2278,0.028388,0.99818,0.053145,1.1293,0.8304,-0.053145,0.55462,10.04,0,0,0,1
0.55381,0.028531,-0.83215,-4.2558,0.028531,0.99818,0.053211,1.1335,0.83215,-0.053211,0.55198,10.079,0,0,0,1
0.55124,0.028671,-0.83386,-4.2832,0.028671,0.99817,0.053274,1.1377,0.83386,-0.053274,0.5494,10.117,0,0,0,1
0.54872,0.028807,-0.83551,-4.31,0.028807,0.99816,0.053335,1.1418,0.83551,-0.053335,0.54688,10.155,0,0,0,1
0.54626,0.028941,-0.83711,-4.3362,0.028941,0.99815,0.053393,1.1457,0.83711,-0.053393,0.54442,10.191,0,0,0,1
0.54387,0.02907,-0.83867,-4.3619,0.02907,0.99815,0.05345,1.1496,0.83867,-0.05345,0.54201,10.227,0,0,0,1
0.54153,0.029197,-0.84018,-4.3869,0.029197,0.99814,0.053505,1.1533,0.84018,-0.053505,0.53967,10.261,0,0,0,1
0.53925,0.02932,-0.84164,-4.4113,0.02932,0.99813,0.053557,1.157,0.84164,-0.053557,0.53738,10.295,0,0,0,1
0.53703,0.029439,-0.84305,-4.4351,0.029439,0.99813,0.053607,1.1606,0.84305,-0.053607,0.53516,10.328,0,0,0,1
0.53487,0.029555,-0.84442,-4.4583,0.029555,0.99812,0.053656,1.164,0.84442,-0.053656,0.53299,10.36,0,0,0,1
0.53278,0.029668,-0.84574,-4.4808,0.029668,0.99812,0.053703,1.1674,0.84574,-0.053703,0.53089,10.391,0,0,0,1
0.53074,0.029777,-0.84701,-4.5027,0.029777,0.99811,0.053747,1.1706,0.84701,-0.053747,0.52885,10.421,0,0,0,1
0.52877,0.029883,-0.84824,-4.5239,0.029883,0.99811,0.05379,1.1738,0.84824,-0.05379,0.52687,10.45,0,0,0,1
0.52686,0.029985,-0.84942,-4.5445,0.029985,0.9981,0.053831,1.1768,0.84942,-0.053831,0.52496,10.478,0,0,0,1
0.52501,0.030084,-0.85056,-4.5644,0.030084,0.99809,0.053871,1.1798,0.85056,-0.053871,0.52311,10.505,0,0,0,1
0.52323,0.030179,-0.85166,-4.5836,0.030179,0.99809,0.053908,1.1826,0.85166,-0.053908,0.52132,10.531,0,0,0,1
0.52151,0.03027,-0.85271,-4.6022,0.03027,0.99809,0.053944,1.1854,0.85271,-0.053944,0.5196,10.557,0,0,0,1
0.51986,0.030359,-0.85371,-4.6201,0.030359,0.99808,0.053979,1.188,0.85371,-0.053979,0.51794,10.581,0,0,0,1
0.51827,0.030443,-0.85468,-4.6373,0.030443,0.99808,0.054011,1.1905,0.85468,-0.054011,0.51634,10.604,0,0,0,1
0.51674,0.030524,-0.8556,-4.6538,0.030524,0.99807,0.054042,1.193,0.8556,-0.054042,0.51481,10.627,0,0,0,1
0.51528,0.030602,-0.85647,-4.6696,0.030602,0.99807,0.054072,1.1953,0.85647,-0.054072,0.51335,10.648,0,0,0,1
0.51389,0.030676,-0.85731,-4.6847,0.030676,0.99806,0.0541,1.1975,0.85731,-0.0541,0.51195,10.669,0,0,0,1
0.51256,0.030746,-0.8581,-4.6991,0.030746,0.99806,0.054126,1.1996,0.8581,-0.054126,0.51062,10.688,0,0,0,1
0.5113,0.030813,-0.85885,-4.7128,0.030813,0.99806,0.054151,1.2016,0.85885,-0.054151,0.50936,10.706,0,0,0,1
0.51011,0.030876,-0.85956,-4.7258,0.030876,0.99805,0.054174,1.2035,0.85956,-0.054174,0.50816,10.724,0,0,0,1
0.50898,0.030936,-0.86022,-4.738,0.030936,0.99805,0.054196,1.2053,0.86022,-0.054196,0.50703,10.741,0,0,0,1
0.50792,0.030992,-0.86085,-4.7495,0.030992,0.99805,0.054217,1.207,0.86085,-0.054217,0.50597,10.756,0,0,0,1
0.50692,0.031044,-0.86143,-4.7603,0.031044,0.99805,0.054236,1.2086,0.86143,-0.054236,0.50497,10.771,0,0,0,1
0.506,0.031093,-0.86197,-4.7704,0.031093,0.99804,0.054254,1.21,0.86197,-0.054254,0.50404,10.784,0,0,0,1
0.50514,0.031138,-0.86248,-4.7797,0.031138,0.99804,0.05427,1.2114,0.86248,-0.05427,0.50318,10.797,0,0,0,1
0.50435,0.03118,-0.86294,-4.7884,0.03118,0.99804,0.054285,1.2126,0.86294,-0.054285,0.50239,10.808,0,0,0,1
0.50363,0.031218,-0.86336,-4.7962,0.031218,0.99804,0.054298,1.2138,0.86336,-0.054298,0.50167,10.819,0,0,0,1
0.50297,0.031252,-0.86374,-4.8033,0.031252,0.99803,0.054311,1.2148,0.86374,-0.054311,0.50101,10.828,0,0,0,1
0.50239,0.031283,-0.86408,-4.8097,0.031283,0.99803,0.054322,1.2157,0.86408,-0.054322,0.50042,10.837,0,0,0,1
0.50187,0.03131,-0.86437,-4.8153,0.03131,0.99803,0.054331,1.2166,0.86437,-0.054331,0.49991,10.845,0,0,0,1
0.50143,0.031334,-0.86463,-4.8202,0.031334,0.99803,0.05434,1.2173,0.86463,-0.05434,0.49946,10.851,0,0,0,1
0.50105,0.031354,-0.86485,-4.8244,0.031354,0.99803,0.054347,1.2179,0.86485,-0.054347,0.49908,10.857,0,0,0,1
0.50074,0.03137,-0.86503,-4.8277,0.03137,0.99803,0.054352,1.2184,0.86503,-0.054352,0.49876,10.861,0,0,0,1
0.50049,0.031383,-0.86517,-4.8304,0.031383,0.99803,0.054357,1.2187,0.86517,-0.054357,0.49852,10.865,0,0,0,1
0.50032,0.031392,-0.86527,-4.8323,0.031392,0.99803,0.05436,1.219,0.86527,-0.05436,0.49835,10.867,0,0,0,1
0.50022,0.031397,-0.86533,-4.8334,0.031397,0.99803,0.054362,1.2192,0.86533,-0.054362,0.49825,10.869,0,0,0,1
0.50018,0.031399,-0.86535,-4.8338,0.031399,0.99803,0.054363,1.2192,0.86535,-0.054363,0.49821,10.869,0,0,0,1
0.50018,0.031399,-0.86535,-4.8338,0.031399,0.99803,0.054363,1.2192,0.86535,-0.054363,0.49821,10.869,0,0,0,1
0.50022,0.031397,-0.86533,-4.8334,0.031397,0.99803,0.054362,1.2192,0.86533,-0.054362,0.49825,10.869,0,0,0,1
0.50032,0.031392,-0.86527,-4.8323,0.031392,0.99803,0.05436,1.219,0.86527,-0.05436,0.49835,10.867,0,0,0,1
