0.50047,0.049967,0.86431,-6.1045,0.049967,0.995,-0.086455,-0.91381,-0.86431,0.086455,0.49547,-7.0734,0,0,0,1
0.5005,0.049963,0.86429,-6.104,0.049963,0.995,-0.086452,-0.91378,-0.86429,0.086452,0.4955,-7.0733,0,0,0,1
0.5006,0.049952,0.86423,-6.1026,0.049952,0.995,-0.086445,-0.91371,-0.86423,0.086445,0.49561,-7.0728,0,0,0,1
0.50078,0.049933,0.86414,-6.1004,0.049933,0.99501,-0.086432,-0.91358,-0.86414,0.086432,0.49578,-7.072,0,0,0,1
0.50102,0.049906,0.864,-6.0972,0.049906,0.99501,-0.086414,-0.9134,-0.864,0.086414,0.49603,-7.0708,0,0,0,1
0.50133,0.049872,0.86382,-6.0931,0.049872,0.99501,-0.08639,-0.91317,-0.86382,0.08639,0.49634,-7.0693,0,0,0,1
0.50171,0.04983,0.8636,-6.0881,0.04983,0.99502,-0.086362,-0.91289,-0.8636,0.086362,0.49672,-7.0675,0,0,0,1
0.50215,0.049781,0.86335,-6.0822,0.049781,0.99502,-0.086328,-0.91256,-0.86335,0.086328,0.49717,-7.0654,0,0,0,1
0.50267,0.049724,0.86305,-6.0754,0.049724,0.99503,-0.086289,-0.91218,-0.86305,0.086289,0.4977,-7.0629,0,0,0,1
0.50325,0.04966,0.86271,-6.0677,0.04966,0.99504,-0.086245,-0.91175,-0.86271,0.086245,0.49829,-7.0601,0,0,0,1
0.50391,0.049588,0.86233,-6.0591,0.049588,0.99504,-0.086196,-0.91127,-0.86233,0.086196,0.49895,-7.0569,0,0,0,1
0.50463,0.049509,0.86192,-6.0496,0.049509,0.99505,-0.086142,-0.91074,-0.86192,0.086142,0.49968,-7.0535,0,0,0,1
0.50541,0.049422,0.86146,-6.0392,0.049422,0.99506,-0.086082,-0.91015,-0.86146,0.086082,0.50048,-7.0497,0,0,0,1
0.50627,0.049327,0.86096,-6.0279,0.049327,0.99507,-0.086017,-0.90952,-0.86096,0.086017,0.50134,-7.0455,0,0,0,1
0.5072,0.049226,0.86042,-6.0157,0.049226,0.99508,-0.085947,-0.90883,-0.86042,0.085947,0.50228,-7.0411,0,0,0,1
0.50819,0.049116,0.85984,-6.0026,0.049116,0.99509,-0.085871,-0.9081,-0.85984,0.085871,0.50328,-7.0362,0,0,0,1
0.50925,0.049,0.85922,-5.9887,0.049,0.99511,-0.08579,-0.90731,-0.85922,0.08579,0.50435,-7.0311,0,0,0,1
0.51037,0.048876,0.85856,-5.9739,0.048876,0.99512,-0.085704,-0.90647,-0.85856,0.085704,0.50549,-7.0256,0,0,0,1
0.51157,0.048745,0.85786,-5.9582,0.048745,0.99514,-0.085613,-0.90558,-0.85786,0.085613,0.5067,-7.0198,0,0,0,1
0.51282,0.048607,0.85712,-5.9416,0.048607,0.99515,-0.085516,-0.90463,-0.85712,0.085516,0.50798,-7.0136,0,0,0,1
0.51415,0.048461,0.85633,-5.9242,0.048461,0.99517,-0.085414,-0.90364,-0.85633,0.085414,0.50932,-7.0071,0,0,0,1
0.51554,0.048308,0.8555,-5.906,0.048308,0.99518,-0.085307,-0.90259,-0.8555,0.085307,0.51072,-7.0003,0,0,0,1
0.517,0.048148,0.85463,-5.8868,0.048148,0.9952,-0.085194,-0.9015,-0.85463,0.085194,0.5122,-6.9931,0,0,0,1
0.51852,0.047981,0.85372,-5.8669,0.047981,0.99522,-0.085076,-0.90035,-0.85372,0.085076,0.51374,-6.9855,0,0,0,1
0.52011,0.047807,0.85276,-5.8461,0.047807,0.99524,-0.084953,-0.89915,-0.85276,0.084953,0.51535,-6.9776,0,0,0,1
0.52176,0.047626,0.85176,-5.8244,0.047626,0.99526,-0.084824,-0.89789,-0.85176,0.084824,0.51702,-6.9694,0,0,0,1
0.52348,0.047438,0.85072,-5.802,0.047438,0.99528,-0.084689,-0.89659,-0.85072,0.084689,0.51876,-6.9608,0,0,0,1
0.52526,0.047243,0.84963,-5.7787,0.047243,0.9953,-0.08455,-0.89523,-0.84963,0.08455,0.52056,-6.9519,0,0,0,1
0.5271,0.047041,0.8485,-5.7546,0.047041,0.99532,-0.084404,-0.89382,-0.8485,0.084404,0.52242,-6.9426,0,0,0,1
0.52901,0.046833,0.84732,-5.7297,0.046833,0.99534,-0.084253,-0.89236,-0.84732,0.084253,0.52435,-6.9329,0,0,0,1
0.53098,0.046618,0.8461,-5.704,0.046618,0.99537,-0.084097,-0.89084,-0.8461,0.084097,0.52635,-6.9229,0,0,0,1
0.53301,0.046396,0.84484,-5.6775,0.046396,0.99539,-0.083935,-0.88927,-0.84484,0.083935,0.5284,-6.9125,0,0,0,1
0.5351,0.046167,0.84352,-5.6502,0.046167,0.99542,-0.083768,-0.88765,-0.84352,0.083768,0.53052,-6.9018,0,0,0,1
0.53726,0.045932,0.84217,-5.6222,0.045932,0.99544,-0.083594,-0.88598,-0.84217,0.083594,0.5327,-6.8907,0,0,0,1
0.53948,0.045691,0.84076,-5.5934,0.045691,0.99547,-0.083416,-0.88425,-0.84076,0.083416,0.53494,-6.8793,0,0,0,1
0.54175,0.045443,0.83931,-5.5638,0.045443,0.99549,-0.083231,-0.88247,-0.83931,0.083231,0.53725,-6.8674,0,0,0,1
0.54409,0.045189,0.83781,-5.5335,0.045189,0.99552,-0.083041,-0.88064,-0.83781,0.083041,0.53961,-6.8552,0,0,0,1
0.54648,0.044928,0.83626,-5.5024,0.044928,0.99555,-0.082845,-0.87875,-0.83626,0.082845,0.54203,-6.8427,0,0,0,1
0.54894,0.044662,0.83467,-5.4706,0.044662,0.99558,-0.082644,-0.87681,-0.83467,0.082644,0.54451,-6.8297,0,0,0,1
0.55145,0.044389,0.83303,-5.4381,0.044389,0.99561,-0.082437,-0.87482,-0.83303,0.082437,0.54706,-6.8164,0,0,0,1
0.55402,0.04411,0.83134,-5.4049,0.04411,0.99564,-0.082224,-0.87277,-0.83134,0.082224,0.54965,-6.8027,0,0,0,1
0.55664,0.043825,0.82959,-5.371,0.043825,0.99567,-0.082005,-0.87066,-0.82959,0.082005,0.55231,-6.7886,0,0,0,1
0.55933,0.043535,0.8278,-5.3364,0.043535,0.9957,-0.08178,-0.86851,-0.8278,0.08178,0.55503,-6.7741,0,0,0,1
0.56207,0.043239,0.82596,-5.3011,0.043239,0.99573,-0.08155,-0.8663,-0.82596,0.08155,0.5578,-6.7593,0,0,0,1
0.56486,0.042937,0.82407,-5.2651,0.042937,0.99576,-0.081313,-0.86403,-0.82407,0.081313,0.56062,-6.744,0,0,0,1
0.56771,0.042629,0.82213,-5.2285,0.042629,0.9958,-0.081071,-0.86171,-0.82213,0.081071,0.5635,-6.7284,0,0,0,1
0.57061,0.042316,0.82013,-5.1913,0.042316,0.99583,-0.080823,-0.85933,-0.82013,0.080823,0.56644,-6.7123,0,0,0,1
0.57356,0.041998,0.81808,-5.1534,0.041998,0.99586,-0.080569,-0.8569,-0.81808,0.080569,0.56943,-6.6959,0,0,0,1
0.57657,0.041674,0.81599,-5.1148,0.041674,0.9959,-0.080309,-0.85441,-0.81599,0.080309,0.57247,-6.6791,0,0,0,1
0.57963,0.041345,0.81383,-5.0757,0.041345,0.99593,-0.080042,-0.85187,-0.81383,0.080042,0.57556,-6.6618,0,0,0,1
0.58274,0.041011,0.81163,-5.036,0.041011,0.99597,-0.07977,-0.84927,-0.81163,0.07977,0.57871,-6.6442,0,0,0,1
0.58589,0.040671,0.80937,-4.9956,0.040671,0.99601,-0.079492,-0.84662,-0.80937,0.079492,0.5819,-6.6261,0,0,0,1
0.5891,0.040327,0.80705,-4.9547,0.040327,0.99604,-0.079208,-0.84391,-0.80705,0.079208,0.58515,-6.6077,0,0,0,1
0.59236,0.039978,0.80468,-4.9132,0.039978,0.99608,-0.078917,-0.84114,-0.80468,0.078917,0.58844,-6.5888,0,0,0,1
0.59566,0.039625,0.80226,-4.8712,0.039625,0.99612,-0.078621,-0.83832,-0.80226,0.078621,0.59178,-6.5695,0,0,0,1
0.59902,0.039267,0.79977,-4.8286,0.039267,0.99615,-0.078318,-0.83544,-0.79977,0.078318,0.59517,-6.5498,0,0,0,1
0.60241,0.038904,0.79724,-4.7855,0.038904,0.99619,-0.078009,-0.8325,-0.79724,0.078009,0.59861,-6.5297,0,0,0,1
0.60586,0.038537,0.79464,-4.7419,0.038537,0.99623,-0.077695,-0.82951,-0.79464,0.077695,0.60209,-6.5091,0,0,0,1
0.60934,0.038165,0.79199,-4.6978,0.038165,0.99627,-0.077373,-0.82646,-0.79199,0.077373,0.60561,-6.4881,0,0,0,1
0.61287,0.03779,0.78928,-4.6532,0.03779,0.99631,-0.077046,-0.82335,-0.78928,0.077046,0.60918,-6.4667,0,0,0,1
0.61644,0.03741,0.78651,-4.6081,0.03741,0.99635,-0.076712,-0.82019,-0.78651,0.076712,0.6128,-6.4448,0,0,0,1
0.62006,0.037027,0.78368,-4.5626,0.037027,0.99639,-0.076372,-0.81696,-0.78368,0.076372,0.61645,-6.4225,0,0,0,1
0.62371,0.036639,0.78079,-4.5166,0.036639,0.99643,-0.076026,-0.81368,-0.78079,0.076026,0.62015,-6.3998,0,0,0,1
0.62741,0.036248,0.77785,-4.4701,0.036248,0.99647,-0.075674,-0.81034,-0.77785,0.075674,0.62388,-6.3766,0,0,0,1
0.63114,0.035853,0.77484,-4.4233,0.035853,0.99652,-0.075315,-0.80695,-0.77484,0.075315,0.62765,-6.353,0,0,0,1
0.63491,0.035455,0.77177,-4.376,0.035455,0.99656,-0.07495,-0.80349,-0.77177,0.07495,0.63147,-6.3289,0,0,0,1
0.63872,0.035054,0.76864,-4.3284,0.035054,0.9966,-0.074578,-0.79997,-0.76864,0.074578,0.63532,-6.3043,0,0,0,1
0.64256,0.034649,0.76545,-4.2804,0.034649,0.99664,-0.074201,-0.7964,-0.76545,0.074201,0.6392,-6.2793,0,0,0,1
0.64644,0.034241,0.7622,-4.232,0.034241,0.99668,-0.073817,-0.79277,-0.7622,0.073817,0.64312,-6.2539,0,0,0,1
0.65035,0.033831,0.75888,-4.1832,0.033831,0.99673,-0.073426,-0.78908,-0.75888,0.073426,0.64708,-6.228,0,0,0,1
0.65429,0.033417,0.7555,-4.1342,0.033417,0.99677,-0.073029,-0.78533,-0.7555,0.073029,0.65106,-6.2016,0,0,0,1
0.65827,0.033001,0.75206,-4.0848,0.033001,0.99681,-0.072626,-0.78152,-0.75206,0.072626,0.65508,-6.1747,0,0,0,1
0.66227,0.032582,0.74855,-4.0351,0.032582,0.99686,-0.072216,-0.77765,-0.74855,0.072216,0.65913,-6.1474,0,0,0,1
0.66631,0.032161,0.74498,-3.9851,0.032161,0.9969,-0.0718,-0.77372,-0.74498,0.0718,0.66321,-6.1196,0,0,0,1
0.67037,0.031737,0.74135,-3.9348,0.031737,0.99694,-0.071378,-0.76972,-0.74135,0.071378,0.66732,-6.0913,0,0,0,1
0.67446,0.031311,0.73765,-3.8843,0.031311,0.99699,-0.070949,-0.76567,-0.73765,0.070949,0.67145,-6.0625,0,0,0,1
0.67858,0.030883,0.73388,-3.8335,0.030883,0.99703,-0.070514,-0.76156,-0.73388,0.070514,0.67561,-6.0333,0,0,0,1
0.68272,0.030454,0.73005,-3.7825,0.030454,0.99708,-0.070072,-0.75739,-0.73005,0.070072,0.6798,-6.0035,0,0,0,1
0.68688,0.030022,0.72615,-3.7313,0.030022,0.99712,-0.069624,-0.75316,-0.72615,0.069624,0.684,-5.9733,0,0,0,1
0.69107,0.029589,0.72218,-3.6798,0.029589,0.99717,-0.06917,-0.74887,-0.72218,0.06917,0.68824,-5.9426,0,0,0,1
0.69528,0.029154,0.71815,-3.6282,0.029154,0.99721,-0.068709,-0.74451,-0.71815,0.068709,0.69249,-5.9114,0,0,0,1
0.69951,0.028718,0.71405,-3.5764,0.028718,0.99726,-0.068242,-0.7401,-0.71405,0.068242,0.69676,-5.8797,0,0,0,1
0.70375,0.028281,0.70988,-3.5245,0.028281,0.9973,-0.067768,-0.73562,-0.70988,0.067768,0.70105,-5.8474,0,0,0,1
0.70802,0.027843,0.70565,-3.4724,0.027843,0.99734,-0.067288,-0.73108,-0.70565,0.067288,0.70536,-5.8147,0,0,0,1
0.7123,0.027403,0.70134,-3.4202,0.027403,0.99739,-0.066802,-0.72648,-0.70134,0.066802,0.70969,-5.7815,0,0,0,1
0.71659,0.026963,0.69697,-3.3679,0.026963,0.99743,-0.06631,-0.72182,-0.69697,0.06631,0.71403,-5.7477,0,0,0,1
0.7209,0.026523,0.69253,-3.3155,0.026523,0.99748,-0.065811,-0.7171,-0.69253,0.065811,0.71838,-5.7134,0,0,0,1
0.72522,0.026081,0.68802,-3.2631,0.026081,0.99752,-0.065306,-0.71231,-0.68802,0.065306,0.72275,-5.6787,0,0,0,1
0.72956,0.02564,0.68344,-3.2105,0.02564,0.99757,-0.064794,-0.70746,-0.68344,0.064794,0.72713,-5.6434,0,0,0,1
0.7339,0.025198,0.67879,-3.158,0.025198,0.99761,-0.064277,-0.70255,-0.67879,0.064277,0.73151,-5.6075,0,0,0,1
0.73825,0.024756,0.67407,-3.1054,0.024756,0.99766,-0.063753,-0.69758,-0.67407,0.063753,0.73591,-5.5712,0,0,0,1
0.74261,0.024314,0.66928,-3.0527,0.024314,0.9977,-0.063223,-0.69254,-0.66928,0.063223,0.74031,-5.5343,0,0,0,1
0.74698,0.023872,0.66442,-3.0001,0.023872,0.99775,-0.062686,-0.68744,-0.66442,0.062686,0.74472,-5.4969,0,0,0,1
0.75135,0.023431,0.65949,-2.9475,0.023431,0.99779,-0.062144,-0.68228,-0.65949,0.062144,0.74914,-5.4589,0,0,0,1
0.75572,0.02299,0.65449,-2.895,0.02299,0.99784,-0.061595,-0.67706,-0.65449,0.061595,0.75356,-5.4204,0,0,0,1
0.76009,0.022549,0.64942,-2.8424,0.022549,0.99788,-0.061041,-0.67177,-0.64942,0.061041,0.75797,-5.3814,0,0,0,1
0.76447,0.02211,0.64428,-2.79,0.02211,0.99792,-0.06048,-0.66642,-0.64428,0.06048,0.76239,-5.3418,0,0,0,1
0.76884,0.021671,0.63907,-2.7376,0.021671,0.99797,-0.059914,-0.66101,-0.63907,0.059914,0.76681,-5.3017,0,0,0,1
0.77322,0.021234,0.63379,-2.6853,0.021234,0.99801,-0.059341,-0.65553,-0.63379,0.059341,0.77123,-5.2611,0,0,0,1
0.77759,0.020797,0.62843,-2.6332,0.020797,0.99806,-0.058762,-0.64999,-0.62843,0.058762,0.77564,-5.2199,0,0,0,1
0.78195,0.020362,0.62301,-2.5811,0.020362,0.9981,-0.058178,-0.64439,-0.62301,0.058178,0.78005,-5.1781,0,0,0,1
0.78631,0.019928,0.61751,-2.5292,0.019928,0.99814,-0.057588,-0.63872,-0.61751,0.057588,0.78445,-5.1358,0,0,0,1
0.79066,0.019496,0.61195,-2.4775,0.019496,0.99818,-0.056992,-0.63299,-0.61195,0.056992,0.78884,-5.0929,0,0,0,1
0.795,0.019066,0.60631,-2.4259,0.019066,0.99823,-0.05639,-0.6272,-0.60631,0.05639,0.79323,-5.0495,0,0,0,1
0.79933,0.018638,0.6006,-2.3745,0.018638,0.99827,-0.055783,-0.62134,-0.6006,0.055783,0.7976,-5.0055,0,0,0,1
0.80365,0.018212,0.59483,-2.3233,0.018212,0.99831,-0.05517,-0.61542,-0.59483,0.05517,0.80196,-4.9609,0,0,0,1
0.80795,0.017787,0.58898,-2.2724,0.017787,0.99835,-0.054551,-0.60944,-0.58898,0.054551,0.80631,-4.9158,0,0,0,1
0.81224,0.017366,0.58306,-2.2217,0.017366,0.99839,-0.053927,-0.60339,-0.58306,0.053927,0.81064,-4.8702,0,0,0,1
0.81652,0.016946,0.57707,-2.1712,0.016946,0.99843,-0.053298,-0.59728,-0.57707,0.053298,0.81495,-4.8239,0,0,0,1
0.82078,0.016529,0.57101,-2.121,0.016529,0.99848,-0.052663,-0.5911,-0.57101,0.052663,0.81925,-4.7771,0,0,0,1
0.82501,0.016115,0.56488,-2.071,0.016115,0.99852,-0.052023,-0.58486,-0.56488,0.052023,0.82353,-4.7297,0,0,0,1
0.82923,0.015704,0.55868,-2.0214,0.015704,0.99856,-0.051377,-0.57856,-0.55868,0.051377,0.82779,-4.6817,0,0,0,1
0.83343,0.015296,0.55241,-1.9721,0.015296,0.9986,-0.050727,-0.57219,-0.55241,0.050727,0.83202,-4.6332,0,0,0,1
0.8376,0.014891,0.54608,-1.9231,0.014891,0.99863,-0.050071,-0.56576,-0.54608,0.050071,0.83624,-4.5841,0,0,0,1
0.84175,0.014489,0.53967,-1.8744,0.014489,0.99867,-0.04941,-0.55927,-0.53967,0.04941,0.84042,-4.5344,0,0,0,1
0.84587,0.01409,0.5332,-1.8261,0.01409,0.99871,-0.048745,-0.55271,-0.5332,0.048745,0.84459,-4.4842,0,0,0,1
0.84997,0.013695,0.52665,-1.7781,0.013695,0.99875,-0.048074,-0.54609,-0.52665,0.048074,0.84872,-4.4333,0,0,0,1
0.85404,0.013304,0.52004,-1.7305,0.013304,0.99879,-0.047399,-0.5394,-0.52004,0.047399,0.85282,-4.3819,0,0,0,1
0.85807,0.012916,0.51337,-1.6834,0.012916,0.99882,-0.046719,-0.53266,-0.51337,0.046719,0.8569,-4.3299,0,0,0,1
0.86208,0.012532,0.50662,-1.6366,0.012532,0.99886,-0.046035,-0.52585,-0.50662,0.046035,0.86094,-4.2773,0,0,0,1
0.86605,0.012153,0.49981,-1.5902,0.012153,0.9989,-0.045346,-0.51897,-0.49981,0.045346,0.86495,-4.2242,0,0,0,1
0.86999,0.011777,0.49293,-1.5443,0.011777,0.99893,-0.044652,-0.51203,-0.49293,0.044652,0.86892,-4.1704,0,0,0,1
0.87389,0.011406,0.48599,-1.4989,0.011406,0.99897,-0.043954,-0.50503,-0.48599,0.043954,0.87286,-4.1161,0,0,0,1
0.87776,0.011039,0.47898,-1.4539,0.011039,0.999,-0.043252,-0.49797,-0.47898,0.043252,0.87676,-4.0612,0,0,0,1
0.88158,0.010676,0.47191,-1.4093,0.010676,0.99904,-0.042546,-0.49084,-0.47191,0.042546,0.88062,-4.0057,0,0,0,1
0.88537,0.010318,0.46477,-1.3653,0.010318,0.99907,-0.041836,-0.48365,-0.46477,0.041836,0.88444,-3.9496,0,0,0,1
0.88912,0.0099649,0.45757,-1.3218,0.0099649,0.9991,-0.041122,-0.4764,-0.45757,0.041122,0.88822,-3.8929,0,0,0,1
0.89282,0.0096165,0.45031,-1.2787,0.0096165,0.99914,-0.040404,-0.46909,-0.45031,0.040404,0.89196,-3.8356,0,0,0,1
0.89648,0.009273,0.44298,-1.2362,0.009273,0.99917,-0.039682,-0.46171,-0.44298,0.039682,0.89565,-3.7778,0,0,0,1
0.9001,0.0089344,0.43559,-1.1943,0.0089344,0.9992,-0.038957,-0.45427,-0.43559,0.038957,0.8993,-3.7194,0,0,0,1
0.90367,0.0086011,0.42815,-1.1529,0.0086011,0.99923,-0.038228,-0.44677,-0.42815,0.038228,0.9029,-3.6603,0,0,0,1
0.90719,0.0082729,0.42064,-1.112,0.0082729,0.99926,-0.037495,-0.43921,-0.42064,0.037495,0.90645,-3.6007,0,0,0,1
0.91066,0.0079501,0.41307,-1.0718,0.0079501,0.99929,-0.03676,-0.43159,-0.41307,0.03676,0.90996,-3.5405,0,0,0,1
0.91409,0.0076327,0.40545,-1.0321,0.0076327,0.99932,-0.036021,-0.4239,-0.40545,0.036021,0.91341,-3.4798,0,0,0,1
0.91746,0.0073208,0.39776,-0.99304,0.0073208,0.99935,-0.035279,-0.41616,-0.39776,0.035279,0.91681,-3.4184,0,0,0,1
0.92078,0.0070145,0.39002,-0.95457,0.0070145,0.99938,-0.034534,-0.40835,-0.39002,0.034534,0.92016,-3.3565,0,0,0,1
0.92404,0.0067139,0.38223,-0.91673,0.0067139,0.99941,-0.033786,-0.40048,-0.38223,0.033786,0.92345,-3.294,0,0,0,1
0.92726,0.0064191,0.37437,-0.87953,0.0064191,0.99943,-0.033036,-0.39255,-0.37437,0.033036,0.92669,-3.2309,0,0,0,1
0.93041,0.0061302,0.36647,-0.84296,0.0061302,0.99946,-0.032283,-0.38457,-0.36647,0.032283,0.92987,-3.1672,0,0,0,1
0.93351,0.0058472,0.35851,-0.80705,0.0058472,0.99949,-0.031527,-0.37652,-0.35851,0.031527,0.93299,-3.1029,0,0,0,1
0.93655,0.0055703,0.3505,-0.77181,0.0055703,0.99951,-0.030769,-0.36841,-0.3505,0.030769,0.93606,-3.0381,0,0,0,1
0.93953,0.0052995,0.34243,-0.73724,0.0052995,0.99954,-0.030009,-0.36025,-0.34243,0.030009,0.93906,-2.9727,0,0,0,1
0.94245,0.0050348,0.33432,-0.70336,0.0050348,0.99956,-0.029246,-0.35202,-0.33432,0.029246,0.94201,-2.9067,0,0,0,1
0.9453,0.0047764,0.32615,-0.67018,0.0047764,0.99958,-0.028482,-0.34374,-0.32615,0.028482,0.94489,-2.8401,0,0,0,1
0.9481,0.0045243,0.31794,-0.6377,0.0045243,0.99961,-0.027716,-0.33539,-0.31794,0.027716,0.94771,-2.773,0,0,0,1
0.95083,0.0042786,0.30968,-0.60593,0.0042786,0.99963,-0.026948,-0.32699,-0.30968,0.026948,0.95046,-2.7052,0,0,0,1
0.9535,0.0040394,0.30137,-0.57489,0.0040394,0.99965,-0.026178,-0.31854,-0.30137,0.026178,0.95315,-2.637,0,0,0,1
0.9561,0.0038066,0.29302,-0.54458,0.0038066,0.99967,-0.025407,-0.31002,-0.29302,0.025407,0.95577,-2.5681,0,0,0,1
0.95863,0.0035805,0.28463,-0.51501,0.0035805,0.99969,-0.024635,-0.30145,-0.28463,0.024635,0.95832,-2.4987,0,0,0,1
0.9611,0.0033609,0.27619,-0.48619,0.0033609,0.99971,-0.023861,-0.29282,-0.27619,0.023861,0.96081,-2.4288,0,0,0,1
0.9635,0.0031481,0.2677,-0.45813,0.0031481,0.99973,-0.023087,-0.28414,-0.2677,0.023087,0.96322,-2.3582,0,0,0,1
0.96582,0.0029419,0.25918,-0.43083,0.0029419,0.99975,-0.022311,-0.2754,-0.25918,0.022311,0.96557,-2.2871,0,0,0,1
0.96808,0.0027426,0.25062,-0.40431,0.0027426,0.99976,-0.021534,-0.2666,-0.25062,0.021534,0.96785,-2.2155,0,0,0,1
0.97027,0.00255,0.24202,-0.37858,0.00255,0.99978,-0.020757,-0.25775,-0.24202,0.020757,0.97005,-2.1433,0,0,0,1
0.97238,0.0023643,0.23338,-0.35363,0.0023643,0.9998,-0.019979,-0.24885,-0.23338,0.019979,0.97218,-2.0706,0,0,0,1
0.97442,0.0021855,0.22471,-0.32947,0.0021855,0.99981,-0.019201,-0.23989,-0.22471,0.019201,0.97424,-1.9973,0,0,0,1
0.97639,0.0020136,0.216,-0.30612,0.0020136,0.99983,-0.018423,-0.23088,-0.216,0.018423,0.97622,-1.9235,0,0,0,1
0.97829,0.0018486,0.20725,-0.28358,0.0018486,0.99984,-0.017644,-0.22181,-0.20725,0.017644,0.97813,-1.8491,0,0,0,1
0.9801,0.0016907,0.19848,-0.26186,0.0016907,0.99986,-0.016866,-0.2127,-0.19848,0.016866,0.97996,-1.7742,0,0,0,1
0.98185,0.0015397,0.18967,-0.24095,0.0015397,0.99987,-0.016087,-0.20353,-0.18967,0.016087,0.98172,-1.6988,0,0,0,1
0.98351,0.0013958,0.18084,-0.22088,0.0013958,0.99988,-0.015309,-0.19431,-0.18084,0.015309,0.98339,-1.6229,0,0,0,1
0.9851,0.0012589,0.17197,-0.20164,0.0012589,0.99989,-0.014531,-0.18504,-0.17197,0.014531,0.98499,-1.5464,0,0,0,1
0.98661,0.0011291,0.16308,-0.18324,0.0011291,0.9999,-0.013753,-0.17571,-0.16308,0.013753,0.98652,-1.4694,0,0,0,1
0.98804,0.0010063,0.15416,-0.16568,0.0010063,0.99992,-0.012977,-0.16634,-0.15416,0.012977,0.98796,-1.3919,0,0,0,1
0.9894,0.00089066,0.14522,-0.14897,0.00089066,0.99993,-0.012201,-0.15692,-0.14522,0.012201,0.98932,-1.3139,0,0,0,1
0.99067,0.00078209,0.13626,-0.13311,0.00078209,0.99993,-0.011426,-0.14745,-0.13626,0.011426,0.99061,-1.2353,0,0,0,1
0.99187,0.00068062,0.12727,-0.11812,0.00068062,0.99994,-0.010652,-0.13793,-0.12727,0.010652,0.99181,-1.1563,0,0,0,1
0.99298,0.00058624,0.11827,-0.10398,0.00058624,0.99995,-0.0098789,-0.12837,-0.11827,0.0098789,0.99293,-1.0768,0,0,0,1
0.99402,0.00049896,0.10924,-0.090708,0.00049896,0.99996,-0.0091074,-0.11876,-0.10924,0.0091074,0.99397,-0.99676,0,0,0,1
0.99497,0.00041876,0.1002,-0.078307,0.00041876,0.99997,-0.0083374,-0.1091,-0.1002,0.0083374,0.99493,-0.91625,0,0,0,1
0.99584,0.00034565,0.091142,-0.066778,0.00034565,0.99997,-0.0075689,-0.099396,-0.091142,0.0075689,0.99581,-0.83526,0,0,0,1
0.99663,0.0002796,0.082069,-0.056124,0.0002796,0.99998,-0.0068022,-0.089647,-0.082069,0.0068022,0.9966,-0.75379,0,0,0,1
0.99733,0.00022061,0.072983,-0.046349,0.00022061,0.99998,-0.0060373,-0.079854,-0.072983,0.0060373,0.99731,-0.67185,0,0,0,1
0.99796,0.00016866,0.063886,-0.037454,0.00016866,0.99999,-0.0052744,-0.070018,-0.063886,0.0052744,0.99794,-0.58944,0,0,0,1
0.9985,0.00012372,0.054778,-0.029442,0.00012372,0.99999,-0.0045136,-0.060138,-0.054778,0.0045136,0.99849,-0.50657,0,0,0,1
0.99896,8.5777e-05,0.045662,-0.022315,8.5777e-05,0.99999,-0.0037551,-0.050217,-0.045662,0.0037551,0.99895,-0.42325,0,0,0,1
0.99933,5.4805e-05,0.036538,-0.016075,5.4805e-05,1,-0.0029988,-0.040254,-0.036538,0.0029988,0.99933,-0.33948,0,0,0,1
0.99962,3.0774e-05,0.027409,-0.010722,3.0774e-05,1,-0.0022451,-0.03025,-0.027409,0.0022451,0.99962,-0.25526,0,0,0,1
0.99983,1.3652e-05,0.018275,-0.0062579,1.3652e-05,1,-0.001494,-0.020205,-0.018275,0.001494,0.99983,-0.1706,0,0,0,1
0.99996,3.4067e-06,0.0091383,-0.0026838,3.4067e-06,1,-0.00074556,-0.010122,-0.0091383,0.00074556,0.99996,-0.085513,0,0,0,1
NaN,NaN,NaN,0,NaN,NaN,NaN,0,NaN,NaN,NaN,0,0,0,0,1
0.99996,3.3931e-06,-0.0091383,0.0017931,3.3931e-06,1,0.0007426,0.01016,0.0091383,-0.0007426,0.99996,0.085932,0,0,0,1
0.99983,1.3544e-05,-0.018275,0.0026955,1.3544e-05,1,0.0014821,0.020357,0.018275,-0.0014821,0.99983,0.17228,0,0,0,1
0.99962,3.0408e-05,-0.027409,0.0027074,3.0408e-05,1,0.0022184,0.03059,0.027409,-0.0022184,0.99962,0.25903,0,0,0,1
0.99933,5.3938e-05,-0.036538,0.0018293,5.3938e-05,1,0.0029514,0.040858,0.036538,-0.0029514,0.99933,0.34617,0,0,0,1
0.99896,8.4084e-05,-0.045662,6.2054e-05,8.4084e-05,0.99999,0.003681,0.051161,0.045662,-0.003681,0.99895,0.43371,0,0,0,1
0.9985,0.0001208,-0.054778,-0.0025933,0.0001208,0.99999,0.004407,0.061498,0.054778,-0.004407,0.99849,0.52164,0,0,0,1
0.99796,0.00016402,-0.063886,-0.0061355,0.00016402,0.99999,0.0051293,0.071868,0.063886,-0.0051293,0.99794,0.60994,0,0,0,1
0.99733,0.00021369,-0.072983,-0.010563,0.00021369,0.99998,0.0058479,0.082271,0.072983,-0.0058479,0.99732,0.69861,0,0,0,1
0.99663,0.00026975,-0.082069,-0.015874,0.00026975,0.99998,0.0065627,0.092704,0.082069,-0.0065627,0.99661,0.78765,0,0,0,1
0.99584,0.00033215,-0.091142,-0.022066,0.00033215,0.99997,0.0072734,0.10317,0.091142,-0.0072734,0.99581,0.87703,0,0,0,1
0.99497,0.00040082,-0.1002,-0.029137,0.00040082,0.99997,0.0079801,0.11366,0.1002,-0.0079801,0.99494,0.96677,0,0,0,1
0.99402,0.00047568,-0.10924,-0.037084,0.00047568,0.99996,0.0086826,0.12418,0.10924,-0.0086826,0.99398,1.0568,0,0,0,1
0.99298,0.00055668,-0.11827,-0.045904,0.00055668,0.99996,0.0093808,0.13473,0.11827,-0.0093808,0.99294,1.1473,0,0,0,1
0.99187,0.00064375,-0.12727,-0.055594,0.00064375,0.99995,0.010075,0.14531,0.12727,-0.010075,0.99182,1.238,0,0,0,1
0.99067,0.0007368,-0.13626,-0.066151,0.0007368,0.99994,0.010764,0.15591,0.13626,-0.010764,0.99061,1.329,0,0,0,1
0.9894,0.00083577,-0.14522,-0.077571,0.00083577,0.99993,0.011449,0.16654,0.14522,-0.011449,0.98933,1.4204,0,0,0,1
0.98804,0.00094058,-0.15416,-0.08985,0.00094058,0.99993,0.012129,0.17719,0.15416,-0.012129,0.98797,1.512,0,0,0,1
0.98661,0.0010511,-0.16308,-0.10298,0.0010511,0.99992,0.012804,0.18786,0.16308,-0.012804,0.98653,1.604,0,0,0,1
0.9851,0.0011674,-0.17197,-0.11697,0.0011674,0.99991,0.013475,0.19856,0.17197,-0.013475,0.98501,1.6962,0,0,0,1
0.98351,0.0012893,-0.18084,-0.1318,0.0012893,0.9999,0.01414,0.20928,0.18084,-0.01414,0.98341,1.7887,0,0,0,1
0.98185,0.0014166,-0.18967,-0.14746,0.0014166,0.99989,0.014801,0.22002,0.18967,-0.014801,0.98174,1.8815,0,0,0,1
0.9801,0.0015494,-0.19848,-0.16397,0.0015494,0.99988,0.015457,0.23077,0.19848,-0.015457,0.97998,1.9745,0,0,0,1
0.97829,0.0016876,-0.20726,-0.1813,0.0016876,0.99987,0.016107,0.24155,0.20726,-0.016107,0.97815,2.0677,0,0,0,1
0.97639,0.001831,-0.216,-0.19946,0.001831,0.99986,0.016752,0.25234,0.216,-0.016752,0.97625,2.1612,0,0,0,1
0.97442,0.0019795,-0.22471,-0.21844,0.0019795,0.99985,0.017392,0.26315,0.22471,-0.017392,0.97427,2.2549,0,0,0,1
0.97238,0.0021332,-0.23338,-0.23822,0.0021332,0.99984,0.018026,0.27397,0.23338,-0.018026,0.97222,2.3489,0,0,0,1
0.97027,0.0022918,-0.24202,-0.25881,0.0022918,0.99982,0.018655,0.28481,0.24202,-0.018655,0.97009,2.443,0,0,0,1
0.96808,0.0024553,-0.25062,-0.2802,0.0024553,0.99981,0.019279,0.29566,0.25062,-0.019279,0.96789,2.5374,0,0,0,1
0.96582,0.0026236,-0.25919,-0.30239,0.0026236,0.9998,0.019897,0.30653,0.25919,-0.019897,0.96562,2.6319,0,0,0,1
0.9635,0.0027966,-0.26771,-0.32535,0.0027966,0.99979,0.020509,0.3174,0.26771,-0.020509,0.96328,2.7266,0,0,0,1
0.9611,0.0029742,-0.27619,-0.34909,0.0029742,0.99977,0.021116,0.32828,0.27619,-0.021116,0.96087,2.8215,0,0,0,1
0.95863,0.0031563,-0.28463,-0.3736,0.0031563,0.99976,0.021717,0.33917,0.28463,-0.021717,0.95839,2.9166,0,0,0,1
0.9561,0.0033428,-0.29303,-0.39887,0.0033428,0.99975,0.022312,0.35007,0.29303,-0.022312,0.95584,3.0117,0,0,0,1
0.9535,0.0035336,-0.30138,-0.4249,0.0035336,0.99973,0.022901,0.36098,0.30138,-0.022901,0.95323,3.1071,0,0,0,1
0.95083,0.0037286,-0.30969,-0.45166,0.0037286,0.99972,0.023484,0.37189,0.30969,-0.023484,0.95055,3.2025,0,0,0,1
0.9481,0.0039277,-0.31795,-0.47917,0.0039277,0.9997,0.024061,0.38281,0.31795,-0.024061,0.9478,3.2981,0,0,0,1
0.9453,0.0041308,-0.32617,-0.50739,0.0041308,0.99969,0.024633,0.39373,0.32617,-0.024633,0.94499,3.3938,0,0,0,1
0.94245,0.0043377,-0.33433,-0.53634,0.0043377,0.99967,0.025198,0.40465,0.33433,-0.025198,0.94212,3.4896,0,0,0,1
0.93953,0.0045485,-0.34245,-0.566,0.0045485,0.99966,0.025757,0.41557,0.34245,-0.025757,0.93918,3.5854,0,0,0,1
0.93655,0.004763,-0.35051,-0.59635,0.004763,0.99964,0.02631,0.4265,0.35051,-0.02631,0.93619,3.6814,0,0,0,1
0.93351,0.004981,-0.35853,-0.62739,0.004981,0.99963,0.026857,0.43742,0.35853,-0.026857,0.93313,3.7774,0,0,0,1
0.93041,0.0052025,-0.36649,-0.65912,0.0052025,0.99961,0.027398,0.44834,0.36649,-0.027398,0.93002,3.8735,0,0,0,1
0.92725,0.0054273,-0.37439,-0.69151,0.0054273,0.9996,0.027932,0.45925,0.37439,-0.027932,0.92685,3.9696,0,0,0,1
0.92404,0.0056555,-0.38225,-0.72456,0.0056555,0.99958,0.028461,0.47016,0.38225,-0.028461,0.92362,4.0657,0,0,0,1
0.92078,0.0058867,-0.39005,-0.75825,0.0058867,0.99956,0.028983,0.48107,0.39005,-0.028983,0.92034,4.1619,0,0,0,1
0.91746,0.0061211,-0.39779,-0.79259,0.0061211,0.99955,0.029498,0.49196,0.39779,-0.029498,0.917,4.258,0,0,0,1
0.91408,0.0063583,-0.40547,-0.82755,0.0063583,0.99953,0.030008,0.50285,0.40547,-0.030008,0.91361,4.3542,0,0,0,1
0.91066,0.0065984,-0.4131,-0.86312,0.0065984,0.99951,0.030511,0.51373,0.4131,-0.030511,0.91017,4.4504,0,0,0,1
0.90719,0.0068412,-0.42067,-0.8993,0.0068412,0.9995,0.031008,0.5246,0.42067,-0.031008,0.90668,4.5465,0,0,0,1
0.90366,0.0070867,-0.42818,-0.93608,0.0070867,0.99948,0.031498,0.53546,0.42818,-0.031498,0.90314,4.6426,0,0,0,1
0.90009,0.0073346,-0.43563,-0.97343,0.0073346,0.99946,0.031982,0.5463,0.43563,-0.031982,0.89956,4.7386,0,0,0,1
0.89648,0.007585,-0.44302,-1.0114,0.007585,0.99944,0.03246,0.55713,0.44302,-0.03246,0.89592,4.8346,0,0,0,1
0.89282,0.0078376,-0.45035,-1.0498,0.0078376,0.99943,0.032931,0.56795,0.45035,-0.032931,0.89224,4.9305,0,0,0,1
0.88911,0.0080924,-0.45762,-1.0889,0.0080924,0.99941,0.033396,0.57874,0.45762,-0.033396,0.88852,5.0264,0,0,0,1
0.88537,0.0083493,-0.46482,-1.1284,0.0083493,0.99939,0.033855,0.58952,0.46482,-0.033855,0.88476,5.1221,0,0,0,1
0.88158,0.0086082,-0.47196,-1.1685,0.0086082,0.99937,0.034307,0.60028,0.47196,-0.034307,0.88095,5.2178,0,0,0,1
0.87775,0.008869,-0.47904,-1.2091,0.008869,0.99936,0.034753,0.61102,0.47904,-0.034753,0.87711,5.3133,0,0,0,1
0.87388,0.0091315,-0.48605,-1.2501,0.0091315,0.99934,0.035193,0.62174,0.48605,-0.035193,0.87322,5.4087,0,0,0,1
0.86998,0.0093957,-0.493,-1.2917,0.0093957,0.99932,0.035626,0.63244,0.493,-0.035626,0.8693,5.5039,0,0,0,1
0.86604,0.0096615,-0.49988,-1.3337,0.0096615,0.9993,0.036053,0.64311,0.49988,-0.036053,0.86534,5.599,0,0,0,1
0.86207,0.0099287,-0.50669,-1.3762,0.0099287,0.99929,0.036473,0.65375,0.50669,-0.036473,0.86135,5.694,0,0,0,1
0.85806,0.010197,-0.51344,-1.4191,0.010197,0.99927,0.036888,0.66437,0.51344,-0.036888,0.85733,5.7887,0,0,0,1
0.85402,0.010467,-0.52013,-1.4625,0.010467,0.99925,0.037295,0.67496,0.52013,-0.037295,0.85327,5.8833,0,0,0,1
0.84996,0.010738,-0.52674,-1.5063,0.010738,0.99923,0.037697,0.68553,0.52674,-0.037697,0.84919,5.9777,0,0,0,1
0.84586,0.01101,-0.53329,-1.5504,0.01101,0.99921,0.038092,0.69606,0.53329,-0.038092,0.84507,6.0718,0,0,0,1
0.84174,0.011283,-0.53977,-1.595,0.011283,0.9992,0.038482,0.70656,0.53977,-0.038482,0.84093,6.1658,0,0,0,1
0.83759,0.011557,-0.54618,-1.6399,0.011557,0.99918,0.038865,0.71703,0.54618,-0.038865,0.83676,6.2595,0,0,0,1
0.83341,0.011831,-0.55252,-1.6852,0.011831,0.99916,0.039241,0.72746,0.55252,-0.039241,0.83257,6.3529,0,0,0,1
0.82922,0.012107,-0.5588,-1.7308,0.012107,0.99914,0.039612,0.73786,0.5588,-0.039612,0.82836,6.4461,0,0,0,1
0.825,0.012382,-0.565,-1.7768,0.012382,0.99912,0.039976,0.74822,0.565,-0.039976,0.82412,6.539,0,0,0,1
0.82076,0.012658,-0.57114,-1.8231,0.012658,0.99911,0.040335,0.75854,0.57114,-0.040335,0.81986,6.6316,0,0,0,1
0.8165,0.012935,-0.5772,-1.8696,0.012935,0.99909,0.040687,0.76883,0.5772,-0.040687,0.81559,6.7239,0,0,0,1
0.81222,0.013212,-0.5832,-1.9165,0.013212,0.99907,0.041033,0.77907,0.5832,-0.041033,0.81129,6.816,0,0,0,1
0.80793,0.013489,-0.58912,-1.9637,0.013489,0.99905,0.041374,0.78927,0.58912,-0.041374,0.80698,6.9077,0,0,0,1
0.80362,0.013766,-0.59498,-2.011,0.013766,0.99904,0.041708,0.79943,0.59498,-0.041708,0.80266,6.999,0,0,0,1
0.7993,0.014043,-0.60076,-2.0587,0.014043,0.99902,0.042036,0.80955,0.60076,-0.042036,0.79832,7.09,0,0,0,1
0.79497,0.01432,-0.60648,-2.1065,0.01432,0.999,0.042359,0.81962,0.60648,-0.042359,0.79397,7.1807,0,0,0,1
0.79063,0.014597,-0.61212,-2.1546,0.014597,0.99898,0.042676,0.82965,0.61212,-0.042676,0.78961,7.271,0,0,0,1
0.78628,0.014873,-0.6177,-2.2029,0.014873,0.99896,0.042986,0.83962,0.6177,-0.042986,0.78524,7.3609,0,0,0,1
0.78192,0.01515,-0.6232,-2.2514,0.01515,0.99895,0.043292,0.84955,0.6232,-0.043292,0.78086,7.4504,0,0,0,1
0.77755,0.015425,-0.62863,-2.3,0.015425,0.99893,0.043591,0.85943,0.62863,-0.043591,0.77648,7.5395,0,0,0,1
0.77318,0.0157,-0.63399,-2.3488,0.0157,0.99891,0.043885,0.86925,0.63399,-0.043885,0.77209,7.6281,0,0,0,1
0.76881,0.015975,-0.63928,-2.3977,0.015975,0.9989,0.044173,0.87902,0.63928,-0.044173,0.7677,7.7164,0,0,0,1
0.76443,0.016249,-0.6445,-2.4467,0.016249,0.99888,0.044456,0.88874,0.6445,-0.044456,0.76331,7.8042,0,0,0,1
0.76005,0.016522,-0.64965,-2.4958,0.016522,0.99886,0.044733,0.8984,0.64965,-0.044733,0.75891,7.8915,0,0,0,1
0.75568,0.016794,-0.65473,-2.5451,0.016794,0.99885,0.045004,0.90801,0.65473,-0.045004,0.75452,7.9784,0,0,0,1
0.7513,0.017066,-0.65974,-2.5944,0.017066,0.99883,0.045271,0.91756,0.65974,-0.045271,0.75013,8.0648,0,0,0,1
0.74693,0.017336,-0.66468,-2.6437,0.017336,0.99881,0.045532,0.92705,0.66468,-0.045532,0.74574,8.1507,0,0,0,1
0.74256,0.017605,-0.66955,-2.6932,0.017605,0.9988,0.045787,0.93648,0.66955,-0.045787,0.74136,8.236,0,0,0,1
0.7382,0.017873,-0.67434,-2.7426,0.017873,0.99878,0.046038,0.94585,0.67434,-0.046038,0.73698,8.3209,0,0,0,1
0.73385,0.01814,-0.67907,-2.7921,0.01814,0.99876,0.046283,0.95515,0.67907,-0.046283,0.73261,8.4053,0,0,0,1
0.7295,0.018405,-0.68373,-2.8415,0.018405,0.99875,0.046523,0.9644,0.68373,-0.046523,0.72825,8.4891,0,0,0,1
0.72517,0.01867,-0.68832,-2.8909,0.01867,0.99873,0.046758,0.97357,0.68832,-0.046758,0.7239,8.5723,0,0,0,1
0.72084,0.018932,-0.69284,-2.9403,0.018932,0.99872,0.046988,0.98268,0.69284,-0.046988,0.71956,8.655,0,0,0,1
0.71653,0.019193,-0.69729,-2.9897,0.019193,0.9987,0.047213,0.99173,0.69729,-0.047213,0.71523,8.7371,0,0,0,1
0.71223,0.019453,-0.70167,-3.039,0.019453,0.99868,0.047433,1.0007,0.70167,-0.047433,0.71092,8.8186,0,0,0,1
0.70795,0.019711,-0.70599,-3.0882,0.019711,0.99867,0.047648,1.0096,0.70599,-0.047648,0.70662,8.8996,0,0,0,1
0.70368,0.019967,-0.71023,-3.1373,0.019967,0.99865,0.047859,1.0184,0.71023,-0.047859,0.70234,8.9799,0,0,0,1
0.69943,0.020222,-0.71441,-3.1863,0.020222,0.99864,0.048065,1.0272,0.71441,-0.048065,0.69807,9.0596,0,0,0,1
0.6952,0.020474,-0.71852,-3.2352,0.020474,0.99862,0.048266,1.0359,0.71852,-0.048266,0.69383,9.1386,0,0,0,1
0.69099,0.020725,-0.72257,-3.284,0.020725,0.99861,0.048463,1.0445,0.72257,-0.048463,0.6896,9.217,0,0,0,1
0.6868,0.020974,-0.72654,-3.3326,0.020974,0.9986,0.048655,1.053,0.72654,-0.048655,0.6854,9.2948,0,0,0,1
0.68263,0.021221,-0.73045,-3.381,0.021221,0.99858,0.048842,1.0615,0.73045,-0.048842,0.68121,9.3719,0,0,0,1
0.67849,0.021466,-0.7343,-3.4292,0.021466,0.99857,0.049025,1.0699,0.7343,-0.049025,0.67706,9.4483,0,0,0,1
0.67437,0.021708,-0.73807,-3.4773,0.021708,0.99855,0.049204,1.0782,0.73807,-0.049204,0.67292,9.524,0,0,0,1
0.67028,0.021949,-0.74179,-3.5251,0.021949,0.99854,0.049379,1.0864,0.74179,-0.049379,0.66882,9.599,0,0,0,1
0.66621,0.022187,-0.74543,-3.5727,0.022187,0.99853,0.049549,1.0946,0.74543,-0.049549,0.66474,9.6733,0,0,0,1
0.66217,0.022423,-0.74901,-3.62,0.022423,0.99851,0.049715,1.1026,0.74901,-0.049715,0.66069,9.7469,0,0,0,1
0.65817,0.022657,-0.75253,-3.6671,0.022657,0.9985,0.049878,1.1106,0.75253,-0.049878,0.65666,9.8197,0,0,0,1
0.65419,0.022888,-0.75599,-3.7139,0.022888,0.99849,0.050036,1.1185,0.75599,-0.050036,0.65267,9.8918,0,0,0,1
0.65024,0.023117,-0.75938,-3.7604,0.023117,0.99847,0.05019,1.1263,0.75938,-0.05019,0.64871,9.9631,0,0,0,1
0.64633,0.023343,-0.7627,-3.8067,0.023343,0.99846,0.05034,1.134,0.7627,-0.05034,0.64478,10.034,0,0,0,1
0.64244,0.023567,-0.76597,-3.8526,0.023567,0.99845,0.050486,1.1417,0.76597,-0.050486,0.64089,10.104,0,0,0,1
0.6386,0.023788,-0.76917,-3.8981,0.023788,0.99843,0.050629,1.1492,0.76917,-0.050629,0.63703,10.173,0,0,0,1
0.63479,0.024007,-0.77231,-3.9434,0.024007,0.99842,0.050768,1.1567,0.77231,-0.050768,0.63321,10.241,0,0,0,1
0.63101,0.024223,-0.77539,-3.9882,0.024223,0.99841,0.050903,1.1641,0.77539,-0.050903,0.62942,10.308,0,0,0,1
0.62728,0.024437,-0.77841,-4.0327,0.024437,0.9984,0.051035,1.1713,0.77841,-0.051035,0.62568,10.375,0,0,0,1
0.62358,0.024647,-0.78137,-4.0768,0.024647,0.99839,0.051163,1.1785,0.78137,-0.051163,0.62197,10.44,0,0,0,1
0.61992,0.024855,-0.78427,-4.1205,0.024855,0.99837,0.051288,1.1856,0.78427,-0.051288,0.6183,10.505,0,0,0,1
0.6163,0.025061,-0.78711,-4.1638,0.025061,0.99836,0.051409,1.1926,0.78711,-0.051409,0.61467,10.569,0,0,0,1
0.61273,0.025263,-0.78989,-4.2067,0.025263,0.99835,0.051527,1.1995,0.78989,-0.051527,0.61108,10.633,0,0,0,1
0.60919,0.025463,-0.79261,-4.2491,0.025463,0.99834,0.051642,1.2063,0.79261,-0.051642,0.60754,10.695,0,0,0,1
0.6057,0.025659,-0.79528,-4.2911,0.025659,0.99833,0.051753,1.213,0.79528,-0.051753,0.60404,10.756,0,0,0,1
0.60226,0.025853,-0.79788,-4.3326,0.025853,0.99832,0.051862,1.2196,0.79788,-0.051862,0.60058,10.817,0,0,0,1
0.59886,0.026044,-0.80043,-4.3736,0.026044,0.99831,0.051967,1.2261,0.80043,-0.051967,0.59717,10.877,0,0,0,1
0.5955,0.026231,-0.80292,-4.4141,0.026231,0.9983,0.052069,1.2325,0.80292,-0.052069,0.5938,10.936,0,0,0,1
0.5922,0.026416,-0.80536,-4.4541,0.026416,0.99829,0.052168,1.2388,0.80536,-0.052168,0.59048,10.993,0,0,0,1
0.58894,0.026598,-0.80774,-4.4936,0.026598,0.99828,0.052264,1.245,0.80774,-0.052264,0.58721,11.05,0,0,0,1
0.58572,0.026776,-0.81007,-4.5326,0.026776,0.99827,0.052358,1.2511,0.81007,-0.052358,0.58399,11.106,0,0,0,1
0.58256,0.026952,-0.81234,-4.571,0.026952,0.99826,0.052448,1.2571,0.81234,-0.052448,0.58082,11.161,0,0,0,1
0.57945,0.027124,-0.81456,-4.6089,0.027124,0.99825,0.052536,1.263,0.81456,-0.052536,0.5777,11.216,0,0,0,1
0.57639,0.027293,-0.81672,-4.6462,0.027293,0.99824,0.052621,1.2688,0.81672,-0.052621,0.57463,11.269,0,0,0,1
0.57338,0.027459,-0.81883,-4.6829,0.027459,0.99823,0.052704,1.2745,0.81883,-0.052704,0.57161,11.321,0,0,0,1
0.57042,0.027622,-0.82089,-4.719,0.027622,0.99822,0.052783,1.2801,0.82089,-0.052783,0.56864,11.372,0,0,0,1
0.56751,0.027782,-0.82289,-4.7546,0.027782,0.99822,0.052861,1.2855,0.82289,-0.052861,0.56573,11.423,0,0,0,1
0.56466,0.027938,-0.82485,-4.7895,0.027938,0.99821,0.052936,1.2909,0.82485,-0.052936,0.56287,11.472,0,0,0,1
0.56187,0.028091,-0.82675,-4.8238,0.028091,0.9982,0.053008,1.2961,0.82675,-0.053008,0.56007,11.52,0,0,0,1
0.55912,0.028241,-0.8286,-4.8575,0.028241,0.99819,0.053078,1.3013,0.8286,-0.053078,0.55732,11.567,0,0,0,1
0.55644,0.028388,-0.8304,-4.8905,0.028388,0.99818,0.053145,1.3063,0.8304,-0.053145,0.55462,11.614,0,0,0,1
0.55381,0.028531,-0.83215,-4.9228,0.028531,0.99818,0.053211,1.3112,0.83215,-0.053211,0.55198,11.659,0,0,0,1
0.55124,0.028671,-0.83386,-4.9545,0.028671,0.99817,0.053274,1.316,0.83386,-0.053274,0.5494,11.703,0,0,0,1
0.54872,0.028807,-0.83551,-4.9856,0.028807,0.99816,0.053335,1.3207,0.83551,-0.053335,0.54688,11.746,0,0,0,1
0.54626,0.028941,-0.83711,-5.0159,0.028941,0.99815,0.053393,1.3253,0.83711,-0.053393,0.54442,11.788,0,0,0,1
0.54387,0.02907,-0.83867,-5.0456,0.02907,0.99815,0.05345,1.3298,0.83867,-0.05345,0.54201,11.83,0,0,0,1
0.54153,0.029197,-0.84018,-5.0745,0.029197,0.99814,0.053505,1.3341,0.84018,-0.053505,0.53967,11.87,0,0,0,1
0.53925,0.02932,-0.84164,-5.1028,0.02932,0.99813,0.053557,1.3383,0.84164,-0.053557,0.53738,11.909,0,0,0,1
0.53703,0.029439,-0.84305,-5.1303,0.029439,0.99813,0.053607,1.3425,0.84305,-0.053607,0.53516,11.947,0,0,0,1
0.53487,0.029555,-0.84442,-5.1571,0.029555,0.99812,0.053656,1.3465,0.84442,-0.053656,0.53299,11.983,0,0,0,1
0.53278,0.029668,-0.84574,-5.1831,0.029668,0.99812,0.053703,1.3504,0.84574,-0.053703,0.53089,12.019,0,0,0,1
0.53074,0.029777,-0.84701,-5.2085,0.029777,0.99811,0.053747,1.3541,0.84701,-0.053747,0.52885,12.054,0,0,0,1
0.52877,0.029883,-0.84824,-5.233,0.029883,0.99811,0.05379,1.3578,0.84824,-0.05379,0.52687,12.088,0,0,0,1
0.52686,0.029985,-0.84942,-5.2568,0.029985,0.9981,0.053831,1.3613,0.84942,-0.053831,0.52496,12.12,0,0,0,1
0.52501,0.030084,-0.85056,-5.2798,0.030084,0.99809,0.053871,1.3647,0.85056,-0.053871,0.52311,12.152,0,0,0,1
0.52323,0.030179,-0.85166,-5.3021,0.030179,0.99809,0.053908,1.368,0.85166,-0.053908,0.52132,12.182,0,0,0,1
0.52151,0.03027,-0.85271,-5.3236,0.03027,0.99809,0.053944,1.3712,0.85271,-0.053944,0.5196,12.211,0,0,0,1
0.51986,0.030359,-0.85371,-5.3443,0.030359,0.99808,0.053979,1.3742,0.85371,-0.053979,0.51794,12.239,0,0,0,1
0.51827,0.030443,-0.85468,-5.3642,0.030443,0.99808,0.054011,1.3772,0.85468,-0.054011,0.51634,12.266,0,0,0,1
0.51674,0.030524,-0.8556,-5.3833,0.030524,0.99807,0.054042,1.38,0.8556,-0.054042,0.51481,12.292,0,0,0,1
0.51528,0.030602,-0.85647,-5.4015,0.030602,0.99807,0.054072,1.3826,0.85647,-0.054072,0.51335,12.317,0,0,0,1
0.51389,0.030676,-0.85731,-5.419,0.030676,0.99806,0.0541,1.3852,0.85731,-0.0541,0.51195,12.341,0,0,0,1
0.51256,0.030746,-0.8581,-5.4357,0.030746,0.99806,0.054126,1.3876,0.8581,-0.054126,0.51062,12.363,0,0,0,1
0.5113,0.030813,-0.85885,-5.4515,0.030813,0.99806,0.054151,1.39,0.85885,-0.054151,0.50936,12.385,0,0,0,1
0.51011,0.030876,-0.85956,-5.4665,0.030876,0.99805,0.054174,1.3922,0.85956,-0.054174,0.50816,12.405,0,0,0,1
0.50898,0.030936,-0.86022,-5.4807,0.030936,0.99805,0.054196,1.3942,0.86022,-0.054196,0.50703,12.424,0,0,0,1
0.50792,0.030992,-0.86085,-5.494,0.030992,0.99805,0.054217,1.3962,0.86085,-0.054217,0.50597,12.442,0,0,0,1
0.50692,0.031044,-0.86143,-5.5065,0.031044,0.99805,0.054236,1.398,0.86143,-0.054236,0.50497,12.459,0,0,0,1
0.506,0.031093,-0.86197,-5.5182,0.031093,0.99804,0.054254,1.3997,0.86197,-0.054254,0.50404,12.475,0,0,0,1
0.50514,0.031138,-0.86248,-5.529,0.031138,0.99804,0.05427,1.4013,0.86248,-0.05427,0.50318,12.489,0,0,0,1
0.50435,0.03118,-0.86294,-5.5389,0.03118,0.99804,0.054285,1.4027,0.86294,-0.054285,0.50239,12.502,0,0,0,1
0.50363,0.031218,-0.86336,-5.548,0.031218,0.99804,0.054298,1.404,0.86336,-0.054298,0.50167,12.515,0,0,0,1
0.50297,0.031252,-0.86374,-5.5562,0.031252,0.99803,0.054311,1.4052,0.86374,-0.054311,0.50101,12.526,0,0,0,1
0.50239,0.031283,-0.86408,-5.5636,0.031283,0.99803,0.054322,1.4063,0.86408,-0.054322,0.50042,12.536,0,0,0,1
0.50187,0.03131,-0.86437,-5.5701,0.03131,0.99803,0.054331,1.4073,0.86437,-0.054331,0.49991,12.544,0,0,0,1
0.50143,0.031334,-0.86463,-5.5758,0.031334,0.99803,0.05434,1.4081,0.86463,-0.05434,0.49946,12.552,0,0,0,1
0.50105,0.031354,-0.86485,-5.5806,0.031354,0.99803,0.054347,1.4088,0.86485,-0.054347,0.49908,12.558,0,0,0,1
0.50074,0.03137,-0.86503,-5.5845,0.03137,0.99803,0.054352,1.4093,0.86503,-0.054352,0.49876,12.564,0,0,0,1
0.50049,0.031383,-0.86517,-5.5875,0.031383,0.99803,0.054357,1.4098,0.86517,-0.054357,0.49852,12.568,0,0,0,1
0.50032,0.031392,-0.86527,-5.5897,0.031392,0.99803,0.05436,1.4101,0.86527,-0.05436,0.49835,12.571,0,0,0,1
0.50022,0.031397,-0.86533,-5.591,0.031397,0.99803,0.054362,1.4103,0.86533,-0.054362,0.49825,12.572,0,0,0,1
0.50018,0.031399,-0.86535,-5.5915,0.031399,0.99803,0.054363,1.4103,0.86535,-0.054363,0.49821,12.573,0,0,0,1
0.50018,0.031399,-0.86535,-5.5915,0.031399,0.99803,0.054363,1.4103,0.86535,-0.054363,0.49821,12.573,0,0,0,1
0.50022,0.031397,-0.86533,-5.591,0.031397,0.99803,0.054362,1.4103,0.86533,-0.054362,0.49825,12.572,0,0,0,1
0.50032,0.031392,-0.86527,-5.5897,0.031392,0.99803,0.05436,1.4101,0.86527,-0.05436,0.49835,12.571,0,0,0,1
