0.84834,-0.0462,0.52743,-2.7946,0.074162,0.99673,-0.031977,0.12026,-0.52423,0.066242,0.849,-3.1067,0,0,0,1
0.84835,-0.046197,0.52741,-2.7945,0.074157,0.99673,-0.031977,0.12022,-0.52421,0.066239,0.84901,-3.1067,0,0,0,1
0.84839,-0.046189,0.52735,-2.7939,0.074142,0.99673,-0.031977,0.12011,-0.52415,0.066228,0.84904,-3.1064,0,0,0,1
0.84845,-0.046174,0.52726,-2.793,0.074116,0.99674,-0.031978,0.11991,-0.52406,0.06621,0.8491,-3.1059,0,0,0,1
0.84853,-0.046154,0.52713,-2.7918,0.074081,0.99674,-0.031979,0.11965,-0.52393,0.066185,0.84918,-3.1053,0,0,0,1
0.84864,-0.046128,0.52696,-2.7902,0.074036,0.99674,-0.03198,0.11931,-0.52377,0.066153,0.84929,-3.1045,0,0,0,1
0.84877,-0.046096,0.52675,-2.7882,0.07398,0.99675,-0.031981,0.11889,-0.52356,0.066114,0.84942,-3.1034,0,0,0,1
0.84892,-0.046058,0.52651,-2.7859,0.073915,0.99675,-0.031983,0.11839,-0.52332,0.066068,0.84957,-3.1022,0,0,0,1
0.8491,-0.046015,0.52622,-2.7833,0.07384,0.99676,-0.031985,0.11782,-0.52305,0.066015,0.84974,-3.1009,0,0,0,1
0.8493,-0.045966,0.5259,-2.7802,0.073754,0.99676,-0.031987,0.11718,-0.52273,0.065954,0.84994,-3.0993,0,0,0,1
0.84952,-0.045911,0.52555,-2.7769,0.073659,0.99677,-0.031989,0.11646,-0.52238,0.065887,0.85016,-3.0975,0,0,0,1
0.84977,-0.045851,0.52515,-2.7731,0.073553,0.99678,-0.031992,0.11566,-0.52199,0.065813,0.85041,-3.0956,0,0,0,1
0.85004,-0.045785,0.52472,-2.7691,0.073438,0.99679,-0.031994,0.1148,-0.52157,0.065731,0.85067,-3.0935,0,0,0,1
0.85034,-0.045713,0.52425,-2.7646,0.073313,0.9968,-0.031997,0.11385,-0.52111,0.065643,0.85096,-3.0912,0,0,0,1
0.85065,-0.045635,0.52374,-2.7599,0.073178,0.99681,-0.032,0.11284,-0.52061,0.065547,0.85128,-3.0887,0,0,0,1
0.85099,-0.045552,0.5232,-2.7548,0.073033,0.99682,-0.032003,0.11175,-0.52007,0.065445,0.85161,-3.086,0,0,0,1
0.85136,-0.045463,0.52262,-2.7493,0.072878,0.99683,-0.032006,0.11059,-0.5195,0.065336,0.85197,-3.0832,0,0,0,1
0.85174,-0.045368,0.522,-2.7435,0.072714,0.99684,-0.032009,0.10936,-0.51889,0.06522,0.85235,-3.0801,0,0,0,1
0.85215,-0.045268,0.52134,-2.7373,0.07254,0.99685,-0.032012,0.10806,-0.51825,0.065097,0.85275,-3.0769,0,0,0,1
0.85258,-0.045162,0.52064,-2.7308,0.072356,0.99686,-0.032015,0.10668,-0.51756,0.064967,0.85317,-3.0735,0,0,0,1
0.85303,-0.045051,0.51991,-2.724,0.072162,0.99688,-0.032018,0.10524,-0.51684,0.064831,0.85362,-3.0699,0,0,0,1
0.85351,-0.044934,0.51914,-2.7168,0.071959,0.99689,-0.032021,0.10373,-0.51609,0.064687,0.85409,-3.0661,0,0,0,1
0.854,-0.044811,0.51833,-2.7093,0.071747,0.99691,-0.032024,0.10215,-0.5153,0.064537,0.85458,-3.0621,0,0,0,1
0.85452,-0.044684,0.51749,-2.7015,0.071525,0.99692,-0.032027,0.1005,-0.51446,0.064381,0.85509,-3.058,0,0,0,1
0.85506,-0.04455,0.5166,-2.6933,0.071293,0.99694,-0.032029,0.098785,-0.5136,0.064217,0.85562,-3.0536,0,0,0,1
0.85563,-0.044411,0.51569,-2.6848,0.071052,0.99696,-0.032031,0.097004,-0.51269,0.064047,0.85618,-3.0491,0,0,0,1
0.85621,-0.044267,0.51473,-2.676,0.070802,0.99698,-0.032033,0.095158,-0.51175,0.063871,0.85676,-3.0444,0,0,0,1
0.85681,-0.044117,0.51373,-2.6668,0.070543,0.99699,-0.032035,0.093248,-0.51078,0.063688,0.85735,-3.0395,0,0,0,1
0.85744,-0.043962,0.5127,-2.6573,0.070274,0.99701,-0.032036,0.091275,-0.50976,0.063498,0.85797,-3.0344,0,0,0,1
0.85809,-0.043802,0.51163,-2.6475,0.069996,0.99703,-0.032037,0.089239,-0.50871,0.063302,0.85861,-3.0291,0,0,0,1
0.85875,-0.043636,0.51053,-2.6374,0.069709,0.99705,-0.032037,0.087142,-0.50762,0.0631,0.85927,-3.0236,0,0,0,1
0.85944,-0.043465,0.50938,-2.627,0.069413,0.99707,-0.032037,0.084985,-0.5065,0.062892,0.85994,-3.018,0,0,0,1
0.86015,-0.043289,0.5082,-2.6163,0.069109,0.99709,-0.032036,0.082768,-0.50534,0.062677,0.86064,-3.0121,0,0,0,1
0.86088,-0.043108,0.50698,-2.6052,0.068795,0.99712,-0.032035,0.080494,-0.50414,0.062456,0.86136,-3.0061,0,0,0,1
0.86163,-0.042921,0.50573,-2.5938,0.068473,0.99714,-0.032033,0.078162,-0.5029,0.062229,0.8621,-2.9999,0,0,0,1
0.86239,-0.04273,0.50443,-2.5822,0.068142,0.99716,-0.03203,0.075775,-0.50163,0.061995,0.86286,-2.9935,0,0,0,1
0.86318,-0.042533,0.5031,-2.5702,0.067802,0.99718,-0.032026,0.073333,-0.50032,0.061756,0.86363,-2.9869,0,0,0,1
0.86398,-0.042331,0.50174,-2.5579,0.067454,0.99721,-0.032022,0.070837,-0.49898,0.061511,0.86443,-2.9801,0,0,0,1
0.86481,-0.042125,0.50033,-2.5454,0.067098,0.99723,-0.032017,0.068289,-0.4976,0.061259,0.86524,-2.9731,0,0,0,1
0.86565,-0.041913,0.49889,-2.5325,0.066733,0.99726,-0.03201,0.06569,-0.49618,0.061002,0.86607,-2.9659,0,0,0,1
0.86651,-0.041696,0.49741,-2.5194,0.06636,0.99728,-0.032003,0.063042,-0.49472,0.060739,0.86692,-2.9586,0,0,0,1
0.86739,-0.041475,0.4959,-2.506,0.065979,0.99731,-0.031995,0.060345,-0.49323,0.060471,0.86779,-2.951,0,0,0,1
0.86829,-0.041249,0.49434,-2.4922,0.06559,0.99733,-0.031985,0.057601,-0.49171,0.060196,0.86868,-2.9433,0,0,0,1
0.8692,-0.041018,0.49275,-2.4783,0.065193,0.99736,-0.031975,0.054811,-0.49014,0.059916,0.86958,-2.9353,0,0,0,1
0.87013,-0.040782,0.49113,-2.464,0.064788,0.99739,-0.031963,0.051977,-0.48854,0.059631,0.8705,-2.9272,0,0,0,1
0.87108,-0.040542,0.48947,-2.4495,0.064375,0.99741,-0.03195,0.0491,-0.4869,0.05934,0.87144,-2.9189,0,0,0,1
0.87204,-0.040297,0.48777,-2.4347,0.063955,0.99744,-0.031935,0.046182,-0.48523,0.059044,0.87239,-2.9104,0,0,0,1
0.87302,-0.040048,0.48603,-2.4196,0.063527,0.99747,-0.031919,0.043224,-0.48352,0.058742,0.87336,-2.9017,0,0,0,1
0.87402,-0.039794,0.48426,-2.4043,0.063092,0.9975,-0.031902,0.040228,-0.48178,0.058435,0.87434,-2.8928,0,0,0,1
0.87503,-0.039536,0.48245,-2.3887,0.062649,0.99753,-0.031883,0.037194,-0.47999,0.058123,0.87534,-2.8837,0,0,0,1
0.87606,-0.039273,0.4806,-2.3729,0.062199,0.99756,-0.031862,0.034126,-0.47817,0.057806,0.87636,-2.8744,0,0,0,1
0.8771,-0.039006,0.47872,-2.3568,0.061742,0.99758,-0.03184,0.031023,-0.47632,0.057484,0.87739,-2.8649,0,0,0,1
0.87816,-0.038735,0.4768,-2.3405,0.061279,0.99761,-0.031816,0.027889,-0.47443,0.057157,0.87844,-2.8552,0,0,0,1
0.87923,-0.03846,0.47485,-2.3239,0.060808,0.99764,-0.03179,0.024723,-0.4725,0.056825,0.8795,-2.8454,0,0,0,1
0.88031,-0.03818,0.47285,-2.3072,0.060331,0.99767,-0.031762,0.021529,-0.47054,0.056488,0.88057,-2.8353,0,0,0,1
0.88141,-0.037897,0.47083,-2.2901,0.059847,0.9977,-0.031732,0.018308,-0.46854,0.056146,0.88166,-2.825,0,0,0,1
0.88252,-0.037609,0.46876,-2.2729,0.059357,0.99773,-0.0317,0.015061,-0.46651,0.0558,0.88276,-2.8146,0,0,0,1
0.88365,-0.037318,0.46666,-2.2554,0.05886,0.99776,-0.031666,0.01179,-0.46444,0.055449,0.88387,-2.8039,0,0,0,1
0.88478,-0.037022,0.46453,-2.2377,0.058357,0.99779,-0.03163,0.0084972,-0.46233,0.055094,0.88499,-2.7931,0,0,0,1
0.88593,-0.036723,0.46236,-2.2198,0.057848,0.99783,-0.031591,0.0051838,-0.46019,0.054734,0.88613,-2.782,0,0,0,1
0.88709,-0.03642,0.46015,-2.2017,0.057334,0.99786,-0.031551,0.0018516,-0.45801,0.05437,0.88728,-2.7708,0,0,0,1
0.88827,-0.036114,0.45791,-2.1834,0.056813,0.99789,-0.031508,-0.0014974,-0.4558,0.054002,0.88844,-2.7593,0,0,0,1
0.88945,-0.035804,0.45563,-2.1649,0.056287,0.99792,-0.031462,-0.0048616,-0.45355,0.05363,0.88961,-2.7477,0,0,0,1
0.89064,-0.03549,0.45331,-2.1462,0.055755,0.99795,-0.031414,-0.0082392,-0.45127,0.053253,0.8908,-2.7358,0,0,0,1
0.89185,-0.035173,0.45097,-2.1273,0.055218,0.99798,-0.031363,-0.011628,-0.44895,0.052873,0.89199,-2.7238,0,0,0,1
0.89306,-0.034853,0.44858,-2.1082,0.054676,0.99801,-0.03131,-0.015027,-0.4466,0.052488,0.89319,-2.7115,0,0,0,1
0.89429,-0.034529,0.44616,-2.089,0.054128,0.99804,-0.031254,-0.018434,-0.44421,0.0521,0.89441,-2.6991,0,0,0,1
0.89552,-0.034202,0.44371,-2.0695,0.053576,0.99808,-0.031196,-0.021846,-0.44179,0.051708,0.89563,-2.6865,0,0,0,1
0.89676,-0.033872,0.44122,-2.0499,0.053019,0.99811,-0.031134,-0.025263,-0.43933,0.051312,0.89686,-2.6736,0,0,0,1
0.89801,-0.033539,0.43869,-2.0302,0.052457,0.99814,-0.031069,-0.028682,-0.43684,0.050913,0.8981,-2.6606,0,0,0,1
0.89927,-0.033203,0.43614,-2.0102,0.051891,0.99817,-0.031002,-0.032101,-0.43431,0.05051,0.89935,-2.6473,0,0,0,1
0.90053,-0.032864,0.43354,-1.9902,0.05132,0.9982,-0.030931,-0.035519,-0.43175,0.050104,0.9006,-2.6339,0,0,0,1
0.90181,-0.032523,0.43091,-1.9699,0.050745,0.99823,-0.030858,-0.038933,-0.42915,0.049695,0.90186,-2.6203,0,0,0,1
0.90309,-0.032178,0.42825,-1.9496,0.050167,0.99827,-0.030781,-0.042342,-0.42652,0.049282,0.90313,-2.6064,0,0,0,1
0.90437,-0.031831,0.42556,-1.929,0.049584,0.9983,-0.030701,-0.045743,-0.42386,0.048866,0.90441,-2.5924,0,0,0,1
0.90566,-0.031482,0.42283,-1.9084,0.048998,0.99833,-0.030618,-0.049135,-0.42116,0.048447,0.90569,-2.5781,0,0,0,1
0.90696,-0.03113,0.42006,-1.8876,0.048408,0.99836,-0.030531,-0.052516,-0.41842,0.048025,0.90698,-2.5637,0,0,0,1
0.90826,-0.030776,0.41727,-1.8667,0.047815,0.99839,-0.030441,-0.055884,-0.41566,0.0476,0.90827,-2.549,0,0,0,1
0.90957,-0.030419,0.41444,-1.8457,0.047218,0.99842,-0.030348,-0.059237,-0.41286,0.047172,0.90957,-2.5342,0,0,0,1
0.91088,-0.03006,0.41157,-1.8245,0.046619,0.99845,-0.030251,-0.062572,-0.41003,0.046742,0.91088,-2.5191,0,0,0,1
0.9122,-0.029699,0.40867,-1.8033,0.046016,0.99849,-0.03015,-0.065888,-0.40716,0.046309,0.91218,-2.5038,0,0,0,1
0.91352,-0.029336,0.40574,-1.782,0.045411,0.99852,-0.030046,-0.069183,-0.40426,0.045873,0.91349,-2.4884,0,0,0,1
0.91484,-0.028972,0.40278,-1.7605,0.044804,0.99855,-0.029938,-0.072455,-0.40133,0.045435,0.91481,-2.4727,0,0,0,1
0.91616,-0.028605,0.39979,-1.739,0.044194,0.99858,-0.029827,-0.075702,-0.39836,0.044994,0.91612,-2.4568,0,0,0,1
0.91749,-0.028237,0.39676,-1.7173,0.043581,0.99861,-0.029711,-0.078922,-0.39537,0.044551,0.91744,-2.4408,0,0,0,1
0.91882,-0.027867,0.3937,-1.6956,0.042967,0.99864,-0.029592,-0.082113,-0.39234,0.044106,0.91876,-2.4245,0,0,0,1
0.92015,-0.027495,0.3906,-1.6739,0.042351,0.99867,-0.029469,-0.085273,-0.38927,0.043658,0.92009,-2.408,0,0,0,1
0.92148,-0.027122,0.38748,-1.652,0.041733,0.9987,-0.029342,-0.0884,-0.38618,0.043209,0.92141,-2.3913,0,0,0,1
0.92281,-0.026748,0.38432,-1.6301,0.041114,0.99873,-0.029211,-0.091492,-0.38305,0.042757,0.92274,-2.3744,0,0,0,1
0.92414,-0.026373,0.38114,-1.6081,0.040494,0.99876,-0.029076,-0.094546,-0.3799,0.042304,0.92406,-2.3573,0,0,0,1
0.92547,-0.025996,0.37792,-1.5861,0.039872,0.99879,-0.028937,-0.097562,-0.37671,0.041848,0.92539,-2.34,0,0,0,1
0.9268,-0.025619,0.37467,-1.564,0.039249,0.99881,-0.028793,-0.10054,-0.37349,0.041391,0.92671,-2.3225,0,0,0,1
0.92813,-0.02524,0.37139,-1.5419,0.038625,0.99884,-0.028646,-0.10347,-0.37024,0.040932,0.92804,-2.3048,0,0,0,1
0.92946,-0.024861,0.36808,-1.5197,0.038001,0.99887,-0.028494,-0.10636,-0.36695,0.040472,0.92936,-2.2869,0,0,0,1
0.93079,-0.024481,0.36474,-1.4975,0.037377,0.9989,-0.028339,-0.1092,-0.36364,0.04001,0.93068,-2.2688,0,0,0,1
0.93211,-0.0241,0.36136,-1.4753,0.036752,0.99893,-0.028179,-0.11199,-0.3603,0.039546,0.932,-2.2504,0,0,0,1
0.93343,-0.023719,0.35796,-1.453,0.036127,0.99895,-0.028014,-0.11473,-0.35692,0.039082,0.93332,-2.2319,0,0,0,1
0.93475,-0.023337,0.35453,-1.4308,0.035502,0.99898,-0.027846,-0.11741,-0.35352,0.038615,0.93463,-2.2132,0,0,0,1
0.93607,-0.022955,0.35107,-1.4085,0.034877,0.99901,-0.027673,-0.12005,-0.35009,0.038148,0.93594,-2.1942,0,0,0,1
0.93738,-0.022573,0.34758,-1.3862,0.034253,0.99903,-0.027495,-0.12262,-0.34663,0.037679,0.93725,-2.1751,0,0,0,1
0.93868,-0.02219,0.34407,-1.3639,0.033629,0.99906,-0.027313,-0.12514,-0.34314,0.037209,0.93855,-2.1558,0,0,0,1
0.93998,-0.021808,0.34052,-1.3417,0.033006,0.99909,-0.027127,-0.1276,-0.33962,0.036738,0.93985,-2.1362,0,0,0,1
0.94128,-0.021426,0.33694,-1.3194,0.032384,0.99911,-0.026937,-0.12999,-0.33607,0.036267,0.94114,-2.1164,0,0,0,1
0.94257,-0.021044,0.33334,-1.2972,0.031764,0.99914,-0.026742,-0.13232,-0.33249,0.035794,0.94243,-2.0965,0,0,0,1
0.94386,-0.020662,0.32971,-1.2749,0.031144,0.99916,-0.026542,-0.13458,-0.32889,0.03532,0.94371,-2.0763,0,0,0,1
0.94513,-0.020281,0.32605,-1.2527,0.030526,0.99919,-0.026338,-0.13678,-0.32525,0.034846,0.94498,-2.056,0,0,0,1
0.94641,-0.0199,0.32237,-1.2306,0.02991,0.99921,-0.026129,-0.1389,-0.32159,0.034371,0.94625,-2.0354,0,0,0,1
0.94767,-0.01952,0.31865,-1.2084,0.029296,0.99923,-0.025916,-0.14096,-0.3179,0.033895,0.94752,-2.0146,0,0,0,1
0.94893,-0.01914,0.31492,-1.1864,0.028684,0.99926,-0.025698,-0.14293,-0.31419,0.033419,0.94877,-1.9936,0,0,0,1
0.95018,-0.018762,0.31115,-1.1643,0.028074,0.99928,-0.025476,-0.14484,-0.31045,0.032942,0.95002,-1.9725,0,0,0,1
0.95142,-0.018384,0.30736,-1.1423,0.027466,0.9993,-0.025249,-0.14666,-0.30668,0.032465,0.95126,-1.9511,0,0,0,1
0.95265,-0.018007,0.30354,-1.1204,0.026861,0.99933,-0.025018,-0.14841,-0.30289,0.031987,0.95249,-1.9295,0,0,0,1
0.95387,-0.017632,0.2997,-1.0985,0.026259,0.99935,-0.024782,-0.15008,-0.29907,0.031509,0.95371,-1.9077,0,0,0,1
0.95508,-0.017258,0.29583,-1.0767,0.02566,0.99937,-0.024542,-0.15166,-0.29522,0.03103,0.95492,-1.8857,0,0,0,1
0.95629,-0.016885,0.29194,-1.055,0.025063,0.99939,-0.024297,-0.15316,-0.29135,0.030552,0.95613,-1.8635,0,0,0,1
0.95748,-0.016513,0.28803,-1.0334,0.02447,0.99941,-0.024047,-0.15457,-0.28746,0.030073,0.95732,-1.8412,0,0,0,1
0.95866,-0.016144,0.28409,-1.0118,0.023881,0.99943,-0.023793,-0.1559,-0.28354,0.029594,0.9585,-1.8186,0,0,0,1
0.95983,-0.015776,0.28012,-0.99034,0.023295,0.99945,-0.023534,-0.15713,-0.2796,0.029115,0.95968,-1.7958,0,0,0,1
0.961,-0.015409,0.27614,-0.96896,0.022713,0.99947,-0.023271,-0.15828,-0.27563,0.028635,0.96084,-1.7728,0,0,0,1
0.96214,-0.015045,0.27213,-0.94769,0.022135,0.99949,-0.023004,-0.15933,-0.27164,0.028156,0.96199,-1.7496,0,0,0,1
0.96328,-0.014683,0.26809,-0.92651,0.021561,0.99951,-0.022732,-0.16029,-0.26763,0.027677,0.96312,-1.7262,0,0,0,1
0.96441,-0.014322,0.26404,-0.90545,0.020992,0.99953,-0.022455,-0.16115,-0.26359,0.027198,0.96425,-1.7027,0,0,0,1
0.96552,-0.013964,0.25996,-0.88449,0.020426,0.99955,-0.022174,-0.16191,-0.25953,0.026719,0.96536,-1.6789,0,0,0,1
0.96662,-0.013608,0.25586,-0.86366,0.019866,0.99956,-0.021888,-0.16257,-0.25545,0.026241,0.96647,-1.6549,0,0,0,1
0.9677,-0.013255,0.25174,-0.84295,0.01931,0.99958,-0.021599,-0.16314,-0.25135,0.025762,0.96755,-1.6308,0,0,0,1
0.96878,-0.012904,0.2476,-0.82237,0.01876,0.9996,-0.021304,-0.1636,-0.24723,0.025284,0.96863,-1.6064,0,0,0,1
0.96983,-0.012556,0.24344,-0.80192,0.018214,0.99961,-0.021006,-0.16395,-0.24308,0.024806,0.96969,-1.5818,0,0,0,1
0.97088,-0.01221,0.23926,-0.78161,0.017674,0.99963,-0.020703,-0.1642,-0.23892,0.024329,0.97073,-1.5571,0,0,0,1
0.97191,-0.011867,0.23506,-0.76143,0.017139,0.99965,-0.020396,-0.16435,-0.23473,0.023851,0.97177,-1.5322,0,0,0,1
0.97292,-0.011528,0.23084,-0.74141,0.01661,0.99966,-0.020084,-0.16438,-0.23053,0.023375,0.97278,-1.507,0,0,0,1
0.97392,-0.011191,0.2266,-0.72153,0.016086,0.99968,-0.019769,-0.16431,-0.22631,0.022898,0.97379,-1.4817,0,0,0,1
0.97491,-0.010857,0.22234,-0.70181,0.015569,0.99969,-0.019449,-0.16413,-0.22206,0.022422,0.97477,-1.4562,0,0,0,1
0.97588,-0.010527,0.21807,-0.68225,0.015057,0.9997,-0.019125,-0.16383,-0.2178,0.021947,0.97575,-1.4305,0,0,0,1
0.97683,-0.010199,0.21378,-0.66286,0.014552,0.99972,-0.018797,-0.16342,-0.21352,0.021472,0.9767,-1.4046,0,0,0,1
0.97777,-0.0098756,0.20946,-0.64363,0.014053,0.99973,-0.018465,-0.1629,-0.20923,0.020998,0.97764,-1.3785,0,0,0,1
0.97869,-0.0095553,0.20514,-0.62457,0.013561,0.99974,-0.018129,-0.16226,-0.20491,0.020524,0.97857,-1.3523,0,0,0,1
0.97959,-0.0092385,0.20079,-0.60569,0.013075,0.99976,-0.017789,-0.1615,-0.20058,0.020051,0.97947,-1.3258,0,0,0,1
0.98048,-0.0089254,0.19643,-0.58699,0.012596,0.99977,-0.017445,-0.16063,-0.19623,0.019579,0.98036,-1.2992,0,0,0,1
0.98135,-0.0086161,0.19206,-0.56848,0.012124,0.99978,-0.017097,-0.15963,-0.19187,0.019107,0.98123,-1.2724,0,0,0,1
0.9822,-0.0083106,0.18767,-0.55015,0.011659,0.99979,-0.016746,-0.15852,-0.18749,0.018636,0.98209,-1.2454,0,0,0,1
0.98303,-0.0080091,0.18326,-0.53202,0.011201,0.9998,-0.016391,-0.15728,-0.18309,0.018165,0.98293,-1.2182,0,0,0,1
0.98385,-0.0077116,0.17884,-0.51408,0.010751,0.99981,-0.016032,-0.15592,-0.17869,0.017696,0.98375,-1.1908,0,0,0,1
0.98465,-0.0074182,0.17441,-0.49634,0.010308,0.99982,-0.015669,-0.15444,-0.17426,0.017227,0.98455,-1.1633,0,0,0,1
0.98542,-0.007129,0.16996,-0.4788,0.0098727,0.99983,-0.015303,-0.15283,-0.16982,0.016758,0.98533,-1.1356,0,0,0,1
0.98619,-0.006844,0.1655,-0.46147,0.009445,0.99984,-0.014934,-0.15109,-0.16537,0.016291,0.9861,-1.1077,0,0,0,1
0.98693,-0.0065634,0.16103,-0.44435,0.0090252,0.99985,-0.014561,-0.14923,-0.16091,0.015824,0.98684,-1.0796,0,0,0,1
0.98765,-0.0062873,0.15654,-0.42745,0.0086134,0.99986,-0.014185,-0.14725,-0.15643,0.015358,0.98757,-1.0514,0,0,0,1
0.98836,-0.0060157,0.15205,-0.41076,0.0082096,0.99987,-0.013806,-0.14513,-0.15194,0.014893,0.98828,-1.023,0,0,0,1
0.98904,-0.0057486,0.14754,-0.3943,0.007814,0.99988,-0.013423,-0.14289,-0.14744,0.014429,0.98897,-0.9944,0,0,0,1
0.9897,-0.0054863,0.14302,-0.37806,0.0074267,0.99989,-0.013037,-0.14051,-0.14293,0.013965,0.98963,-0.96565,0,0,0,1
0.99035,-0.0052286,0.13849,-0.36204,0.0070478,0.9999,-0.012649,-0.13801,-0.13841,0.013503,0.99028,-0.93673,0,0,0,1
0.99098,-0.0049758,0.13395,-0.34626,0.0066774,0.9999,-0.012257,-0.13537,-0.13387,0.013041,0.99091,-0.90765,0,0,0,1
0.99158,-0.0047279,0.1294,-0.33071,0.0063156,0.99991,-0.011862,-0.1326,-0.12933,0.01258,0.99152,-0.8784,0,0,0,1
0.99217,-0.0044849,0.12484,-0.31539,0.0059626,0.99992,-0.011465,-0.1297,-0.12478,0.01212,0.99211,-0.849,0,0,0,1
0.99273,-0.004247,0.12027,-0.30032,0.0056183,0.99992,-0.011065,-0.12666,-0.12022,0.01166,0.99268,-0.81942,0,0,0,1
0.99328,-0.0040141,0.1157,-0.28549,0.005283,0.99993,-0.010662,-0.12349,-0.11565,0.011202,0.99323,-0.78969,0,0,0,1
0.9938,-0.0037864,0.11112,-0.2709,0.0049566,0.99994,-0.010257,-0.12019,-0.11107,0.010744,0.99375,-0.75981,0,0,0,1
0.9943,-0.0035639,0.10653,-0.25656,0.0046393,0.99994,-0.0098491,-0.11676,-0.10649,0.010287,0.99426,-0.72976,0,0,0,1
0.99479,-0.0033467,0.10193,-0.24247,0.0043312,0.99995,-0.009439,-0.11318,-0.10189,0.0098312,0.99475,-0.69956,0,0,0,1
0.99525,-0.0031348,0.097326,-0.22863,0.0040323,0.99995,-0.0090265,-0.10947,-0.097293,0.0093761,0.99521,-0.66921,0,0,0,1
0.99569,-0.0029283,0.092717,-0.21505,0.0037428,0.99996,-0.0086119,-0.10563,-0.092688,0.0089218,0.99566,-0.6387,0,0,0,1
0.99611,-0.0027272,0.088103,-0.20173,0.0034626,0.99996,-0.0081951,-0.10165,-0.088077,0.0084683,0.99608,-0.60805,0,0,0,1
0.99651,-0.0025317,0.083483,-0.18866,0.0031919,0.99996,-0.0077763,-0.097534,-0.08346,0.0080156,0.99648,-0.57725,0,0,0,1
0.99688,-0.0023417,0.078859,-0.17586,0.0029308,0.99997,-0.0073556,-0.09328,-0.078839,0.0075638,0.99686,-0.54631,0,0,0,1
0.99724,-0.0021572,0.074231,-0.16332,0.0026792,0.99997,-0.0069331,-0.088889,-0.074214,0.0071128,0.99722,-0.51522,0,0,0,1
0.99757,-0.0019785,0.069599,-0.15105,0.0024373,0.99998,-0.0065087,-0.084362,-0.069584,0.0066626,0.99755,-0.48399,0,0,0,1
0.99789,-0.0018054,0.064964,-0.13904,0.0022052,0.99998,-0.0060828,-0.079697,-0.064951,0.0062132,0.99787,-0.45262,0,0,0,1
0.99818,-0.001638,0.060326,-0.12731,0.0019828,0.99998,-0.0056553,-0.074895,-0.060316,0.0057646,0.99816,-0.42111,0,0,0,1
0.99845,-0.0014765,0.055686,-0.11584,0.0017702,0.99998,-0.0052263,-0.069955,-0.055678,0.0053167,0.99843,-0.38947,0,0,0,1
0.9987,-0.0013207,0.051045,-0.10465,0.0015675,0.99999,-0.0047959,-0.064878,-0.051038,0.0048697,0.99868,-0.35769,0,0,0,1
0.99892,-0.0011708,0.046402,-0.09374,0.0013748,0.99999,-0.0043643,-0.059663,-0.046396,0.0044234,0.99891,-0.32578,0,0,0,1
0.99913,-0.0010268,0.041758,-0.083101,0.001192,0.99999,-0.0039315,-0.054311,-0.041753,0.0039779,0.99912,-0.29375,0,0,0,1
0.99931,-0.00088864,0.037113,-0.07274,0.0010191,0.99999,-0.0034977,-0.048822,-0.03711,0.0035331,0.9993,-0.26159,0,0,0,1
0.99947,-0.00075647,0.032469,-0.062659,0.00085637,0.99999,-0.0030628,-0.043197,-0.032467,0.003089,0.99947,-0.2293,0,0,0,1
0.99961,-0.00063029,0.027826,-0.052858,0.00070366,1,-0.0026271,-0.037434,-0.027824,0.0026457,0.99961,-0.19689,0,0,0,1
0.99973,-0.0005101,0.023183,-0.043338,0.00056103,1,-0.0021906,-0.031534,-0.023182,0.002203,0.99973,-0.16436,0,0,0,1
0.99983,-0.00039594,0.018542,-0.034101,0.00042853,1,-0.0017534,-0.025499,-0.018541,0.0017611,0.99983,-0.13171,0,0,0,1
0.9999,-0.00028784,0.013902,-0.025148,0.00030616,1,-0.0013157,-0.019327,-0.013902,0.0013198,0.9999,-0.098952,0,0,0,1
0.99996,-0.0001858,0.0092653,-0.01648,0.00019394,1,-0.00087748,-0.01302,-0.0092651,0.00087924,0.99996,-0.066078,0,0,0,1
0.99999,-8.9847e-05,0.004631,-0.0080968,9.188e-05,1,-0.00043888,-0.0065772,-0.004631,0.0004393,0.99999,-0.033093,0,0,0,1
NaN,NaN,NaN,0,NaN,NaN,NaN,0,NaN,NaN,NaN,0,0,0,0,1
0.99999,8.373e-05,-0.0046273,0.00781,-8.1699e-05,1,0.00043905,0.0067115,0.0046274,-0.00043867,0.99999,0.033198,0,0,0,1
0.99996,0.00016133,-0.0092506,0.015333,-0.00015321,1,0.00087819,0.013557,0.0092507,-0.00087673,0.99996,0.066499,0,0,0,1
0.9999,0.0002328,-0.013869,0.022567,-0.00021455,1,0.0013173,0.020535,0.01387,-0.0013142,0.9999,0.0999,0,0,0,1
0.99983,0.00029812,-0.018483,0.029514,-0.0002657,1,0.0017563,0.027646,0.018483,-0.0017511,0.99983,0.1334,0,0,0,1
0.99973,0.00035729,-0.023091,0.036172,-0.00030668,1,0.002195,0.034889,0.023092,-0.0021874,0.99973,0.16699,0,0,0,1
0.99962,0.00041031,-0.027693,0.042541,-0.0003375,1,0.0026335,0.042264,0.027694,-0.0026231,0.99961,0.20068,0,0,0,1
0.99948,0.00045717,-0.032289,0.048621,-0.00035818,1,0.0030715,0.049768,0.032291,-0.0030583,0.99947,0.23445,0,0,0,1
0.99932,0.00049789,-0.036878,0.054413,-0.00036873,0.99999,0.003509,0.057403,0.03688,-0.003493,0.99931,0.26832,0,0,0,1
0.99914,0.00053246,-0.04146,0.059915,-0.00036917,0.99999,0.0039459,0.065166,0.041462,-0.0039272,0.99913,0.30226,0,0,0,1
0.99894,0.00056089,-0.046035,0.065129,-0.00035953,0.99999,0.0043821,0.073058,0.046037,-0.0043609,0.99893,0.33629,0,0,0,1
0.99872,0.00058318,-0.050601,0.070054,-0.00033984,0.99999,0.0048175,0.081076,0.050603,-0.0047941,0.99871,0.3704,0,0,0,1
0.99848,0.00059936,-0.055159,0.074691,-0.00031013,0.99999,0.0052519,0.089221,0.055161,-0.0052268,0.99846,0.40458,0,0,0,1
0.99822,0.00060942,-0.059708,0.079041,-0.00027044,0.99998,0.0056854,0.097491,0.05971,-0.0056591,0.9982,0.43883,0,0,0,1
0.99793,0.0006134,-0.064247,0.083103,-0.00022079,0.99998,0.0061177,0.10589,0.06425,-0.0060909,0.99792,0.47316,0,0,0,1
0.99763,0.00061129,-0.068777,0.086878,-0.00016124,0.99998,0.0065489,0.1144,0.06878,-0.0065223,0.99761,0.50755,0,0,0,1
0.99731,0.00060313,-0.073297,0.090367,-9.1835e-05,0.99998,0.0069788,0.12304,0.073299,-0.0069533,0.99729,0.542,0,0,0,1
0.99697,0.00058893,-0.077806,0.09357,-1.2615e-05,0.99997,0.0074073,0.1318,0.077808,-0.0073839,0.99694,0.57652,0,0,0,1
0.99661,0.00056871,-0.082304,0.09649,7.6365e-05,0.99997,0.0078344,0.14068,0.082306,-0.0078141,0.99658,0.6111,0,0,0,1
0.99623,0.00054251,-0.086791,0.099125,0.00017505,0.99997,0.0082598,0.14968,0.086792,-0.0082439,0.99619,0.64572,0,0,0,1
0.99583,0.00051034,-0.091266,0.10148,0.00028338,0.99996,0.0086837,0.1588,0.091267,-0.0086733,0.99579,0.68041,0,0,0,1
0.99541,0.00047225,-0.095729,0.10355,0.0004013,0.99996,0.0091058,0.16803,0.095729,-0.0091024,0.99537,0.71514,0,0,0,1
0.99497,0.00042825,-0.10018,0.10534,0.00052874,0.99995,0.009526,0.17738,0.10018,-0.0095311,0.99492,0.74991,0,0,0,1
0.99451,0.00037839,-0.10462,0.10685,0.00066563,0.99995,0.0099444,0.18684,0.10461,-0.0099595,0.99446,0.78473,0,0,0,1
0.99404,0.0003227,-0.10904,0.10809,0.0008119,0.99995,0.010361,0.19642,0.10904,-0.010388,0.99398,0.81959,0,0,0,1
0.99354,0.00026121,-0.11345,0.10904,0.00096748,0.99994,0.010775,0.2061,0.11345,-0.010815,0.99349,0.85448,0,0,0,1
0.99303,0.00019397,-0.11785,0.10972,0.0011323,0.99994,0.011187,0.21589,0.11784,-0.011243,0.99297,0.88941,0,0,0,1
0.9925,0.00012102,-0.12223,0.11013,0.0013063,0.99993,0.011597,0.22579,0.12222,-0.01167,0.99243,0.92436,0,0,0,1
0.99195,4.24e-05,-0.12659,0.11027,0.0014893,0.99993,0.012005,0.2358,0.12659,-0.012097,0.99188,0.95934,0,0,0,1
0.99139,-4.1843e-05,-0.13095,0.11014,0.0016813,0.99992,0.01241,0.24591,0.13093,-0.012523,0.99131,0.99435,0,0,0,1
0.99081,-0.00013166,-0.13528,0.10974,0.0018822,0.99992,0.012812,0.25612,0.13527,-0.012949,0.99072,1.0294,0,0,0,1
0.99021,-0.00022701,-0.1396,0.10907,0.002092,0.99991,0.013213,0.26644,0.13959,-0.013375,0.99012,1.0644,0,0,0,1
0.98959,-0.00032783,-0.1439,0.10814,0.0023104,0.9999,0.01361,0.27686,0.14389,-0.013801,0.9895,1.0995,0,0,0,1
0.98896,-0.00043407,-0.14819,0.10694,0.0025374,0.9999,0.014005,0.28737,0.14817,-0.014226,0.98886,1.1345,0,0,0,1
0.98831,-0.00054568,-0.15246,0.10549,0.002773,0.99989,0.014397,0.29798,0.15244,-0.014651,0.9882,1.1696,0,0,0,1
0.98764,-0.00066261,-0.15671,0.10378,0.003017,0.99989,0.014786,0.30868,0.15669,-0.015076,0.98753,1.2047,0,0,0,1
0.98696,-0.00078478,-0.16095,0.10181,0.0032692,0.99988,0.015172,0.31948,0.16092,-0.015501,0.98685,1.2397,0,0,0,1
0.98627,-0.00091215,-0.16516,0.099586,0.0035297,0.99987,0.015555,0.33036,0.16513,-0.015925,0.98614,1.2748,0,0,0,1
0.98555,-0.0010447,-0.16936,0.097113,0.0037983,0.99987,0.015936,0.34134,0.16932,-0.016349,0.98543,1.3099,0,0,0,1
0.98483,-0.0011822,-0.17354,0.094391,0.0040748,0.99986,0.016313,0.3524,0.1735,-0.016772,0.98469,1.3449,0,0,0,1
0.98408,-0.0013248,-0.1777,0.091424,0.0043592,0.99985,0.016687,0.36355,0.17765,-0.017196,0.98394,1.38,0,0,0,1
0.98333,-0.0014723,-0.18184,0.088212,0.0046514,0.99984,0.017057,0.37478,0.18179,-0.017619,0.98318,1.415,0,0,0,1
0.98256,-0.0016247,-0.18596,0.08476,0.0049512,0.99984,0.017425,0.38609,0.18591,-0.018042,0.9824,1.45,0,0,0,1
0.98177,-0.0017819,-0.19006,0.08107,0.0052585,0.99983,0.017789,0.39748,0.19,-0.018464,0.98161,1.4849,0,0,0,1
0.98097,-0.0019438,-0.19415,0.077145,0.0055731,0.99982,0.018149,0.40895,0.19408,-0.018886,0.9808,1.5199,0,0,0,1
0.98016,-0.0021104,-0.19821,0.072988,0.0058951,0.99981,0.018507,0.42049,0.19813,-0.019308,0.97999,1.5548,0,0,0,1
0.97933,-0.0022815,-0.20225,0.068601,0.0062241,0.9998,0.01886,0.43211,0.20216,-0.019729,0.97915,1.5897,0,0,0,1
0.97849,-0.0024572,-0.20626,0.063988,0.0065602,0.99979,0.019211,0.44379,0.20617,-0.020151,0.97831,1.6245,0,0,0,1
0.97764,-0.0026373,-0.21026,0.059151,0.0069031,0.99978,0.019557,0.45555,0.21016,-0.020571,0.97745,1.6593,0,0,0,1
0.97678,-0.0028217,-0.21423,0.054094,0.0072528,0.99978,0.0199,0.46737,0.21413,-0.020992,0.97658,1.694,0,0,0,1
0.9759,-0.0030104,-0.21819,0.048821,0.007609,0.99977,0.020239,0.47925,0.21807,-0.021412,0.9757,1.7287,0,0,0,1
0.97501,-0.0032033,-0.22212,0.043333,0.0079717,0.99976,0.020575,0.4912,0.222,-0.021831,0.9748,1.7633,0,0,0,1
0.97412,-0.0034003,-0.22602,0.037636,0.0083407,0.99975,0.020907,0.5032,0.2259,-0.022251,0.9739,1.7979,0,0,0,1
0.97321,-0.0036014,-0.22991,0.031731,0.008716,0.99974,0.021234,0.51527,0.22977,-0.022669,0.97298,1.8324,0,0,0,1
0.97228,-0.0038064,-0.23377,0.025622,0.0090972,0.99973,0.021559,0.52738,0.23362,-0.023088,0.97205,1.8669,0,0,0,1
0.97135,-0.0040152,-0.23761,0.019314,0.0094843,0.99972,0.021879,0.53956,0.23745,-0.023506,0.97111,1.9013,0,0,0,1
0.97041,-0.0042278,-0.24142,0.012809,0.0098772,0.9997,0.022195,0.55178,0.24126,-0.023923,0.97017,1.9356,0,0,0,1
0.96946,-0.0044441,-0.24521,0.006111,0.010276,0.99969,0.022507,0.56405,0.24504,-0.02434,0.96921,1.9698,0,0,0,1
0.9685,-0.004664,-0.24898,-0.0007763,0.01068,0.99968,0.022816,0.57636,0.24879,-0.024756,0.96824,2.0039,0,0,0,1
0.96753,-0.0048874,-0.25272,-0.0078493,0.011089,0.99967,0.02312,0.58872,0.25252,-0.025172,0.96726,2.038,0,0,0,1
0.96655,-0.0051142,-0.25644,-0.015104,0.011503,0.99966,0.023421,0.60111,0.25623,-0.025587,0.96628,2.072,0,0,0,1
0.96556,-0.0053443,-0.26013,-0.022537,0.011923,0.99965,0.023717,0.61355,0.25991,-0.026002,0.96528,2.1059,0,0,0,1
0.96456,-0.0055777,-0.2638,-0.030144,0.012347,0.99964,0.024009,0.62602,0.26357,-0.026416,0.96428,2.1397,0,0,0,1
0.96356,-0.0058142,-0.26744,-0.037922,0.012776,0.99962,0.024298,0.63853,0.2672,-0.026829,0.96327,2.1733,0,0,0,1
0.96255,-0.0060538,-0.27105,-0.045866,0.013209,0.99961,0.024582,0.65106,0.2708,-0.027241,0.96225,2.2069,0,0,0,1
0.96153,-0.0062963,-0.27464,-0.053973,0.013647,0.9996,0.024862,0.66363,0.27438,-0.027653,0.96122,2.2404,0,0,0,1
0.9605,-0.0065416,-0.27821,-0.062238,0.014089,0.99958,0.025138,0.67622,0.27793,-0.028064,0.96019,2.2738,0,0,0,1
0.95947,-0.0067897,-0.28175,-0.070658,0.014535,0.99957,0.025409,0.68883,0.28145,-0.028475,0.95915,2.307,0,0,0,1
0.95843,-0.0070405,-0.28526,-0.079228,0.014985,0.99956,0.025677,0.70146,0.28495,-0.028884,0.95811,2.3402,0,0,0,1
0.95738,-0.0072939,-0.28874,-0.087944,0.015439,0.99954,0.025941,0.71411,0.28842,-0.029293,0.95706,2.3732,0,0,0,1
0.95633,-0.0075497,-0.2922,-0.096802,0.015896,0.99953,0.0262,0.72678,0.29186,-0.0297,0.956,2.4061,0,0,0,1
0.95527,-0.0078078,-0.29563,-0.1058,0.016357,0.99952,0.026455,0.73946,0.29528,-0.030107,0.95494,2.4388,0,0,0,1
0.95421,-0.0080683,-0.29903,-0.11493,0.01682,0.9995,0.026706,0.75215,0.29867,-0.030513,0.95387,2.4714,0,0,0,1
0.95314,-0.0083309,-0.30241,-0.12419,0.017288,0.99949,0.026953,0.76484,0.30203,-0.030918,0.9528,2.5039,0,0,0,1
0.95207,-0.0085956,-0.30576,-0.13357,0.017757,0.99947,0.027196,0.77754,0.30536,-0.031322,0.95172,2.5363,0,0,0,1
0.951,-0.0088622,-0.30908,-0.14308,0.01823,0.99946,0.027434,0.79025,0.30867,-0.031724,0.95064,2.5685,0,0,0,1
0.94992,-0.0091307,-0.31237,-0.1527,0.018705,0.99944,0.027669,0.80295,0.31195,-0.032126,0.94956,2.6005,0,0,0,1
0.94883,-0.009401,-0.31564,-0.16243,0.019183,0.99943,0.027899,0.81565,0.31519,-0.032526,0.94847,2.6324,0,0,0,1
0.94775,-0.009673,-0.31887,-0.17228,0.019663,0.99941,0.028125,0.82834,0.31841,-0.032926,0.94738,2.6642,0,0,0,1
0.94666,-0.0099465,-0.32208,-0.18222,0.020145,0.9994,0.028347,0.84103,0.32161,-0.033323,0.94629,2.6957,0,0,0,1
0.94557,-0.010221,-0.32526,-0.19226,0.020629,0.99938,0.028565,0.8537,0.32477,-0.03372,0.94519,2.7272,0,0,0,1
0.94448,-0.010498,-0.32841,-0.2024,0.021115,0.99936,0.028779,0.86636,0.3279,-0.034115,0.9441,2.7584,0,0,0,1
0.94338,-0.010775,-0.33153,-0.21263,0.021602,0.99935,0.028989,0.879,0.33101,-0.034509,0.943,2.7895,0,0,0,1
0.94229,-0.011054,-0.33463,-0.22294,0.022091,0.99933,0.029194,0.89162,0.33408,-0.034902,0.9419,2.8204,0,0,0,1
0.94119,-0.011334,-0.33769,-0.23334,0.022581,0.99931,0.029396,0.90423,0.33713,-0.035293,0.9408,2.8511,0,0,0,1
0.94009,-0.011615,-0.34073,-0.24381,0.023072,0.9993,0.029594,0.9168,0.34014,-0.035682,0.9397,2.8817,0,0,0,1
0.93899,-0.011896,-0.34373,-0.25435,0.023564,0.99928,0.029787,0.92935,0.34313,-0.03607,0.9386,2.912,0,0,0,1
0.93789,-0.012179,-0.34671,-0.26496,0.024057,0.99926,0.029977,0.94187,0.34609,-0.036456,0.93749,2.9422,0,0,0,1
0.9368,-0.012462,-0.34965,-0.27564,0.024551,0.99924,0.030163,0.95436,0.34901,-0.036841,0.93639,2.9721,0,0,0,1
0.9357,-0.012745,-0.35257,-0.28637,0.025045,0.99923,0.030345,0.96681,0.35191,-0.037223,0.93529,3.0019,0,0,0,1
0.9346,-0.01303,-0.35546,-0.29715,0.025539,0.99921,0.030522,0.97922,0.35478,-0.037604,0.93419,3.0315,0,0,0,1
0.93351,-0.013314,-0.35831,-0.30799,0.026033,0.99919,0.030697,0.99159,0.35762,-0.037983,0.9331,3.0609,0,0,0,1
0.93241,-0.013598,-0.36114,-0.31887,0.026527,0.99917,0.030867,1.0039,0.36042,-0.038361,0.932,3.09,0,0,0,1
0.93132,-0.013883,-0.36394,-0.32978,0.027021,0.99915,0.031033,1.0162,0.3632,-0.038736,0.93091,3.119,0,0,0,1
0.93023,-0.014168,-0.3667,-0.34074,0.027515,0.99913,0.031196,1.0284,0.36594,-0.039109,0.92981,3.1477,0,0,0,1
0.92914,-0.014453,-0.36944,-0.35172,0.028008,0.99912,0.031355,1.0406,0.36866,-0.03948,0.92873,3.1762,0,0,0,1
0.92806,-0.014737,-0.37214,-0.36273,0.028501,0.9991,0.03151,1.0527,0.37134,-0.039849,0.92764,3.2045,0,0,0,1
0.92698,-0.015022,-0.37482,-0.37377,0.028992,0.99908,0.031661,1.0648,0.374,-0.040216,0.92656,3.2326,0,0,0,1
0.9259,-0.015306,-0.37746,-0.38482,0.029483,0.99906,0.031809,1.0768,0.37662,-0.040581,0.92548,3.2604,0,0,0,1
0.92482,-0.015589,-0.38008,-0.39588,0.029972,0.99904,0.031954,1.0888,0.37921,-0.040943,0.9244,3.288,0,0,0,1
0.92375,-0.015872,-0.38266,-0.40695,0.03046,0.99902,0.032094,1.1006,0.38177,-0.041303,0.92333,3.3154,0,0,0,1
0.92269,-0.016154,-0.38521,-0.41802,0.030947,0.999,0.032232,1.1125,0.3843,-0.041661,0.92227,3.3425,0,0,0,1
0.92163,-0.016436,-0.38773,-0.42909,0.031432,0.99898,0.032365,1.1242,0.3868,-0.042016,0.92121,3.3694,0,0,0,1
0.92057,-0.016717,-0.39022,-0.44016,0.031915,0.99896,0.032496,1.1359,0.38927,-0.042368,0.92015,3.396,0,0,0,1
0.91952,-0.016996,-0.39268,-0.45121,0.032396,0.99894,0.032623,1.1475,0.39171,-0.042718,0.9191,3.4224,0,0,0,1
0.91847,-0.017275,-0.3951,-0.46226,0.032875,0.99892,0.032746,1.159,0.39411,-0.043066,0.91805,3.4486,0,0,0,1
0.91743,-0.017553,-0.3975,-0.47328,0.033352,0.9989,0.032867,1.1704,0.39649,-0.04341,0.91701,3.4744,0,0,0,1
0.9164,-0.017829,-0.39986,-0.48428,0.033826,0.99888,0.032984,1.1818,0.39883,-0.043752,0.91598,3.5001,0,0,0,1
0.91537,-0.018104,-0.4022,-0.49525,0.034298,0.99886,0.033097,1.193,0.40114,-0.044091,0.91496,3.5254,0,0,0,1
0.91435,-0.018378,-0.4045,-0.50618,0.034767,0.99884,0.033208,1.2042,0.40342,-0.044427,0.91394,3.5505,0,0,0,1
0.91334,-0.01865,-0.40677,-0.51709,0.035233,0.99882,0.033316,1.2153,0.40567,-0.04476,0.91292,3.5753,0,0,0,1
0.91234,-0.018921,-0.40901,-0.52795,0.035696,0.9988,0.03342,1.2263,0.40788,-0.04509,0.91192,3.5999,0,0,0,1
0.91134,-0.019189,-0.41121,-0.53876,0.036156,0.99878,0.033522,1.2372,0.41007,-0.045418,0.91092,3.6241,0,0,0,1
0.91035,-0.019456,-0.41339,-0.54952,0.036613,0.99876,0.03362,1.248,0.41222,-0.045741,0.90993,3.6481,0,0,0,1
0.90937,-0.019722,-0.41553,-0.56023,0.037066,0.99874,0.033716,1.2587,0.41434,-0.046062,0.90895,3.6718,0,0,0,1
0.90839,-0.019985,-0.41764,-0.57089,0.037516,0.99872,0.033809,1.2693,0.41643,-0.04638,0.90798,3.6952,0,0,0,1
0.90743,-0.020246,-0.41972,-0.58148,0.037962,0.9987,0.033899,1.2798,0.41849,-0.046694,0.90702,3.7184,0,0,0,1
0.90647,-0.020505,-0.42177,-0.592,0.038404,0.99868,0.033986,1.2902,0.42052,-0.047005,0.90607,3.7412,0,0,0,1
0.90552,-0.020762,-0.42378,-0.60245,0.038842,0.99866,0.03407,1.3004,0.42251,-0.047312,0.90512,3.7638,0,0,0,1
0.90459,-0.021017,-0.42577,-0.61282,0.039276,0.99864,0.034152,1.3106,0.42447,-0.047616,0.90419,3.786,0,0,0,1
0.90366,-0.021269,-0.42772,-0.62312,0.039706,0.99862,0.034231,1.3206,0.4264,-0.047916,0.90326,3.808,0,0,0,1
0.90274,-0.021519,-0.42964,-0.63334,0.040132,0.99861,0.034308,1.3306,0.4283,-0.048213,0.90235,3.8296,0,0,0,1
0.90184,-0.021766,-0.43153,-0.64346,0.040552,0.99859,0.034382,1.3404,0.43017,-0.048506,0.90144,3.851,0,0,0,1
0.90094,-0.02201,-0.43339,-0.6535,0.040969,0.99857,0.034453,1.3501,0.43201,-0.048796,0.90055,3.872,0,0,0,1
0.90005,-0.022252,-0.43521,-0.66344,0.04138,0.99855,0.034522,1.3596,0.43381,-0.049081,0.89967,3.8927,0,0,0,1
0.89918,-0.022491,-0.437,-0.67328,0.041787,0.99853,0.034589,1.369,0.43558,-0.049363,0.8988,3.9131,0,0,0,1
0.89832,-0.022727,-0.43876,-0.68301,0.042188,0.99851,0.034654,1.3784,0.43732,-0.049641,0.89794,3.9332,0,0,0,1
0.89746,-0.022961,-0.44049,-0.69264,0.042584,0.99849,0.034716,1.3875,0.43903,-0.049914,0.89709,3.953,0,0,0,1
0.89662,-0.023191,-0.44218,-0.70216,0.042976,0.99847,0.034776,1.3966,0.4407,-0.050184,0.89625,3.9724,0,0,0,1
0.8958,-0.023418,-0.44385,-0.71157,0.043361,0.99845,0.034834,1.4055,0.44234,-0.05045,0.89543,3.9915,0,0,0,1
0.89498,-0.023642,-0.44548,-0.72086,0.043741,0.99843,0.03489,1.4143,0.44396,-0.050712,0.89461,4.0103,0,0,0,1
0.89418,-0.023863,-0.44708,-0.73003,0.044116,0.99842,0.034944,1.4229,0.44553,-0.050969,0.89381,4.0288,0,0,0,1
0.89339,-0.02408,-0.44864,-0.73907,0.044485,0.9984,0.034995,1.4314,0.44708,-0.051222,0.89303,4.0469,0,0,0,1
0.89261,-0.024294,-0.45018,-0.74798,0.044848,0.99838,0.035045,1.4397,0.4486,-0.051471,0.89225,4.0647,0,0,0,1
0.89184,-0.024505,-0.45168,-0.75676,0.045205,0.99836,0.035093,1.4479,0.45008,-0.051716,0.89149,4.0822,0,0,0,1
0.89109,-0.024712,-0.45315,-0.76541,0.045556,0.99834,0.035139,1.456,0.45153,-0.051956,0.89074,4.0993,0,0,0,1
0.89035,-0.024916,-0.45459,-0.77392,0.045901,0.99833,0.035183,1.4639,0.45295,-0.052192,0.89001,4.1161,0,0,0,1
0.88963,-0.025116,-0.45599,-0.78228,0.04624,0.99831,0.035226,1.4717,0.45434,-0.052423,0.88929,4.1325,0,0,0,1
0.88892,-0.025312,-0.45737,-0.7905,0.046572,0.99829,0.035266,1.4793,0.45569,-0.052649,0.88858,4.1486,0,0,0,1
0.88822,-0.025505,-0.45871,-0.79857,0.046898,0.99828,0.035306,1.4867,0.45702,-0.052871,0.88789,4.1644,0,0,0,1
0.88754,-0.025693,-0.46002,-0.80649,0.047217,0.99826,0.035343,1.494,0.45831,-0.053089,0.88721,4.1798,0,0,0,1
0.88687,-0.025878,-0.46129,-0.81426,0.04753,0.99824,0.035379,1.5011,0.45957,-0.053302,0.88654,4.1948,0,0,0,1
0.88622,-0.026059,-0.46254,-0.82187,0.047836,0.99823,0.035413,1.5081,0.46079,-0.05351,0.88589,4.2095,0,0,0,1
0.88558,-0.026236,-0.46375,-0.82931,0.048135,0.99821,0.035446,1.5149,0.46199,-0.053713,0.88526,4.2238,0,0,0,1
0.88496,-0.026409,-0.46493,-0.8366,0.048427,0.9982,0.035477,1.5216,0.46315,-0.053911,0.88464,4.2378,0,0,0,1
0.88435,-0.026578,-0.46607,-0.84372,0.048712,0.99818,0.035508,1.5281,0.46428,-0.054104,0.88403,4.2514,0,0,0,1
0.88375,-0.026742,-0.46719,-0.85067,0.04899,0.99817,0.035536,1.5344,0.46538,-0.054293,0.88344,4.2646,0,0,0,1
0.88318,-0.026903,-0.46827,-0.85745,0.049261,0.99815,0.035564,1.5406,0.46645,-0.054476,0.88287,4.2775,0,0,0,1
0.88261,-0.027059,-0.46932,-0.86405,0.049525,0.99814,0.03559,1.5466,0.46748,-0.054655,0.88231,4.29,0,0,0,1
0.88207,-0.027211,-0.47034,-0.87048,0.049781,0.99812,0.035614,1.5524,0.46849,-0.054828,0.88177,4.3022,0,0,0,1
0.88154,-0.027358,-0.47132,-0.87673,0.05003,0.99811,0.035638,1.5581,0.46946,-0.054997,0.88124,4.314,0,0,0,1
0.88102,-0.027501,-0.47228,-0.88279,0.050272,0.9981,0.035661,1.5635,0.4704,-0.05516,0.88073,4.3254,0,0,0,1
0.88052,-0.02764,-0.4732,-0.88868,0.050506,0.99809,0.035682,1.5688,0.47131,-0.055318,0.88023,4.3364,0,0,0,1
0.88004,-0.027774,-0.47409,-0.89438,0.050733,0.99807,0.035702,1.574,0.47218,-0.055471,0.87975,4.3471,0,0,0,1
0.87957,-0.027904,-0.47494,-0.89989,0.050951,0.99806,0.035722,1.5789,0.47302,-0.055619,0.87929,4.3574,0,0,0,1
0.87913,-0.028029,-0.47577,-0.90521,0.051162,0.99805,0.03574,1.5837,0.47384,-0.055761,0.87885,4.3673,0,0,0,1
0.87869,-0.02815,-0.47656,-0.91033,0.051366,0.99804,0.035757,1.5883,0.47462,-0.055898,0.87842,4.3768,0,0,0,1
0.87828,-0.028265,-0.47732,-0.91527,0.051561,0.99803,0.035773,1.5927,0.47536,-0.05603,0.878,4.386,0,0,0,1
0.87788,-0.028377,-0.47804,-0.92,0.051749,0.99802,0.035789,1.597,0.47608,-0.056156,0.87761,4.3947,0,0,0,1
0.8775,-0.028483,-0.47874,-0.92454,0.051928,0.99801,0.035803,1.601,0.47676,-0.056277,0.87723,4.4031,0,0,0,1
0.87713,-0.028585,-0.4794,-0.92888,0.0521,0.998,0.035817,1.6049,0.47742,-0.056392,0.87687,4.4112,0,0,0,1
0.87678,-0.028682,-0.48003,-0.93302,0.052263,0.99799,0.035829,1.6086,0.47804,-0.056502,0.87652,4.4188,0,0,0,1
0.87645,-0.028774,-0.48063,-0.93696,0.052418,0.99798,0.035841,1.6121,0.47862,-0.056607,0.87619,4.426,0,0,0,1
0.87614,-0.028862,-0.48119,-0.94069,0.052566,0.99797,0.035853,1.6154,0.47918,-0.056706,0.87588,4.4329,0,0,0,1
0.87585,-0.028944,-0.48172,-0.94422,0.052705,0.99797,0.035863,1.6186,0.47971,-0.0568,0.87559,4.4393,0,0,0,1
0.87557,-0.029022,-0.48222,-0.94754,0.052836,0.99796,0.035873,1.6215,0.4802,-0.056887,0.87531,4.4454,0,0,0,1
0.87531,-0.029094,-0.48269,-0.95065,0.052958,0.99795,0.035882,1.6243,0.48066,-0.05697,0.87505,4.4511,0,0,0,1
0.87506,-0.029162,-0.48313,-0.95355,0.053072,0.99795,0.03589,1.6269,0.48109,-0.057047,0.87481,4.4564,0,0,0,1
0.87484,-0.029225,-0.48353,-0.95624,0.053178,0.99794,0.035897,1.6293,0.48149,-0.057118,0.87459,4.4613,0,0,0,1
0.87463,-0.029283,-0.4839,-0.95872,0.053276,0.99793,0.035904,1.6315,0.48185,-0.057183,0.87438,4.4659,0,0,0,1
0.87444,-0.029336,-0.48424,-0.96099,0.053365,0.99793,0.03591,1.6335,0.48219,-0.057243,0.8742,4.47,0,0,0,1
0.87427,-0.029384,-0.48455,-0.96304,0.053446,0.99792,0.035916,1.6353,0.48249,-0.057297,0.87403,4.4737,0,0,0,1
0.87412,-0.029427,-0.48482,-0.96488,0.053518,0.99792,0.035921,1.6369,0.48276,-0.057346,0.87387,4.4771,0,0,0,1
0.87398,-0.029465,-0.48507,-0.96651,0.053582,0.99792,0.035925,1.6384,0.483,-0.057389,0.87374,4.48,0,0,0,1
0.87386,-0.029498,-0.48528,-0.96791,0.053637,0.99791,0.035929,1.6396,0.4832,-0.057426,0.87362,4.4826,0,0,0,1
0.87376,-0.029526,-0.48545,-0.96911,0.053684,0.99791,0.035932,1.6407,0.48338,-0.057458,0.87352,4.4848,0,0,0,1
0.87368,-0.029548,-0.4856,-0.97009,0.053723,0.99791,0.035935,1.6415,0.48352,-0.057483,0.87344,4.4866,0,0,0,1
0.87362,-0.029566,-0.48571,-0.97085,0.053753,0.99791,0.035937,1.6422,0.48363,-0.057503,0.87338,4.4879,0,0,0,1
0.87357,-0.029579,-0.48579,-0.97139,0.053774,0.99791,0.035938,1.6427,0.48371,-0.057518,0.87334,4.4889,0,0,0,1
