function [F,V]=INRIA_parasaurolophus

% [F,V]=INRIA_parasaurolophus
% ------------------------------------------------------------------------
%
% This function generates patch data (faces=F and vertices=V) for a
% parasourolophus dinosour model from the INRIA GAMMA model library. 
%
% This adjusted model consists of 892 triangular faces and 448 vertices. 
% 
% Downloadable from: 
% https://www.rocq.inria.fr/gamma/gamma/download/affichage.php?dir=DINOSAUR/&name=Parasaurolophus
% 
% Quadrilatel faces are converted here to triangles. 
%
%
%
% Kevin Mattheus Moerman
% kevinmoerman@hotmail.com
% Last update 2014/01/07
%------------------------------------------------------------------------
%%

%Vertices
V=[4.00000000000000e-06,1.82919000000000,2.33987000000000;-0.0830850000000000,1.82956000000000,2.29091000000000;-0.0983080000000000,1.80312000000000,2.33934000000000;-0.0860980000000000,1.83342000000000,2.12524000000000;9.00000000000000e-06,1.85327000000000,2.15221000000000;1.80000000000000e-05,1.89080000000000,1.80915000000000;-0.0938130000000000,1.87495000000000,1.79046000000000;4.60000000000000e-05,1.61944000000000,0.749261000000000;4.90000000000000e-05,1.54680000000000,0.644864000000000;-0.0607900000000000,1.55565000000000,0.672729000000000;-0.117331000000000,1.80965000000000,2.24132000000000;-0.108450000000000,1.75083000000000,2.32118000000000;-0.106589000000000,1.80370000000000,1.77763000000000;-0.0463360000000000,1.73809000000000,1.34523000000000;-0.0934680000000000,1.73425000000000,1.52829000000000;-0.0336540000000000,1.82036000000000,1.35920000000000;-0.127136000000000,1.74699000000000,1.81035000000000;-0.160708000000000,1.74270000000000,1.93735000000000;-0.109299000000000,1.80446000000000,1.93331000000000;-0.210037000000000,1.58996000000000,1.69981000000000;-0.200514000000000,1.46963000000000,1.62887000000000;-0.139587000000000,1.73502000000000,2.09932000000000;-0.119531000000000,1.75187000000000,2.13611000000000;5.00000000000000e-06,1.68873000000000,2.31228000000000;5.00000000000000e-06,1.72886000000000,2.32545000000000;-0.0788530000000000,1.70053000000000,2.29787000000000;4.00000000000000e-06,1.75229000000000,2.36229000000000;-0.0797670000000000,1.73389000000000,2.32459000000000;-0.128358000000000,1.75565000000000,1.72690000000000;-0.136946000000000,1.71739000000000,1.75198000000000;-0.181495000000000,1.00992000000000,1.65992000000000;-0.0989490000000000,1.43701000000000,1.44414000000000;-0.106004000000000,1.03395000000000,1.49718000000000;3.10000000000000e-05,1.63049000000000,1.30240000000000;-0.0223040000000000,1.66078000000000,1.32145000000000;-0.0380640000000000,1.60282000000000,0.960380000000000;4.50000000000000e-05,1.50373000000000,0.793605000000000;-0.0507540000000000,1.51633000000000,0.793234000000000;-0.0763730000000000,1.49313000000000,0.703764000000000;4.70000000000000e-05,1.46488000000000,0.718362000000000;-0.0558230000000000,1.63283000000000,0.966411000000000;-0.0413200000000000,1.66073000000000,0.917952000000000;3.00000000000000e-05,1.84135000000000,1.35643000000000;4.20000000000000e-05,1.68080000000000,0.909149000000000;-0.154544000000000,0.660394000000000,1.83449000000000;-0.146278000000000,1.00949000000000,1.86138000000000;-0.205468000000000,0.742585000000000,1.64531000000000;-0.116216000000000,0.825837000000000,1.44525000000000;-0.150743000000000,0.714147000000000,1.36271000000000;-0.263036000000000,0.608458000000000,1.60967000000000;-0.276417000000000,0.223492000000000,1.91619000000000;-0.213106000000000,0.485926000000000,1.84029000000000;-0.355144000000000,0.522994000000000,1.28015000000000;-0.198280000000000,0.626989000000000,1.10471000000000;-0.424964000000000,0.273176000000000,1.76311000000000;-0.355034000000000,0.442837000000000,1.68371000000000;-0.420612000000000,0.264359000000000,1.29960000000000;-0.475456000000000,0.135784000000000,1.57151000000000;-0.272082000000000,-0.162167000000000,1.43946000000000;3.40000000000000e-05,-0.445101000000000,1.19629000000000;2.70000000000000e-05,-0.287398000000000,1.46404000000000;-0.283086000000000,-0.373734000000000,1.19700000000000;-0.303934000000000,-0.0834560000000000,1.69642000000000;2.00000000000000e-05,-0.137275000000000,1.75311000000000;-0.254942000000000,0.117821000000000,1.95287000000000;-0.453558000000000,-0.0697380000000000,1.84827000000000;-0.447804000000000,-0.0122600000000000,1.97871000000000;-0.531139000000000,0.00859000000000000,1.82445000000000;-0.525147000000000,0.0861410000000000,1.93429000000000;-0.413268000000000,0.302051000000000,2.27500000000000;-0.545935000000000,0.275926000000000,2.25178000000000;-0.276844000000000,0.203469000000000,1.93717000000000;-0.439439000000000,0.341425000000000,2.17726000000000;-0.566661000000000,0.308570000000000,2.21732000000000;-0.601964000000000,0.448082000000000,2.35988000000000;-0.537950000000000,0.477875000000000,2.35563000000000;-0.597866000000000,0.511530000000000,2.47103000000000;-0.635866000000000,0.510834000000000,2.46472000000000;-0.590603000000000,0.424559000000000,2.38296000000000;-0.456274000000000,0.422642000000000,2.39931000000000;-0.483862000000000,0.513618000000000,2.48995000000000;-0.521863000000000,0.512921000000000,2.48364000000000;3.90000000000000e-05,-0.622984000000000,1.00668000000000;-0.315390000000000,-0.596713000000000,0.957843000000000;-0.427907000000000,0.0418160000000000,0.292243000000000;-0.410483000000000,0.342076000000000,0.784576000000000;-0.243861000000000,0.511384000000000,0.660735000000000;-0.301176000000000,0.223765000000000,0.208798000000000;-0.239029000000000,-0.124478000000000,-0.213755000000000;-0.288198000000000,0.101071000000000,0.00959500000000000;6.80000000000000e-05,0.180988000000000,-0.0875820000000000;7.50000000000000e-05,-0.0823340000000000,-0.341542000000000;-0.201809000000000,-0.802809000000000,0.806556000000000;4.50000000000000e-05,-0.831172000000000,0.794611000000000;8.50000000000000e-05,-1.32343000000000,-0.732726000000000;-0.127607000000000,-1.22778000000000,-0.711801000000000;-0.101868000000000,-1.25368000000000,-1.43143000000000;0.000104000000000000,-1.31813000000000,-1.44416000000000;-0.210615000000000,-1.03765000000000,-0.733986000000000;-0.162600000000000,-0.824311000000000,-0.768577000000000;-0.0794220000000000,-0.957250000000000,-1.47960000000000;-0.131428000000000,-1.11289000000000,-1.44215000000000;-0.105439000000000,-1.35935000000000,-1.82770000000000;0.000114000000000000,-1.38715000000000,-1.82863000000000;0.000134000000000000,-1.89080000000000,-2.60034000000000;-0.137550000000000,-1.53240000000000,-2.30116000000000;0.000127000000000000,-1.54137000000000,-2.33843000000000;-0.130770000000000,-1.28679000000000,-1.92785000000000;-0.144978000000000,-1.53872000000000,-2.20646000000000;-0.0743150000000000,-1.21388000000000,-2.00923000000000;-0.171144000000000,-0.518357000000000,-0.455440000000000;-0.269066000000000,-0.654024000000000,-0.369524000000000;-0.301920000000000,-0.188421000000000,-0.187471000000000;-0.506587000000000,-0.158607000000000,0.217681000000000;-0.363590000000000,0.0511510000000000,0.0402590000000000;-0.355420000000000,-0.769850000000000,-0.114775000000000;-0.528871000000000,-0.806636000000000,0.246804000000000;-0.488658000000000,-0.577615000000000,-0.0144510000000000;-0.335749000000000,-0.964106000000000,0.147117000000000;-0.494262000000000,-0.143387000000000,0.627156000000000;-0.577085000000000,-0.302089000000000,0.520786000000000;-0.590115000000000,-0.502632000000000,0.767367000000000;-0.489416000000000,-0.387511000000000,0.857406000000000;-0.589388000000000,-0.738929000000000,0.976205000000000;-0.613539000000000,-0.714213000000000,0.610936000000000;-0.614498000000000,-0.825436000000000,0.895086000000000;-0.343374000000000,-0.576070000000000,-0.238113000000000;-0.599209000000000,-1.22401000000000,1.08253000000000;-0.629943000000000,-1.22516000000000,0.963047000000000;-0.539596000000000,-1.62128000000000,1.11968000000000;-0.596993000000000,-0.871270000000000,1.08154000000000;-0.606981000000000,-1.02568000000000,