-0.9935562182496387,-0.0899059941268793,-0.0690141536029701,96.0992126464843750,-0.0874363159833196,0.2205556337764789,0.9714474268104892,67.1305541992187500,-0.0721174862619456,0.9712219749519229,-0.2269954703198828,71.3067016601562500,0.0000000000000000,0.0000000000000000,0.0000000000000000,1.0000000000000000
-0.9936872916289669,-0.0886446425423117,-0.0687582271705342,96.1772918701171875,-0.0870126385241942,0.2221268257602502,0.9711274241904271,67.2966613769531250,-0.0708121966341034,0.9709798147367543,-0.2284378081264830,71.3816146850585938,0.0000000000000000,0.0000000000000000,0.0000000000000000,1.0000000000000000
-0.9930939477496262,-0.0878334664726143,-0.0777797731448682,96.1153640747070312,-0.0959876410594791,0.2270869770557458,0.9691325387249774,67.2604980468750000,-0.0674594967880701,0.9699055557213225,-0.2339496297796024,71.3306198120117188,0.0000000000000000,0.0000000000000000,0.0000000000000000,1.0000000000000000
-0.9918293295635844,-0.0992947147400631,-0.0800945731129185,96.1081390380859375,-0.1010391628598810,0.2281302092601476,0.9683737373511819,67.2691421508789062,-0.0778824022872021,0.9685541633009539,-0.2362988873574390,71.3258666992187500,0.0000000000000000,0.0000000000000000,0.0000000000000000,1.0000000000000000
-0.9925754436605462,-0.0976973230262683,-0.0724515128590927,96.1280975341796875,-0.0920832923082588,0.2144216888451121,0.9723908713220635,67.2419433593750000,-0.0794648093167161,0.9718428743507413,-0.2218259940898430,71.5635299682617188,0.0000000000000000,0.0000000000000000,0.0000000000000000,1.0000000000000000
-0.9926131945654145,-0.0976651129264910,-0.0719761883660051,96.1416702270507812,-0.0914850575519822,0.2128909634609219,0.9727835945992258,67.3068923950195312,-0.0796839395320876,0.9721825771910008,-0.2202532778119555,71.4832000732421875,0.0000000000000000,0.0000000000000000,0.0000000000000000,1.0000000000000000
-0.9936122604864090,-0.0875906553388887,-0.0711516191551033,96.0665130615234375,-0.0881935577247714,0.2093735583883756,0.9738504040270440,67.3725814819335938,-0.0704029274031719,0.9739048157520804,-0.2157610661541378,71.4543457031250000,0.0000000000000000,0.0000000000000000,0.0000000000000000,1.0000000000000000
-0.9932481809843039,-0.0890765044263870,-0.0743197640641274,96.0409774780273438,-0.0920814064341210,0.2156866199510899,0.9721112572968120,67.2528305053710938,-0.0705624940069860,0.9723912064252999,-0.2224326327368898,71.4008483886718750,0.0000000000000000,0.0000000000000000,0.0000000000000000,1.0000000000000000
-0.9929143910157832,-0.0851663016803348,-0.0828716668822985,95.9466552734375000,-0.0978132893943092,0.1897297793345980,0.9769519800130966,67.6748886108398438,-0.0674801639863270,0.9781356306217145,-0.1967158244184730,71.4821319580078125,0.0000000000000000,0.0000000000000000,0.0000000000000000,1.0000000000000000
-0.9927012024390217,-0.0914725022622891,-0.0785945545568927,95.8856048583984375,-0.0945430783732376,0.1856656193559452,0.9780541314880710,67.5862045288085938,-0.0748727521053737,0.9783460835098430,-0.1929585755366122,71.4650726318359375,0.0000000000000000,0.0000000000000000,0.0000000000000000,1.0000000000000000
-0.9933267482171042,-0.0819187293122222,-0.0811867788762709,95.7421722412109375,-0.0953835070371247,0.1877593750839653,0.9775727101619488,67.6913909912109375,-0.0648379353598834,0.9787930010252167,-0.1943201051932555,71.3651809692382812,0.0000000000000000,0.0000000000000000,0.0000000000000000,1.0000000000000000
-0.9926051613136152,-0.0885723267245584,-0.0830056424116504,95.8078689575195312,-0.0980393357660288,0.1817479321220078,0.9784456948711717,67.6782150268554688,-0.0715771079055906,0.9793480648410819,-0.1890875075617089,71.3869934082031250,0.0000000000000000,0.0000000000000000,0.0000000000000000,1.0000000000000000
-0.9919000671272677,-0.1025983591724366,-0.0748854694052573,96.0602188110351562,-0.0931016616200395,0.1861880035383296,0.9780930977887528,67.5744094848632812,-0.0864079709084160,0.9771425709862072,-0.1942319709264046,71.5346374511718750,0.0000000000000000,0.0000000000000000,0.0000000000000000,1.0000000000000000
-0.9915969153410642,-0.1064966455863796,-0.0734440056433161,96.1169052124023438,-0.0922791135683784,0.1844003457186688,0.9785096206465574,67.6060714721679688,-0.0906648922412678,0.9770644692023575,-0.1926782300551746,71.6258010864257812,0.0000000000000000,0.0000000000000000,0.0000000000000000,1.0000000000000000
-0.9927210870354447,-0.0914192474776012,-0.0784051308639600,95.8920211791992188,-0.0943590328343461,0.1858346377569057,0.9780398050858291,67.6024856567382812,-0.0748412738916994,0.9783189707863122,-0.1931081953773036,71.4667358398437500,0.0000000000000000,0.0000000000000000,0.0000000000000000,1.0000000000000000
-0.9924392067113851,-0.0947220358040142,-0.0780522704040061,96.0663070678710938,-0.0947096203568098,0.1865273660587570,0.9778740356114644,67.5994873046875000,-0.0780673349996398,0.9778728330638528,-0.1940881592517392,71.5507354736328125,0.0000000000000000,0.0000000000000000,0.0000000000000000,1.0000000000000000
-0.9924746975837092,-0.0944218338275328,-0.0779646840099471,96.0696868896484375,-0.0945513779947788,0.1863609482151527,0.9779210775413514,67.6030883789062500,-0.0778075290406628,0.9779335940016557,-0.1938862402224342,71.5516510009765625,0.0000000000000000,0.0000000000000000,0.0000000000000000,1.0000000000000000
-0.9925022768648872,-0.0946305691270003,-0.0773581657274452,95.8611602783203125,-0.0939109868022183,0.1853159567452696,0.9781813342798048,67.5907440185546875,-0.0782301538784658,0.9781119831401134,-0.1928133591374472,71.5480117797851562,0.0000000000000000,0.0000000000000000,0.0000000000000000,1.0000000000000000
-0.9909614574820531,-0.1074754943327881,-0.0802770695962923,95.9709777832031250,-0.0988145637691581,0.1801014564109767,0.9786721347753580,67.6994323730468750,-0.0907252543240090,0.9777589086868850,-0.1890937458280309,71.5469512939453125,0.0000000000000000,0.0000000000000000,0.0000000000000000,1.0000000000000000
-0.9916773484811200,-0.1104455022354411,-0.0661651535584722,96.2606811523437500,-0.0852055243925950,0.1777267074097006,0.9803842288033244,67.5917739868164062,-0.0965197136466843,0.9778624691178550,-0.1856581168931060,71.6762161254882812,0.0000000000000000,0.0000000000000000,0.0000000000000000,1.0000000000000000
-0.9925688023798140,-0.0919650420541589,-0.0796843998677164,95.9851455688476562,-0.0956994306576952,0.1854942100937008,0.9779741903514155,67.6119689941406250,-0.0751584427332972,0.9783324225751138,-0.1929167681260883,71.3914871215820312,0.0000000000000000,0.0000000000000000,0.0000000000000000,1.0000000000000000
-0.9926369455484519,-0.0933597339083749,-0.0771741823202349,96.0831451416015625,-0.0934257826447241,0.1845911183548679,0.9783648308078738,67.6125564575195312,-0.0770942116469207,0.9783711356683907,-0.1919541701070420,71.3965988159179688,0.0000000000000000,0.0000000000000000,0.0000000000000000,1.0000000000000000
-0.9925140854806206,-0.0948475723033576,-0.0769397696300624,96.1005706787109375,-0.0936126208853104,0.1862111895466258,0.9780399123239367,67.5924835205078125,-0.0784376652734568,0.9779209226291206,-0.1936961583270540,71.4119720458984375,0.0000000000000000,0.0000000000000000,0.0000000000000000,1.0000000000000000
-0.9922575451374549,-0.0953446381114648,-0.0795887184290949,96.1619033813476562,-0.0962199405867187,0.1849639548961337,0.9780235469673875,67.6349029541015625,-0.0785282570243365,0.9781092655591066,-0.1927059352384999,71.5239791870117188,0.0000000000000000,0.0000000000000000,0.0000000000000000,1.0000000000000000
-0.9931335285333074,-0.0877784515637273,-0.0773352309368566,96.1116714477539062,-0.0957952560637077,0.2307497750584294,0.9682860167461744,67.2590179443359375,-0.0671495600780172,0.9690456566909315,-0.2375740975564679,71.1820144653320312,0.0000000000000000,0.0000000000000000,0.0000000000000000,1.0000000000000000
-0.9931169406967361,-0.0837890838349343,-0.0818421134334782,96.0181961059570312,-0.0965830690046368,0.1905427042878006,0.9769161625361396,67.6865844726562500,-0.0662604926241990,0.9780965531443172,-0.1973237944202481,71.2222976684570312,0.0000000000000000,0.0000000000000000,0.0000000000000000,1.0000000000000000
-0.9933257556693861,-0.0795074862998599,-0.0835613711359544,96.0699234008789062,-0.0973444680270715,0.1892632717684317,0.9770892837934694,67.7333984375000000,-0.0618708143503023,0.9787021884014495,-0.1957396964078673,71.4108657836914062,0.0000000000000000,0.0000000000000000,0.0000000000000000,1.0000000000000000
-0.9909130054430979,-0.1154463595092689,-0.0690185027350181,96.4377822875976562,-0.0895888928604321,0.1837555385772480,0.9788808570598505,67.5874710083007812,-0.1003256991990043,0.9761690632868069,-0.1924284645315988,71.7389144897460938,0.0000000000000000,0.0000000000000000,0.0000000000000000,1.0000000000000000
-0.9910620099677578,-0.1148587401376236,-0.0678495557293158,96.5247955322265625,-0.0860639111494824,0.1618975011722491,0.9830474059331197,67.8248367309570312,-0.1019269130128137,0.9801003361534875,-0.1703356553264726,71.6756973266601562,0.0000000000000000,0.0000000000000000,0.0000000000000000,1.0000000000000000
-0.9908373740637929,-0.1146669432389573,-0.0713637883425563,96.4763031005859375,-0.0891048125681963,0.1579137470308064,0.9834244154361214,67.8928146362304688,-0.1014969484051321,0.9807725223653670,-0.1666842189216535,71.6571197509765625,0.0000000000000000,0.0000000000000000,0.0000000000000000,1.0000000000000000
-0.9924841133421655,-0.0947347364626753,-0.0774636332143240,96.0647201538085938,-0.0939994070814802,0.1848693600384026,0.9782573440497759,67.6211090087890625,-0.0783542993826506,0.9781864083222270,-0.1923849119393593,71.3265686035156250,0.0000000000000000,0.0000000000000000,0.0000000000000000,1.0000000000000000
-0.9925834718896207,-0.0939662625958320,-0.0771258246329831,96.2377090454101562,-0.0935420917326693,0.1851788389379039,0.9782426461179694,67.6703796386718750,-0.0776397347098985,0.9782019929970400,-0.1925952556289890,71.4326705932617188,0.0000000000000000,0.0000000000000000,0.0000000000000000,1.0000000000000000
-0.9926871929397109,-0.0894766416753551,-0.0810312752459020,96.0199050903320312,-0.0965132538078058,0.1850902481533029,0.9779707520565114,67.6261520385742188,-0.0725074397072954,0.9786396326702944,-0.1923724007077004,71.3439941406250000,0.0000000000000000,0.0000000000000000,0.0000000000000000,1.0000000000000000
-0.9926571592626794,-0.0888823894427586,-0.0820468464445384,96.2009124755859375,-0.0976502171691785,0.1885295692666642,0.9772006122587819,67.7560958862304688,-0.0713876687626102,0.9780370761679089,-0.1958246112968642,71.3571014404296875,0.0000000000000000,0.0000000000000000,0.0000000000000000,1.0000000000000000
-0.9926319650181937,-0.0935463100902096,-0.0770121412027107,96.3911056518554688,-0.0935023894761165,0.1871285545069794,0.9778753536368453,67.8348464965820312,-0.0770654603981351,0.9778711530445280,-0.1944965882913854,71.3646545410156250,0.0000000000000000,0.0000000000000000,0.0000000000000000,1.0000000000000000
-0.9927873461229162,-0.0901502300108939,-0.0790330399719018,96.2890930175781250,-0.0947599191318095,0.1862209380435888,0.9779275637593506,67.7184219360351562,-0.0734427879668946,0.9783632752015731,-0.1934204193783609,71.2068862915039062,0.0000000000000000,0.0000000000000000,0.0000000000000000,1.0000000000000000
-0.9937900146447792,-0.0934932584776865,-0.0603358716813991,96.3363189697265625,-0.0759237177908885,0.1733452845652790,0.9819302426322311,67.5924606323242188,-0.0813449191353663,0.9804133938998422,-0.1793671686587424,71.3751068115234375,0.0000000000000000,0.0000000000000000,0.0000000000000000,1.0000000000000000
-0.9928231342573157,-0.1030790036429452,-0.0606378024952905,96.3059616088867188,-0.0778288054860309,0.1719270748009194,0.9820304262022722,67.6326751708984375,-0.0908014378746159,0.9797018934136938,-0.1787156929917613,71.5270614624023438,0.0000000000000000,0.0000000000000000,0.0000000000000000,1.0000000000000000
-0.9922399417235236,-0.0957215271840335,-0.0793554489751977,96.1480789184570312,-0.0960720652399119,0.1850736931457480,0.9780173241747467,67.6227874755859375,-0.0789307058693700,0.9780516946148348,-0.1928336753059827,71.5075378417968750,0.0000000000000000,0.0000000000000000,0.0000000000000000,1.0000000000000000
-0.9916247967855699,-0.1062398996655443,-0.0734394044027607,96.3282623291015625,-0.0921642391528959,0.1837480582497488,0.9786431444151716,67.6159210205078125,-0.0904766015130153,0.9772152960369082,-0.1920006504420051,71.4926605224609375,0.0000000000000000,0.0000000000000000,0.0000000000000000,1.0000000000000000
-0.9917628850505010,-0.1032062919238752,-0.0758606692801409,96.2392044067382812,-0.0942516978680895,0.1869669889261536,0.9778343226236590,67.6959304809570312,-0.0867352136406514,0.9769297857877052,-0.1951542885911021,71.4036636352539062,0.0000000000000000,0.0000000000000000,0.0000000000000000,1.0000000000000000
-0.9913868112076181,-0.1062409421230651,-0.0765836325881372,96.4368362426757812,-0.0955622844800499,0.1869590985067470,0.9777086198200867,67.7442703247070312,-0.0895546779824777,0.9766059377775399,-0.1955014116294477,71.4491500854492188,0.0000000000000000,0.0000000000000000,0.0000000000000000,1.0000000000000000
-0.9911913615485199,-0.1041776424938748,-0.0817722666679200,96.0544433593750000,-0.1004247808397287,0.1886958505781881,0.9768872705526808,67.7626037597656250,-0.0863397254158448,0.9764941857374227,-0.1974957139689974,71.4321823120117188,0.0000000000000000,0.0000000000000000,0.0000000000000000,1.0000000000000000
-0.9904277749812673,-0.1121318720621928,-0.0804938868081589,96.2176818847656250,-0.0996530325522013,0.1773687014432044,0.9790861130929707,67.7570877075195312,-0.0955096625939312,0.9777355404280748,-0.1868451694184625,71.4943161010742188,0.0000000000000000,0.0000000000000000,0.0000000000000000,1.0000000000000000
-0.9913625112086254,-0.1084729459646916,-0.0737156113986026,96.1108093261718750,-0.0931865089349279,0.1870895972638316,0.9779129599039877,67.5716934204101562,-0.0922856756092152,0.9763355481541163,-0.1955818281128192,71.4546203613281250,0.0000000000000000,0.0000000000000000,0.0000000000000000,1.0000000000000000
-0.9920010845408699,-0.1000518639160018,-0.0769641007007263,96.1801223754882812,-0.0944724016726649,0.1840862158431477,0.9783594587158384,67.6269531250000000,-0.0837186573706026,0.9778046275527049,-0.1920658656413985,71.4308319091796875,0.0000000000000000,0.0000000000000000,0.0000000000000000,1.0000000000000000
-0.9921155025762132,-0.0981546422386528,-0.0779262199452194,96.1626281738281250,-0.0951058756975704,0.1847095325870254,0.9781805870999900,67.6299285888671875,-0.0816192499092397,0.9778793661686931,-0.1925882739570828,71.4027938842773438,0.0000000000000000,0.0000000000000000,0.0000000000000000,1.0000000000000000
-0.9912143236637563,-0.1080828289005095,-0.0762382230948864,96.3853225708007812,-0.0952043735229371,0.1828962882753890,0.9785116631891472,67.7158126831054688,-0.0918166206408598,0.9771729886933781,-0.1915793786975609,71.6066360473632812,0.0000000000000000,0.0000000000000000,0.0000000000000000,1.0000000000000000
-0.9921503043162718,-0.0999564002103975,-0.0751431414176163,96.2334976196289062,-0.0925736787387585,0.1831051626341755,0.9787249937656058,67.6417007446289062,-0.0840707300426382,0.9779985774395027,-0.1909211745103377,71.3968887329101562,0.0000000000000000,0.0000000000000000,0.0000000000000000,1.0000000000000000
-0.9922090580925362,-0.0982586838512886,-0.0765925328405773,96.1494293212890625,-0.0939560265331953,0.1864397433977758,0.9779634385598804,67.6086883544921875,-0.0818135081585914,0.9775405122702506,-0.1942191976947698,71.3349533081054688,0.0000000000000000,0.0000000000000000,0.0000000000000000,1.0000000000000000
-0.9924960887257058,-0.0958658273875965,-0.0759029446297584,96.1291580200195312,-0.0927923123528413,0.1862440437604655,0.9781118253717018,67.6004791259765625,-0.0796310280756776,0.9778153707643591,-0.1937420967796346,71.2699890136718750,0.0000000000000000,0.0000000000000000,0.0000000000000000,1.0000000000000000
-0.9923624029302056,-0.0975256686680716,-0.0755354565845359,96.2228698730468750,-0.0928152704304159,0.1869761884911234,0.9779699537880808,67.5910873413085938,-0.0812538419123524,0.9775114571646603,-0.1946000110131164,71.3702468872070312,0.0000000000000000,0.0000000000000000,0.0000000000000000,1.0000000000000000
-0.9925572008068316,-0.0947828094450129,-0.0764619000562842,96.0479507446289062,-0.0932009410432840,0.1871071842959104,0.9779082197085280,67.5823822021484375,-0.0783823176178986,0.9777561662390919,-0.1945484301305982,71.2837295532226562,0.0000000000000000,0.0000000000000000,0.0000000000000000,1.0000000000000000
-0.9922901631236525,-0.0950363730328959,-0.0795507383296210,96.0695648193359375,-0.0961310764039338,0.1850693170474757,0.9780123537241244,67.6463546752929688,-0.0782243460660210,0.9781193361182130,-0.1927784116394006,71.2669906616210938,0.0000000000000000,0.0000000000000000,0.0000000000000000,1.0000000000000000
-0.9923915634730404,-0.0960605941327700,-0.0770152387673625,96.1975021362304688,-0.0940189076670225,0.1873794537615040,0.9777777791037903,67.5865097045898438,-0.0794948410189902,0.9775793075566299,-0.1949853012113114,71.3432617187500000,0.0000000000000000,0.0000000000000000,0.0000000000000000,1.0000000000000000
-0.9927753065954392,-0.0901814818306936,-0.0791485372521303,96.1389923095703125,-0.0949047120307935,0.1865531756264409,0.9778501972684992,67.6153717041015625,-0.0734185688275368,0.9782970985332168,-0.1937640336925449,71.1398162841796875,0.0000000000000000,0.0000000000000000,0.0000000000000000,1.0000000000000000
-0.9927152514205555,-0.0912054056622409,-0.0787274004080508,96.1072082519531250,-0.0946220481909958,0.1856654124779540,0.9780465339673425,67.6004028320312500,-0.0745861756169623,0.9783710587437556,-0.1929429289180050,71.1691207885742188,0.0000000000000000,0.0000000000000000,0.0000000000000000,1.0000000000000000
-0.9922465198139359,-0.0959277336275219,-0.0790235018093994,96.1737060546875000,-0.0958057137815009,0.1853301997096825,0.9779948784540675,67.6366806030273438,-0.0791713908173280,0.9779829175382648,-0.1930836706699805,71.2106475830078125,0.0000000000000000,0.0000000000000000,0.0000000000000000,1.0000000000000000
-0.9923832930990377,-0.0960392366277788,-0.0771483286005799,96.1898727416992188,-0.0939487930402513,0.1849578278910529,0.9782454836022009,67.6316146850585938,-0.0796807621963393,0.9780424668335099,-0.1925718286926550,71.2245559692382812,0.0000000000000000,0.0000000000000000,0.0000000000000000,1.0000000000000000
-0.9928424344125120,-0.0912082287540831,-0.0771035630653982,96.1514205932617188,-0.0931116932307151,0.1868281327553778,0.9779700718298329,67.5950775146484375,-0.0747938033098076,0.9781494302092509,-0.1939834507574603,71.3023147583007812,0.0000000000000000,0.0000000000000000,0.0000000000000000,1.0000000000000000
-0.9921880556654015,-0.0980616858302858,-0.0771152900988687,96.3168334960937500,-0.0943768902657041,0.1857707974074382,0.9780502100681642,67.6270370483398438,-0.0815834834919766,0.9776876375421379,-0.1935743232419722,71.3190002441406250,0.0000000000000000,0.0000000000000000,0.0000000000000000,1.0000000000000000
-0.9926196279698603,-0.0935447013341440,-0.0771729422873214,96.1348419189453125,-0.0934294865840728,0.1842006870034848,0.9784380603513340,67.6349792480468750,-0.0773123871421198,0.9784270518335794,-0.1915810508235012,71.3130645751953125,0.0000000000000000,0.0000000000000000,0.0000000000000000,1.0000000000000000
-0.9914859613354253,-0.1078416476513423,-0.0729778562758014,96.2694244384765625,-0.0921332250338573,0.1849555243920523,0.9784185826330782,67.6058959960937500,-0.0920166143673435,0.9768119742451487,-0.1933166046972347,71.4527587890625000,0.0000000000000000,0.0000000000000000,0.0000000000000000,1.0000000000000000
-0.9918604680789384,-0.1028068390665248,-0.0751236693950656,96.0656509399414062,-0.0934051999911654,0.1865016633321404,0.9780043957922456,67.5936508178710938,-0.0865348512267737,0.9770608391576724,-0.1945863204535856,71.2699966430664062,0.0000000000000000,0.0000000000000000,0.0000000000000000,1.0000000000000000
-0.9912956216241563,-0.1076425502706402,-0.0758028490230437,96.2725143432617188,-0.0949974411162480,0.1861919937593830,0.9779100304431236,67.6133422851562500,-0.0911508460198952,0.9765990082071242,-0.1947970750260865,71.2859420776367188,0.0000000000000000,0.0000000000000000,0.0000000000000000,1.0000000000000000
-0.9925642214401686,-0.0936760062981613,-0.0777243344191409,96.2579650878906250,-0.0942699738598033,0.1876434652220064,0.9777029722712053,67.8306808471679688,-0.0770028463457268,0.9777600604460712,-0.1950790246314346,71.2860641479492188,0.0000000000000000,0.0000000000000000,0.0000000000000000,1.0000000000000000
-0.9927673056511046,-0.0902806751051990,-0.0791358106851533,96.1580657958984375,-0.0949138190106514,0.1865836562121080,0.9778434978028618,67.6161499023437500,-0.0735149222339264,0.9782821366748304,-0.1938030373133206,71.2793731689453125,0.0000000000000000,0.0000000000000000,0.0000000000000000,1.0000000000000000
-0.9916906552887507,-0.1008216748776612,-0.0799039053352923,96.3018188476562500,-0.0975482065791974,0.1844027019335946,0.9779979503622551,67.8164291381835938,-0.0838688953435682,0.9776659109299317,-0.1927054098861694,71.3700027465820312,0.0000000000000000,0.0000000000000000,0.0000000000000000,1.0000000000000000
-0.9906462436124033,-0.1149754497495667,-0.0734892235060344,96.4973220825195312,-0.0941551618880516,0.1861436140060067,0.9780006955286982,67.7556076049804688,-0.0987665201698928,0.9757721050120606,-0.1952280040718096,71.4649200439453125,0.0000000000000000,0.0000000000000000,0.0000000000000000,1.0000000000000000
-0.9927633727748389,-0.0898704145890424,-0.0796504504589907,96.2362899780273438,-0.0953411496927708,0.1865901783049776,0.9778006803717091,67.6185913085937500,-0.0730133607772383,0.9783186668676573,-0.1938082433909934,71.2134857177734375,0.0000000000000000,0.0000000000000000,0.0000000000000000,1.0000000000000000
-0.9927525200234737,-0.0898779240763943,-0.0797771442880758,96.1885986328125000,-0.0954991372067254,0.1870156459525719,0.9777039751180894,67.7663803100585938,-0.0729544294735665,0.9782367335837785,-0.1942435180064607,71.2500762939453125,0.0000000000000000,0.0000000000000000,0.0000000000000000,1.0000000000000000
-0.9928817513711037,-0.0886056090473426,-0.0795919206929922,96.0826568603515625,-0.0951206228739418,0.1877330321111611,0.9776033836676420,67.7520217895507812,-0.0716791106133679,0.9782153927942961,-0.1948249224354455,71.2935638427734375,0.0000000000000000,0.0000000000000000,0.0000000000000000,1.0000000000000000
-0.9926476910569839,-0.0930605520783431,-0.0773969966220450,96.1357040405273438,-0.0935692136238375,0.1843575666688397,0.9783951603895846,67.6238479614257812,-0.0767812718119172,0.9784436730128201,-0.1917097155600783,71.3380279541015625,0.0000000000000000,0.0000000000000000,0.0000000000000000,1.0000000000000000
-0.9926642569223607,-0.0932316164573634,-0.0769775208845064,96.1441726684570312,-0.0930883160337150,0.1830821728269069,0.9786804807550755,67.6482086181640625,-0.0771507514337012,0.9786668399847447,-0.1904179032220699,71.2174377441406250,0.0000000000000000,0.0000000000000000,0.0000000000000000,1.0000000000000000
-0.9926868881157053,-0.0936199606742016,-0.0762105315984476,96.1550598144531250,-0.0926602792115284,0.1862833332522314,0.9781168603029393,67.6062850952148438,-0.0773745101412514,0.9780254714044002,-0.1935958740898223,71.2030944824218750,0.0000000000000000,0.0000000000000000,0.0000000000000000,1.0000000000000000
-0.9918259336280384,-0.1029792177251565,-0.0753432020794551,96.3569030761718750,-0.0937369258827541,0.1874198412998676,0.9777971117840263,67.7127227783203125,-0.0865719706886811,0.9768669734430820,-0.1955408143770268,71.3715896606445312,0.0000000000000000,0.0000000000000000,0.0000000000000000,1.0000000000000000
-0.9923947214592139,-0.0935268926564568,-0.0800339750975584,96.3631515502929688,-0.0962940679411325,0.1848120677184431,0.9780449642552138,67.6495285034179688,-0.0766822619595793,0.9783134569122829,-0.1924126054215296,71.3179244995117188,0.0000000000000000,0.0000000000000000,0.0000000000000000,1.0000000000000000
-0.9928886843109663,-0.0879138019004305,-0.0802696954189435,96.0651931762695312,-0.0955706803802627,0.1866071353428837,0.9777750365451023,67.6069564819335938,-0.0709810229490375,0.9784931989924787,-0.1936820949560740,71.2804336547851562,0.0000000000000000,0.0000000000000000,0.0000000000000000,1.0000000000000000
-0.9918367677813407,-0.1000447114575646,-0.0790625182146137,96.1878128051757812,-0.0964132403705947,0.1825931942162964,0.9784499029112999,67.6633453369140625,-0.0834524604688527,0.9780852627124399,-0.1907482783839270,71.2877655029296875,0.0000000000000000,0.0000000000000000,0.0000000000000000,1.0000000000000000
-0.9922711372660845,-0.0973887250925971,-0.0768988060603668,96.3259201049804688,-0.0942408046324634,0.1882931344788101,0.9775808745318061,67.7047500610351562,-0.0807258378147741,0.9772722914996533,-0.1960158345035408,71.2975692749023438,0.0000000000000000,0.0000000000000000,0.0000000000000000,1.0000000000000000
-0.9921325813792434,-0.0974536932301621,-0.0785857407012267,96.1035614013671875,-0.0956040368652830,0.1845161709541584,0.9781685186058062,67.6180648803710938,-0.0808257947738256,0.9779859714393747,-0.1923814714751973,71.3129577636718750,0.0000000000000000,0.0000000000000000,0.0000000000000000,1.0000000000000000
-0.9921326407908753,-0.0974911930799420,-0.0785384641381117,96.1622314453125000,-0.0956213764533771,0.1852018179339595,0.9780372380431730,67.6266784667968750,-0.0808045508773207,0.9778526238170077,-0.1930670107804762,71.3751373291015625,0.0000000000000000,0.0000000000000000,0.0000000000000000,1.0000000000000000
-0.9921022414125321,-0.0978686455993897,-0.0784529846007826,96.2066192626953125,-0.0955584468237006,0.1845741036574789,0.9781620435795292,67.6391601562500000,-0.0812510050699162,0.9779336012570483,-0.1924685577115108,71.2403564453125000,0.0000000000000000,0.0000000000000000,0.0000000000000000,1.0000000000000000
-0.9927294375769828,-0.0912475641778115,-0.0784993363010376,96.2907257080078125,-0.0945471013264482,0.1875220239411408,0.9776995122059665,67.6020507812500000,-0.0744923445654220,0.9780129715748328,-0.1947858260564974,71.2180480957031250,0.0000000000000000,0.0000000000000000,0.0000000000000000,1.0000000000000000
-0.9922205676186499,-0.0959169376357239,-0.0793617431078070,96.1998062133789062,-0.0961051300141378,0.1849362839940565,0.9780400681196223,67.6501541137695312,-0.0791337423574202,0.9780585421829588,-0.1927156944399057,71.2089614868164062,0.0000000000000000,0.0000000000000000,0.0000000000000000,1.0000000000000000
-0.9919332393566468,-0.1005157865104898,-0.0772335763875217,96.1746292114257812,-0.0950484144849391,0.1866505512287123,0.9778176571477512,67.5500564575195312,-0.0838704212659549,0.9772707651353311,-0.1946987520465290,71.3226242065429688,0.0000000000000000,0.0000000000000000,0.0000000000000000,1.0000000000000000
-0.9923590967639310,-0.0953903488791521,-0.0782566572924571,96.0992202758789062,-0.0950278783024367,0.1863550274528701,0.9778760177488646,67.6262283325195312,-0.0786964129755144,0.9778407258259157,-0.1939958491850628,71.2548904418945312,0.0000000000000000,0.0000000000000000,0.0000000000000000,1.0000000000000000
-0.9920942466891373,-0.0982473463765243,-0.0780798605037441,96.2344360351562500,-0.0953379520450144,0.1854591529494049,0.9780161437763447,67.6296386718750000,-0.0816068660479950,0.9777281634059952,-0.1933596594343404,71.2238693237304688,0.0000000000000000,0.0000000000000000,0.0000000000000000,1.0000000000000000
-0.9924604724654613,-0.0925316023280001,-0.0803748291708684,96.1447525024414062,-0.0966646382924792,0.1877597945695664,0.9774467797517051,67.7334365844726562,-0.0753535553070828,0.9778466966318428,-0.1952887082981895,71.1709823608398438,0.0000000000000000,0.0000000000000000,0.0000000000000000,1.0000000000000000
-0.9924234496497965,-0.0939317340212147,-0.0791992798513115,96.0678176879882812,-0.0957131589639023,0.1868822023284005,0.9777085627394483,67.7237243652343750,-0.0770369248240695,0.9778813178482625,-0.1944567829030299,71.2550811767578125,0.0000000000000000,0.0000000000000000,0.0000000000000000,1.0000000000000000
-0.9927773518889134,-0.0882647363045645,-0.0812555592038012,95.9868469238281250,-0.0966834915042964,0.1876191264880162,0.9774719258610001,67.5816726684570312,-0.0710312047411236,0.9782680612699974,-0.1947977624411151,71.0287170410156250,0.0000000000000000,0.0000000000000000,0.0000000000000000,1.0000000000000000
-0.9928801344323837,-0.0870953229457387,-0.0812615737634305,96.0673217773437500,-0.0963112747616658,0.1855365161285574,0.9779060995497780,67.6316833496093750,-0.0700940582597049,0.9787699453415267,-0.1926037826545213,71.1153335571289062,0.0000000000000000,0.0000000000000000,0.0000000000000000,1.0000000000000000
-0.9923625717922886,-0.0957477504402584,-0.0777746384846959,96.2115859985351562,-0.0948601892532813,0.1892930383500985,0.9773278314501331,67.6815109252929688,-0.0788547436786577,0.9772412772277983,-0.1969299760868189,71.3356094360351562,0.0000000000000000,0.0000000000000000,0.0000000000000000,1.0000000000000000
-0.9920293879922338,-0.1004863887266217,-0.0760274887158358,96.1634750366210938,-0.0938883662777497,0.1870535044230532,0.9778527297915315,67.5781021118164062,-0.0840396813264388,0.9771967417893579,-0.1949970763852975,71.4488601684570312,0.0000000000000000,0.0000000000000000,0.0000000000000000,1.0000000000000000
-0.9914567354874441,-0.1049180985610469,-0.0774966725151094,96.1086502075195312,-0.0960695250145346,0.1854958099324588,0.9779376006990337,67.5553283691406250,-0.0882280455414341,0.9770278896182216,-0.1939905020564230,71.3267135620117188,0.0000000000000000,0.0000000000000000,0.0000000000000000,1.0000000000000000
-0.9924712942240546,-0.0930895908457550,-0.0795930789541415,96.0769271850585938,-0.0958951780704917,0.1863559814721122,0.9777911653274408,67.5719985961914062,-0.0761895331660391,0.9780622558128576,-0.1938798050086840,71.3053436279296875,0.0000000000000000,0.0000000000000000,0.0000000000000000,1.0000000000000000
-0.9921343383585947,-0.0971460397101782,-0.0789436610398971,95.9873580932617188,-0.0959628962109849,0.1853145034958817,0.9779824422477505,67.7087631225585938,-0.0803777158207013,0.9778656256166812,-0.1931792976401541,71.2094802856445312,0.0000000000000000,0.0000000000000000,0.0000000000000000,1.0000000000000000
-0.9924032326914258,-0.0949214856567532,-0.0782670767585097,96.2009353637695312,-0.0950782468989648,0.1880031804969384,0.9775555897695307,67.6745605468750000,-0.0780765695341896,0.9775708238709615,-0.1955999325307206,71.3341369628906250,0.0000000000000000,0.0000000000000000,0.0000000000000000,1.0000000000000000
-0.9920877634393195,-0.0979578491720469,-0.0785247057909551,96.0636749267578125,-0.0957159841799742,0.1854103559532346,0.9779884714441955,67.5572662353515625,-0.0812423535259073,0.9777664648017346,-0.1933194772977885,71.1531982421875000,0.0000000000000000,0.0000000000000000,0.0000000000000000,1.0000000000000000
-0.9923650643552133,-0.0951396239967533,-0.0784858649250288,96.0820693969726562,-0.0952226155123149,0.1865781888868442,0.9778145186724826,67.5531616210937500,-0.0783851551141369,0.9778225970887877,-0.1942131202578012,71.2625122070312500,0.0000000000000000,0.0000000000000000,0.0000000000000000,1.0000000000000000
-0.9920595127731126,-0.1001195750918096,-0.0761182882086134,95.9716720581054688,-0.0939967793299752,0.1881176188882299,0.9776381574690169,67.5410156250000000,-0.0835615257876852,0.9770301081068373,-0.1960347909448112,71.2379379272460938,0.0000000000000000,0.0000000000000000,0.0000000000000000,1.0000000000000000
-0.9929744601230406,-0.0841943544657085,-0.0831446463667949,95.9925537109375000,-0.0978288192996007,0.1888359931947180,0.9771235795888924,67.7226715087890625,-0.0665675871412119,0.9783927015009194,-0.1957459526833955,71.2379913330078125,0.0000000000000000,0.0000000000000000,0.0000000000000000,1.0000000000000000
-0.9932500566139267,-0.0793920443671327,-0.0845649355681110,95.9601821899414062,-0.0984144788793335,0.1909437689508529,0.9766550401476216,67.7316360473632812,-0.0613914927603226,0.9783850879843020,-0.1974682359940674,71.1576614379882812,0.0000000000000000,0.0000000000000000,0.0000000000000000,1.0000000000000000
-0.9932710323944083,-0.0787626038317828,-0.0849064687982253,96.0013351440429688,-0.0985637430632264,0.1899507942134886,0.9768336011476220,67.7464218139648438,-0.0608099067546782,0.9786292188644802,-0.1964357585196362,71.1480712890625000,0.0000000000000000,0.0000000000000000,0.0000000000000000,1.0000000000000000
-0.9932490251617089,-0.0795887403033197,-0.0843919808527195,95.8605117797851562,-0.0983067304295787,0.1913135133273212,0.9765935318087063,67.7245178222656250,-0.0615805226314392,0.9782968731603343,-0.1978460694508516,71.0837631225585938,0.0000000000000000,0.0000000000000000,0.0000000000000000,1.0000000000000000
-0.9927906231414861,-0.0854916756071944,-0.0840116182692263,96.0070800781250000,-0.0988994973626582,0.1882861898606689,0.9771218962489612,67.6929016113281250,-0.0677175606748613,0.9783861630816466,-0.1953838475069526,71.2504959106445312,0.0000000000000000,0.0000000000000000,0.0000000000000000,1.0000000000000000
-0.9923634898165375,-0.0951943655222817,-0.0784393832966127,96.0644531250000000,-0.0952592713288208,0.1874728499516514,0.9776398118718916,67.7385787963867188,-0.0783605468654016,0.9776461339890912,-0.1951093575181349,71.4118881225585938,0.0000000000000000,0.0000000000000000,0.0000000000000000,1.0000000000000000
-0.9935851715041691,-0.0774025968724338,-0.0824460124228856,96.0447463989257812,-0.0974326707878286,0.2158435320692325,0.9715546532887529,67.4428253173828125,-0.0574054146416671,0.9733552319997472,-0.2220004745682688,71.0796661376953125,0.0000000000000000,0.0000000000000000,0.0000000000000000,1.0000000000000000
-0.9936496950841095,-0.0897630494860898,-0.0678445164048948,96.0868606567382812,-0.0857082222561947,0.2131644663947140,0.9732497166217617,67.3255386352539062,-0.0728998223381852,0.9728841170528044,-0.2195042384316220,71.2201614379882812,0.0000000000000000,0.0000000000000000,0.0000000000000000,1.0000000000000000
-0.9928290092300093,-0.0977650463207276,-0.0687935618300428,96.1534805297851562,-0.0892340742930060,0.2231573716786679,0.9706894804470373,67.1160430908203125,-0.0795477115725414,0.9698674049494471,-0.2302810856327478,71.2014999389648438,0.0000000000000000,0.0000000000000000,0.0000000000000000,1.0000000000000000
-0.9940104538765021,-0.0833445514937272,-0.0706887778967758,95.9909439086914062,-0.0875875349174087,0.2207242580184685,0.9713955042356786,67.1328659057617188,-0.0653577945720475,0.9717687418612033,-0.2267021637086246,71.2076339721679688,0.0000000000000000,0.0000000000000000,0.0000000000000000,1.0000000000000000
-0.9938706556956503,-0.0831016398961392,-0.0729056732612094,96.1321716308593750,-0.0899408865983398,0.2243769890739485,0.9703430340307564,67.3455810546875000,-0.0642787419369918,0.9709526683730167,-0.2304759404239757,71.1259841918945312,0.0000000000000000,0.0000000000000000,0.0000000000000000,1.0000000000000000
-0.9938785435670989,-0.0831510796720200,-0.0727415877357633,96.0536804199218750,-0.0897889623181553,0.2243290157962698,0.9703681955411081,67.3505249023437500,-0.0643691143544111,0.9709595205883995,-0.2304218446588222,71.0466003417968750,0.0000000000000000,0.0000000000000000,0.0000000000000000,1.0000000000000000
-0.9938956662485827,-0.0814466506296720,-0.0744167166266671,95.9996185302734375,-0.0910144223773745,0.2240935993167882,0.9703084219280793,67.1320877075195312,-0.0623520611655973,0.9711583299578164,-0.2301384770566335,71.0249710083007812,0.0000000000000000,0.0000000000000000,0.0000000000000000,1.0000000000000000
-0.9938627793751466,-0.0833659319006825,-0.0727110526057758,96.1422653198242188,-0.0898091523868871,0.2243323106193254,0.9703655654235384,67.3605194091796875,-0.0645839912072490,0.9709403358654565,-0.2304425574177146,71.0473403930664062,0.0000000000000000,0.0000000000000000,0.0000000000000000,1.0000000000000000
-0.9942526456865232,-0.0761410322915066,-0.0752610108019639,95.9919586181640625,-0.0906538266136345,0.2247943457874865,0.9701800790689743,67.3596725463867188,-0.0569522630424349,0.9714268090306957,-0.2304048489741170,70.9464416503906250,0.0000000000000000,0.0000000000000000,0.0000000000000000,1.0000000000000000
-0.9931823901604210,-0.0951219297523367,-0.0673836653457292,96.2522201538085938,-0.0871733907751714,0.2222873011175542,0.9710762872723404,67.3591537475585938,-0.0773921172729689,0.9703299306122972,-0.2290639341798305,71.3079299926757812,0.0000000000000000,0.0000000000000000,0.0000000000000000,1.0000000000000000
-0.9931844715514970,-0.0953439365389773,-0.0670383415235291,96.2725067138671875,-0.0868918489995961,0.2223479717814397,0.9710876304546936,67.3565444946289062,-0.0776814781425100,0.9702942405321862,-0.2291171637910682,71.3051528930664062,0.0000000000000000,0.0000000000000000,0.0000000000000000,1.0000000000000000
-0.9927386880986037,-0.0986934605334256,-0.0687713457786111,96.2291793823242188,-0.0890636492425338,0.2187750057491048,0.9717021988464789,67.3771514892578125,-0.0808552010440085,0.9707713931237449,-0.2259764119476115,71.2352752685546875,0.0000000000000000,0.0000000000000000,0.0000000000000000,1.0000000000000000
-0.9935608577005973,-0.0904814578451548,-0.0681903793175315,96.0257873535156250,-0.0867269448248717,0.2200837191976312,0.9716180286437061,67.1448898315429688,-0.0729058234066184,0.9712755851612629,-0.2265137492141465,71.1393280029296875,0.0000000000000000,0.0000000000000000,0.0000000000000000,1.0000000000000000
-0.9927696597607117,-0.0966850979776421,-0.0711364497824720,96.1480789184570312,-0.0908278625578586,0.2176231937684140,0.9717975328828563,67.2138977050781250,-0.0784773982862019,0.9712322777601090,-0.2248314048240142,71.0843429565429688,0.0000000000000000,0.0000000000000000,0.0000000000000000,1.0000000000000000
-0.9926364874516940,-0.0993923710200908,-0.0692384312543804,96.2414093017578125,-0.0898809049692538,0.2211709857553678,0.9710843516306434,67.1559448242187500,-0.0812048440763906,0.9701569726817428,-0.2284758666807625,71.1880035400390625,0.0000000000000000,0.0000000000000000,0.0000000000000000,1.0000000000000000
-0.9939331358268532,-0.0844089778348201,-0.0705127361990669,95.9970474243164062,-0.0876631500984794,0.2207963027010899,0.9713723100996547,67.1534957885742188,-0.0664235923464685,0.9716604948099976,-0.2268563184162624,70.9524154663085938,0.0000000000000000,0.0000000000000000,0.0000000000000000,1.0000000000000000
-0.9936865111273770,-0.0886595039711896,-0.0687503451561111,96.2156066894531250,-0.0869640375617060,0.2215195078206521,0.9712704895269199,67.3877868652343750,-0.0708828172018295,0.9711171916975206,-0.2278311353065102,71.0231475830078125,0.0000000000000000,0.0000000000000000,0.0000000000000000,1.0000000000000000
-0.9935337372279980,-0.0876048770563090,-0.0722225623037302,95.9434661865234375,-0.0902868094444187,0.2239276566591926,0.9704147034250203,67.1009826660156250,-0.0688404316525866,0.9706604916751644,-0.2303892464305003,71.0835952758789062,0.0000000000000000,0.0000000000000000,0.0000000000000000,1.0000000000000000
-0.9936520409653120,-0.0896448995978950,-0.0679662670856177,96.0792846679687500,-0.0863778818153314,0.2209030645340061,0.9714631735750878,67.2450180053710938,-0.0720727619740415,0.9711671473312756,-0.2272441174725214,71.1385040283203125,0.0000000000000000,0.0000000000000000,0.0000000000000000,1.0000000000000000
-0.9937154863529556,-0.0876682000184324,-0.0695975494384494,96.2128677368164062,-0.0876330190650284,0.2224700712724294,0.9709930593766305,67.3676681518554688,-0.0696418419619818,0.9709898836206114,-0.2287545841170708,71.1178359985351562,0.0000000000000000,0.0000000000000000,0.0000000000000000,1.0000000000000000
