-0.8375374548754393,0.2704728330293882,0.4747372518286607,93.8198699951171875,0.5221067873732395,0.6522857775311337,0.5494795419389147,69.9785079956054688,-0.1610450690321429,0.7080732384603030,-0.6875294718895848,60.8180274963378906,0.0000000000000000,0.0000000000000000,0.0000000000000000,1.0000000000000000,
-0.8370711639568686,0.2714163121308497,0.4750211068796653,93.7922821044921875,0.5227139442183349,0.6530760553137160,0.5479614936248601,69.9356765747070312,-0.1614992228823552,0.7069829216361349,-0.6885442248129237,60.8399810791015625,0.0000000000000000,0.0000000000000000,0.0000000000000000,1.0000000000000000,
-0.8372622975761312,0.2708975448830355,0.4749803840516805,93.8011093139648438,0.5223325944550482,0.6531809611557736,0.5482000481151731,69.9466400146484375,-0.1617420966458527,0.7070849681332250,-0.6883824097205274,60.8511657714843750,0.0000000000000000,0.0000000000000000,0.0000000000000000,1.0000000000000000,
-0.8372607370877493,0.2708997968177279,0.4749818504062996,93.7871627807617188,0.5223226379946704,0.6532349515180370,0.5481451996994195,69.9653701782226562,-0.1617823227969211,0.7070342270352558,-0.6884250735055276,60.8338203430175781,0.0000000000000000,0.0000000000000000,0.0000000000000000,1.0000000000000000,
-0.8319408888625075,0.2823773321333967,0.4776373098239778,93.6340942382812500,0.5319863990878542,0.6505626452219087,0.5419951252801187,69.8956222534179688,-0.1576858542298572,0.7050044588079556,-0.6914505654323394,60.7533187866210938,0.0000000000000000,0.0000000000000000,0.0000000000000000,1.0000000000000000,
-0.8290858096388729,0.2814602517528443,0.4831116298938372,93.7225036621093750,0.5347076205642760,0.6516742002832853,0.5379670038168055,69.7369003295898438,-0.1634150567296193,0.7043442790059179,-0.6907927734608181,60.9380493164062500,0.0000000000000000,0.0000000000000000,0.0000000000000000,1.0000000000000000,
-0.8312914861668274,0.2850570715039558,0.4771759958465385,93.5627136230468750,0.5352825978611286,0.6418541911195592,0.5490862753423156,69.9638595581054688,-0.1497564871836549,0.7118747525568279,-0.6861540142115085,60.7083244323730469,0.0000000000000000,0.0000000000000000,0.0000000000000000,1.0000000000000000,
-0.8320306970961010,0.2856304717174326,0.4755419568410905,93.5208663940429688,0.5343794734629100,0.6427589203506577,0.5489075957309755,69.9566650390625000,-0.1488740992626981,0.7108278300236519,-0.6874302136454191,60.6642150878906250,0.0000000000000000,0.0000000000000000,0.0000000000000000,1.0000000000000000,
-0.8319777975278732,0.2862132741829769,0.4752840267693937,93.6009063720703125,0.5343689709493351,0.6437718980180374,0.5477294461764886,70.0732040405273438,-0.1492070618543868,0.7096757745644935,-0.6885474186205823,60.6038398742675781,0.0000000000000000,0.0000000000000000,0.0000000000000000,1.0000000000000000,
-0.8320347293761122,0.2860409100489499,0.4752881303908070,93.5748825073242188,0.5342046167546344,0.6440425127024451,0.5475716110884086,69.9509429931640625,-0.1494778798018446,0.7094997107894332,-0.6886701124919362,60.6353302001953125,0.0000000000000000,0.0000000000000000,0.0000000000000000,1.0000000000000000,
-0.8322417040763099,0.2860758088165694,0.4749045984259427,93.5558624267578125,0.5342276461458523,0.6428336309285948,0.5489678907191397,70.0279388427734375,-0.1482382139990311,0.7105811386162068,-0.6878225624049218,60.6813774108886719,0.0000000000000000,0.0000000000000000,0.0000000000000000,1.0000000000000000,
-0.8372184502825313,0.2722523567384592,0.4742825326288868,93.6141738891601562,0.5236083073684730,0.6493179009150007,0.5515619675123187,70.0123291015625000,-0.1577960929847089,0.7101161297996914,-0.6861745224336656,60.7378883361816406,0.0000000000000000,0.0000000000000000,0.0000000000000000,1.0000000000000000,
-0.8370834383835579,0.2722464039374631,0.4745241961450234,93.6211471557617188,0.5236342803515827,0.6498986576554300,0.5508528616775540,70.0009002685546875,-0.1584249274092979,0.7095869434542815,-0.6865769527551657,60.7585487365722656,0.0000000000000000,0.0000000000000000,0.0000000000000000,1.0000000000000000,
-0.8372744982390283,0.2715347233305642,0.4745948889572842,93.6452255249023438,0.5231589594429621,0.6502060372318134,0.5509417503709977,70.1304779052734375,-0.1589846462811424,0.7095780458646502,-0.6864567568855042,60.7561264038085938,0.0000000000000000,0.0000000000000000,0.0000000000000000,1.0000000000000000,
-0.8364347357888058,0.2710429677241426,0.4763534847287260,93.6038894653320312,0.5238612534975409,0.6508316490028466,0.5495339404806774,70.0375900268554688,-0.1610786138812241,0.7091924099308486,-0.6863671072003515,60.8583717346191406,0.0000000000000000,0.0000000000000000,0.0000000000000000,1.0000000000000000,
-0.8321373876908975,0.2856199687002394,0.4753615481784823,93.5145492553710938,0.5342864894758478,0.6426023548590051,0.5491813550123823,69.9776840209960938,-0.1486112888395235,0.7109735909366366,-0.6873363352974438,60.6446990966796875,0.0000000000000000,0.0000000000000000,0.0000000000000000,1.0000000000000000,
-0.8320509070059839,0.2860614197000120,0.4752474642854327,93.5675048828125000,0.5344472289129957,0.6428210789984328,0.5487688219118420,69.9649505615234375,-0.1485174995000264,0.7105982863436305,-0.6877445948807998,60.6869316101074219,0.0000000000000000,0.0000000000000000,0.0000000000000000,1.0000000000000000,
-0.8321944400238463,0.2860517849263803,0.4750018845581863,93.5599594116210938,0.5343015246069757,0.6427135997650132,0.5490365283656086,70.0826034545898438,-0.1482372921907917,0.7106993773864798,-0.6877005890548674,60.6931610107421875,0.0000000000000000,0.0000000000000000,0.0000000000000000,1.0000000000000000,
-0.8351791402135209,0.2669951204431053,0.4808215983208072,93.8008804321289062,0.5272800793867101,0.6372857414661478,0.5619987558757469,70.2747192382812500,-0.1563698232848937,0.7228972882668149,-0.6730289659311381,60.9473838806152344,0.0000000000000000,0.0000000000000000,0.0000000000000000,1.0000000000000000,
-0.8344384442137223,0.2664279251005914,0.4824195720996158,93.8290710449218750,0.5280231882636700,0.6371800475007989,0.5614206085661165,70.2660751342773438,-0.1578099980167667,0.7231996597022660,-0.6723676499746808,60.9530830383300781,0.0000000000000000,0.0000000000000000,0.0000000000000000,1.0000000000000000,
-0.8359962289616016,0.2695424500285788,0.4779719372458731,93.8335647583007812,0.5254445768221444,0.6442937372503407,0.5556919801726372,70.1543502807617188,-0.1581717479519637,0.7157041621875480,-0.6802567532757321,60.9205093383789062,0.0000000000000000,0.0000000000000000,0.0000000000000000,1.0000000000000000,
-0.8333208467830371,0.2791106248754701,0.4771515748673861,93.7287597656250000,0.5321362043718949,0.6387739244725422,0.5556967998923699,70.1624526977539062,-0.1496911029870358,0.7169833558009362,-0.6808284961654828,60.8091621398925781,0.0000000000000000,0.0000000000000000,0.0000000000000000,1.0000000000000000,
-0.8302771755764167,0.2756022150066060,0.4844411530829111,93.9225006103515625,0.5349269849850569,0.6381069451168377,0.5537803240712454,70.2052307128906250,-0.1565021803415035,0.7189318087809927,-0.6772326940359907,60.8658180236816406,0.0000000000000000,0.0000000000000000,0.0000000000000000,1.0000000000000000,
-0.8302069614144709,0.2746492743814776,0.4851022338648620,93.9215393066406250,0.5346899767873597,0.6384702714740764,0.5535904092078836,70.1701431274414062,-0.1576801507548888,0.7189739136613698,-0.6769146781776627,60.9123725891113281,0.0000000000000000,0.0000000000000000,0.0000000000000000,1.0000000000000000,
-0.8301928531198230,0.2753650888837197,0.4847204291680199,93.8980712890625000,0.5349543202300435,0.6381526983800783,0.5537011909120634,70.1253814697265625,-0.1568556721829997,0.7189820591463225,-0.6770975533331467,60.8900489807128906,0.0000000000000000,0.0000000000000000,0.0000000000000000,1.0000000000000000,
-0.8301333889916367,0.2750194424949751,0.4850184148370176,93.9851760864257812,0.5348897221437202,0.6383643018264928,0.5535196503274191,70.2016754150390625,-0.1573897761173647,0.7189265083465260,-0.6770325944667644,60.8962554931640625,0.0000000000000000,0.0000000000000000,0.0000000000000000,1.0000000000000000,
-0.8308433670013522,0.2732640164927066,0.4847948811612291,93.9155578613281250,0.5339788914462379,0.6368068991882669,0.5561865843726111,70.1554183959960938,-0.1567349450496074,0.7209741676624055,-0.6750040048501922,60.9799194335937500,0.0000000000000000,0.0000000000000000,0.0000000000000000,1.0000000000000000,
-0.8295566446412268,0.2748989759940506,0.4860723468055054,93.9517517089843750,0.5367236807602299,0.6327906781622498,0.5581251187163595,70.2165832519531250,-0.1541540263592868,0.7238829398655436,-0.6724805019692673,60.9270896911621094,0.0000000000000000,0.0000000000000000,0.0000000000000000,1.0000000000000000,
-0.8306741933171502,0.2702374384820833,0.4867772708329188,93.9985809326171875,0.5343401218166710,0.6325572353770496,0.5606710070880153,70.2606735229492188,-0.1564001878958212,0.7258395627235994,-0.6698476770216985,61.0228919982910156,0.0000000000000000,0.0000000000000000,0.0000000000000000,1.0000000000000000,
-0.8303578841836182,0.2750074988806029,0.4846407532735358,93.9715270996093750,0.5347787304315875,0.6376839710986220,0.5544103737141572,70.1407241821289062,-0.1565806298751050,0.7195345916377662,-0.6765740741297944,60.9326858520507812,0.0000000000000000,0.0000000000000000,0.0000000000000000,1.0000000000000000,
-0.8302236481265017,0.2755162124157172,0.4845817895749076,93.9707107543945312,0.5349622733191076,0.6381275169022669,0.5537225282552620,70.1713180541992188,-0.1566654404033478,0.7189465132179477,-0.6771793343826881,60.9379844665527344,0.0000000000000000,0.0000000000000000,0.0000000000000000,1.0000000000000000,
-0.8299614217605230,0.2759237565427063,0.4847990500863347,93.9982681274414062,0.5354250762953733,0.6378433307155730,0.5536026310773439,70.1701507568359375,-0.1564737232360270,0.7190423951597189,-0.6771218560197489,60.9327926635742188,0.0000000000000000,0.0000000000000000,0.0000000000000000,1.0000000000000000,
-0.8296141423519522,0.2744722442327109,0.4862153452488869,94.0122756958007812,0.5356429476364928,0.6370047288269045,0.5543569320387827,70.2145385742187500,-0.1575658829091019,0.7203401714454227,-0.6754872537250828,60.9302330017089844,0.0000000000000000,0.0000000000000000,0.0000000000000000,1.0000000000000000,
-0.8291204731474647,0.2729737145950279,0.4878981370613301,94.0601577758789062,0.5356336757702498,0.6378876900736471,0.5533496726603873,70.1913070678710938,-0.1601743000252388,0.7201282149677921,-0.6750996575459994,61.0019950866699219,0.0000000000000000,0.0000000000000000,0.0000000000000000,1.0000000000000000,
-0.8307380970368228,0.2741350225280124,0.4844834399184398,94.0123214721679688,0.5341419800388756,0.6376106511255478,0.5551081000412482,70.2329406738281250,-0.1567372300756519,0.7199323905720738,-0.6761144826975614,60.9251403808593750,0.0000000000000000,0.0000000000000000,0.0000000000000000,1.0000000000000000,
-0.8293932388419374,0.2748744081163177,0.4863650019542787,94.0070037841796875,0.5360162230817208,0.6369074227247223,0.5541078807158035,70.2112884521484375,-0.1574594041538605,0.7202728612413882,-0.6755838522364602,60.9430313110351562,0.0000000000000000,0.0000000000000000,0.0000000000000000,1.0000000000000000,
-0.8303177194271305,0.2705849224484528,0.4871922459860112,94.0741119384765625,0.5348313906876413,0.6325813261158164,0.5601751952600890,70.3117218017578125,-0.1566137552721759,0.7256890970609382,-0.6699607944248880,60.9963836669921875,0.0000000000000000,0.0000000000000000,0.0000000000000000,1.0000000000000000,
-0.8320298024912938,0.2789083177792938,0.4795170049537586,93.9156875610351562,0.5347936983704943,0.6329566696647144,0.5597870617566669,70.2986984252929688,-0.1473842187939637,0.7222021909413445,-0.6757972236181611,60.9629058837890625,0.0000000000000000,0.0000000000000000,0.0000000000000000,1.0000000000000000,
-0.8307795162013090,0.2817649080602789,0.4800145123286401,93.7197341918945312,0.5384956152435512,0.6250537675393919,0.5650931428076980,70.3917083740234375,-0.1408114619758954,0.7279535179327005,-0.6710110341161437,60.8042182922363281,0.0000000000000000,0.0000000000000000,0.0000000000000000,1.0000000000000000,
-0.8312038514474007,0.2815780937768086,0.4793891263306108,93.8396072387695312,0.5379480224057924,0.6250795525633398,0.5655859600068871,70.4206008911132812,-0.1403997241048029,0.7280036607546927,-0.6710429102516928,60.9077491760253906,0.0000000000000000,0.0000000000000000,0.0000000000000000,1.0000000000000000,
-0.8325522196360282,0.2868858235298007,0.4738705792057056,93.7552413940429688,0.5359661297166287,0.6333609684745592,0.5582062265951060,70.3108444213867188,-0.1399896759611263,0.7187144132898663,-0.6810671646421536,60.6997184753417969,0.0000000000000000,0.0000000000000000,0.0000000000000000,1.0000000000000000,
-0.8324905986794949,0.2870811894960713,0.4738605214066446,93.6879653930664062,0.5362852746346430,0.6323211125973556,0.5590779147611611,70.2838439941406250,-0.1391312593211953,0.7195515278290801,-0.6803587961351972,60.7925300598144531,0.0000000000000000,0.0000000000000000,0.0000000000000000,1.0000000000000000,
-0.8342045418735158,0.2895911649289796,0.4692970695760565,93.5058746337890625,0.5344880728689541,0.6340717147673893,0.5588162135199496,70.2311553955078125,-0.1357397593869573,0.7170007097116562,-0.6837285279952506,60.6644859313964844,0.0000000000000000,0.0000000000000000,0.0000000000000000,1.0000000000000000,
-0.8342710853975430,0.2895882327413663,0.4691805745417622,93.5045928955078125,0.5344000347015908,0.6341146572595562,0.5588516836867671,70.2262573242187500,-0.1356774077750033,0.7169639160420334,-0.6837794850045792,60.6760978698730469,0.0000000000000000,0.0000000000000000,0.0000000000000000,1.0000000000000000,
-0.8327576405604920,0.2815983314566023,0.4766729400846885,93.7171936035156250,0.5365683971804637,0.6226531505218098,0.5695589603302303,70.5147247314453125,-0.1364150550170753,0.7300722114052296,-0.6696159338744609,60.6488838195800781,0.0000000000000000,0.0000000000000000,0.0000000000000000,1.0000000000000000,
-0.8313795221169871,0.2838273832343521,0.4777552791240202,93.6407318115234375,0.5393257835715747,0.6193067762156961,0.5706021522113536,70.5159149169921875,-0.1339245660042890,0.7320526848934181,-0.6679543975159536,60.6858024597167969,0.0000000000000000,0.0000000000000000,0.0000000000000000,1.0000000000000000,
-0.8307014399216311,0.2833871171332831,0.4791939686129366,93.7428283691406250,0.5392949368032137,0.6232743553376479,0.5662950195056087,70.4306182861328125,-0.1381885988442863,0.7288489691433518,-0.6705841418704488,60.7679939270019531,0.0000000000000000,0.0000000000000000,0.0000000000000000,1.0000000000000000,
-0.8315824398305438,0.2796884752237381,0.4798385172039656,93.8310089111328125,0.5375839619979788,0.6224085947115032,0.5688681965374822,70.4760818481445312,-0.1395497386885257,0.7310142940163840,-0.6679400963976424,60.8249931335449219,0.0000000000000000,0.0000000000000000,0.0000000000000000,1.0000000000000000,
-0.8311363310969332,0.2824078488231784,0.4790179600534767,93.7991180419921875,0.5387957391266246,0.6220320649118489,0.5681331373194985,70.4853439331054688,-0.1375192736663628,0.7302889271682589,-0.6691535938973276,60.7323341369628906,0.0000000000000000,0.0000000000000000,0.0000000000000000,1.0000000000000000,
-0.8299110002438127,0.2819792165460280,0.4813890870287802,93.8138351440429688,0.5397924003554291,0.6238801123185970,0.5651528730988271,70.4583282470703125,-0.1409677132993182,0.7288767569962860,-0.6699752061962728,60.7767829895019531,0.0000000000000000,0.0000000000000000,0.0000000000000000,1.0000000000000000,
-0.8304324865238167,0.2823882667472294,0.4802486357392043,93.7839431762695312,0.5393979604214896,0.6232217992026259,0.5662547388691591,70.4092712402343750,-0.1393977245833266,0.7292814654179396,-0.6698632834980983,60.7775077819824219,0.0000000000000000,0.0000000000000000,0.0000000000000000,1.0000000000000000,
-0.8300024914607057,0.2821585746761718,0.4811261818959065,93.8119277954101562,0.5400412901360725,0.6222362887640202,0.5667251590439104,70.4418945312500000,-0.1394678067411553,0.7302112979692181,-0.6688349506424748,60.8163070678710938,0.0000000000000000,0.0000000000000000,0.0000000000000000,1.0000000000000000,
-0.8300485669459494,0.2821363542797175,0.4810597198942411,93.8140945434570312,0.5399838039772475,0.6222269024931038,0.5667902374389485,70.4482498168945312,-0.1394161681916332,0.7302278818338750,-0.6688276105538518,60.8161087036132812,0.0000000000000000,0.0000000000000000,0.0000000000000000,1.0000000000000000,
-0.8315855796142685,0.2840440179642770,0.4772676603713170,93.8021850585937500,0.5390797364945790,0.6195646974713330,0.5705546628923395,70.5546875000000000,-0.1336355546946124,0.7317503546333034,-0.6683434424122812,60.6683654785156250,0.0000000000000000,0.0000000000000000,0.0000000000000000,1.0000000000000000,
-0.8324670419997762,0.2807804673036912,0.4776619653739081,93.8039932250976562,0.5367319847594407,0.6226538650160396,0.5694040225681406,70.5180053710937500,-0.1375405413699378,0.7303865370893062,-0.6690426786972233,60.7348213195800781,0.0000000000000000,0.0000000000000000,0.0000000000000000,1.0000000000000000,
-0.8311107676090084,0.2824578961623944,0.4790328056196983,93.8232574462890625,0.5388615318987039,0.6219029720329299,0.5682120579646224,70.4858932495117188,-0.1374159430493715,0.7303795111256359,-0.6690759510875646,60.7837295532226562,0.0000000000000000,0.0000000000000000,0.0000000000000000,1.0000000000000000,
-0.8308110616046116,0.2835831746292573,0.4788878396687585,93.8503570556640625,0.5399163503541781,0.6194897834706149,0.5698444900108759,70.5209350585937500,-0.1350678145808357,0.7319924803184271,-0.6677901573261126,60.7123565673828125,0.0000000000000000,0.0000000000000000,0.0000000000000000,1.0000000000000000,
-0.8331785924065996,0.2804885929117533,0.4765916306459258,93.8139724731445312,0.5368704011782606,0.6169206457446028,0.5754816149910925,70.5729751586914062,-0.1326031880991231,0.7353469018772345,-0.6645910986505174,60.7449798583984375,0.0000000000000000,0.0000000000000000,0.0000000000000000,1.0000000000000000,
-0.8333787584143320,0.2801286441432634,0.4764533426834608,93.7417373657226562,0.5365019916860413,0.6171876732903132,0.5755388682403652,70.5871124267578125,-0.1328362071902756,0.7352600347284940,-0.6646406723864827,60.6103439331054688,0.0000000000000000,0.0000000000000000,0.0000000000000000,1.0000000000000000,
-0.8338113425328115,0.2813721183835924,0.4749614469196006,93.7673645019531250,0.5363942307976854,0.6163700741706236,0.5765146666251079,70.5992431640625000,-0.1305368692385039,0.7354710481475322,-0.6648627400495385,60.6933555603027344,0.0000000000000000,0.0000000000000000,0.0000000000000000,1.0000000000000000,
-0.8336215848295558,0.2893868335627269,0.4704575579866882,93.6660537719726562,0.5373292962925085,0.6220931123296481,0.5694535862893563,70.5271301269531250,-0.1278760362697290,0.7274994296578867,-0.6740862698463695,60.6139793395996094,0.0000000000000000,0.0000000000000000,0.0000000000000000,1.0000000000000000,
-0.8336501449734276,0.2893100685894697,0.4704541635468216,93.6713180541992188,0.5372911411162351,0.6220205640221859,0.5695688260531259,70.5267333984375000,-0.1278501680241261,0.7275919887864888,-0.6739912702624008,60.6171226501464844,0.0000000000000000,0.0000000000000000,0.0000000000000000,1.0000000000000000,
-0.8336576697192608,0.2892768109433554,0.4704612804139082,93.6783142089843750,0.5372717947670277,0.6220385475965579,0.5695674357367896,70.5245742797851562,-0.1278824001419613,0.7275898377206811,-0.6739874774649186,60.6133728027343750,0.0000000000000000,0.0000000000000000,0.0000000000000000,1.0000000000000000,
-0.8336477355523377,0.2890528200629360,0.4706165320323154,93.6571884155273438,0.5372578510266972,0.6219150874535555,0.5697153899165894,70.5332794189453125,-0.1280056815873211,0.7277843713706006,-0.6737540013017104,60.5415153503417969,0.0000000000000000,0.0000000000000000,0.0000000000000000,1.0000000000000000,
-0.8303386288589477,0.2712033606065992,0.4868125908605183,93.9909057617187500,0.5350269738681923,0.6322724993178506,0.5603370627040510,70.3533859252929688,-0.1558329190450087,0.7257273756735690,-0.6701013934770367,60.8328361511230469,0.0000000000000000,0.0000000000000000,0.0000000000000000,1.0000000000000000,
-0.8305357185127699,0.2720548633476922,0.4860005880689305,94.0590209960937500,0.5346126084278247,0.6341236988504595,0.5586380701905389,70.4184799194335938,-0.1562042867032633,0.7237909130992739,-0.6721063419805265,60.9611778259277344,0.0000000000000000,0.0000000000000000,0.0000000000000000,1.0000000000000000,
-0.8303963868519523,0.2715872217739435,0.4864999708862618,94.0043411254882812,0.5351399308045902,0.6318767688680582,0.5606754885165937,70.2980728149414062,-0.1551357314150453,0.7259284606171419,-0.6700453528712408,60.8169937133789062,0.0000000000000000,0.0000000000000000,0.0000000000000000,1.0000000000000000,
-0.8313419206915854,0.2685497219812472,0.4865713285065419,94.0741043090820312,0.5327510728439797,0.6343952084473687,0.5601062523152267,70.3176651000976562,-0.1582621410332085,0.7248612048680868,-0.6704694835656358,60.8629264831542969,0.0000000000000000,0.0000000000000000,0.0000000000000000,1.0000000000000000,
-0.8313907840633398,0.2683937159293928,0.4865739177392866,94.0797805786132812,0.5326037452946185,0.6346324749168140,0.5599775640854772,70.3221588134765625,-0.1585011503828628,0.7247112770135233,-0.6705750892306821,60.8126029968261719,0.0000000000000000,0.0000000000000000,0.0000000000000000,1.0000000000000000,
-0.8310402042163720,0.2673535777365587,0.4877440347635972,94.1588516235351562,0.5325549131994850,0.6354887544549844,0.5590521508663944,70.2989730834960938,-0.1604912564693181,0.7243452957207044,-0.6704971656645425,60.8762207031250000,0.0000000000000000,0.0000000000000000,0.0000000000000000,1.0000000000000000,
-0.8293823098146549,0.2742193168389045,0.4867532747079495,94.0617446899414062,0.5372647473338363,0.6304021741036756,0.5603032126961869,70.3632125854492188,-0.1532043584197831,0.7262209478924190,-0.6701727832457978,60.7905578613281250,0.0000000000000000,0.0000000000000000,0.0000000000000000,1.0000000000000000,
-0.8302819938052869,0.2710660325074579,0.4869856433031508,94.0496368408203125,0.5350987586164389,0.6320837060139890,0.5604814957862276,70.3213348388671875,-0.1558881948380439,0.7259431070079024,-0.6698548171789535,60.8404808044433594,0.0000000000000000,0.0000000000000000,0.0000000000000000,1.0000000000000000,
-0.8289641857643484,0.2703840552907898,0.4896027383139913,94.0934219360351562,0.5357079528098458,0.6354121943034156,0.5561189914279164,70.2708740234375000,-0.1607338421625502,0.7232868075494160,-0.6715808410077216,60.7744102478027344,0.0000000000000000,0.0000000000000000,0.0000000000000000,1.0000000000000000,
-0.8289292854894076,0.2721734515892757,0.4886694710210582,94.1285705566406250,0.5362914732249995,0.6349861603376129,0.5560431925002366,70.2645263671875000,-0.1589581561423647,0.7229897567944346,-0.6723229255098655,60.8049087524414062,0.0000000000000000,0.0000000000000000,0.0000000000000000,1.0000000000000000,
-0.8296616808470630,0.2739450319451276,0.4864315109104361,94.0802078247070312,0.5352720733674204,0.6378468562519944,0.5537465082891184,70.2181930541992188,-0.1585727051133640,0.7197954622266181,-0.6758322201190170,60.7951736450195312,0.0000000000000000,0.0000000000000000,0.0000000000000000,1.0000000000000000,
-0.8303588748513425,0.2746404161143862,0.4848471726143506,94.1145172119140625,0.5344931450939018,0.6385669531727158,0.5536689662274239,70.2114410400390625,-0.1575475064964298,0.7188914300172394,-0.6770331565326221,60.7217369079589844,0.0000000000000000,0.0000000000000000,0.0000000000000000,1.0000000000000000,
-0.8301711912902331,0.2753561977862573,0.4847625784778060,94.0403289794921875,0.5349847930280760,0.6381162821644696,0.5537137181480170,70.1892700195312500,-0.1568663902193903,0.7190177847433892,-0.6770571326278507,60.7784385681152344,0.0000000000000000,0.0000000000000000,0.0000000000000000,1.0000000000000000,
-0.8300291054606403,0.2757974037111038,0.4847550682503732,94.0316925048828125,0.5352640307961002,0.6380836810468202,0.5534813757640374,70.1818542480468750,-0.1566655719171294,0.7188776029950819,-0.6772524569818292,60.7746467590332031,0.0000000000000000,0.0000000000000000,0.0000000000000000,1.0000000000000000,
-0.8305096463650660,0.2761020809755956,0.4837575510268747,94.0039367675781250,0.5347885446325211,0.6380916485791852,0.5539316388719170,70.2228317260742188,-0.1557399750366094,0.7187535661785919,-0.6775974994649501,60.6368637084960938,0.0000000000000000,0.0000000000000000,0.0000000000000000,1.0000000000000000,
-0.8301006031131842,0.2749724573546805,0.4851011610040292,94.0390319824218750,0.5348917481616831,0.6384722198454194,0.5533932076148039,70.1205978393554688,-0.1575557249346015,0.7188486434444953,-0.6770766731754545,60.6511764526367188,0.0000000000000000,0.0000000000000000,0.0000000000000000,1.0000000000000000,
-0.8301444917447907,0.2744619521292984,0.4853151137757389,94.0367431640625000,0.5347166817117758,0.6384596262258321,0.5535768925621070,70.1456146240234375,-0.1579183115567387,0.7190548953403666,-0.6767731262115269,60.6817626953125000,0.0000000000000000,0.0000000000000000,0.0000000000000000,1.0000000000000000,
-0.8300830239911905,0.2747700587511875,0.4852459047694381,94.0457534790039062,0.5348951249255796,0.6383174077441895,0.5535685073246014,70.1043395996093750,-0.1576368567705235,0.7190634893975687,-0.6768296089880393,60.7486801147460938,0.0000000000000000,0.0000000000000000,0.0000000000000000,1.0000000000000000,
-0.8301793179793107,0.2744904925789349,0.4852393939935012,94.0331268310546875,0.5346796803461489,0.6384797654816735,0.5535894042477760,70.0840301513671875,-0.1578605062209888,0.7190261181307958,-0.6768171850813277,60.7641143798828125,0.0000000000000000,0.0000000000000000,0.0000000000000000,1.0000000000000000,
-0.8302220753007881,0.2749171644260609,0.4849245904129709,94.0536727905273438,0.5347216079610387,0.6385530208731759,0.5534643994994646,70.1361618041992188,-0.1574931987827247,0.7187980190830214,-0.6771449623969077,60.6883659362792969,0.0000000000000000,0.0000000000000000,0.0000000000000000,1.0000000000000000,
-0.8306751555692702,0.2756109351167441,0.4837534479092044,94.0034637451171875,0.5344111146128793,0.6383952668488125,0.5539460658252334,70.1475067138671875,-0.1561523182606956,0.7186724537013420,-0.6775886346395600,60.6087532043457031,0.0000000000000000,0.0000000000000000,0.0000000000000000,1.0000000000000000,
-0.8289410101757776,0.2733198152126565,0.4880093034573020,94.1112365722656250,0.5357856152670660,0.6385106171145432,0.5524834534218170,70.0593261718750000,-0.1605944461108588,0.7194445568938058,-0.6757284613172825,60.6658401489257812,0.0000000000000000,0.0000000000000000,0.0000000000000000,1.0000000000000000,
-0.8315598005553468,0.2816548612537930,0.4787262654507881,93.9390411376953125,0.5327307609870134,0.6483444026953429,0.5439186260754606,69.9406661987304688,-0.1571821694676259,0.7073330719157176,-0.6891833507679397,60.6039772033691406,0.0000000000000000,0.0000000000000000,0.0000000000000000,1.0000000000000000,
-0.8313578107739388,0.2814240910463736,0.4792125535124129,93.9449234008789062,0.5328543339615838,0.6485572009750251,0.5435437570626656,69.9419708251953125,-0.1578304446028136,0.7072298339593455,-0.6891411413595294,60.6142044067382812,0.0000000000000000,0.0000000000000000,0.0000000000000000,1.0000000000000000,
-0.8311498898459244,0.2820634512427180,0.4791973185256315,93.9306182861328125,0.5331789864686247,0.6488834172984146,0.5428355912644474,69.9296722412109375,-0.1578291132757173,0.7066756824938710,-0.6897096858638587,60.5596275329589844,0.0000000000000000,0.0000000000000000,0.0000000000000000,1.0000000000000000,
-0.8299515391620915,0.2814400874546220,0.4816346331151966,93.9957962036132812,0.5343022253055247,0.6491971533498355,0.5413540321416610,69.8824081420898438,-0.1603171066232167,0.7066360684652354,-0.6891762416595303,60.6115570068359375,0.0000000000000000,0.0000000000000000,0.0000000000000000,1.0000000000000000,
-0.8321774477533750,0.2827841649096210,0.4769840789031090,93.8241271972656250,0.5319250540846197,0.6500942261536248,0.5426170232851106,69.9258728027343750,-0.1566410938666917,0.7052734315129758,-0.6914137361335528,60.5269279479980469,0.0000000000000000,0.0000000000000000,0.0000000000000000,1.0000000000000000,
-0.8314894391226615,0.2824696897659705,0.4783682545811314,93.8946914672851562,0.5325432768369147,0.6504655796704362,0.5415645741366442,69.9074935913085938,-0.1581865067674327,0.7050570218269724,-0.6912825942038444,60.5239105224609375,0.0000000000000000,0.0000000000000000,0.0000000000000000,1.0000000000000000,
-0.8298054162447703,0.2797728402201380,0.4828562198481045,93.9300689697265625,0.5334795112639313,0.6516259158681927,0.5392432445849796,69.8530807495117188,-0.1637760123841122,0.7050608652053354,-0.6899757924184464,60.5810165405273438,0.0000000000000000,0.0000000000000000,0.0000000000000000,1.0000000000000000,
-0.8306946286227037,0.2790227501101153,0.4817600428619804,93.9574279785156250,0.5321318786649771,0.6523066999051325,0.5397514548080047,69.8604965209960938,-0.1636523684089886,0.7047285109741649,-0.6903445720321593,60.5739746093750000,0.0000000000000000,0.0000000000000000,0.0000000000000000,1.0000000000000000,
-0.8305323822757930,0.2786749034198332,0.4822408736256638,93.9367446899414062,0.5321655249530067,0.6525531264411536,0.5394203103548910,69.8519668579101562,-0.1643648868912945,0.7046380030737928,-0.6902676789343315,60.5952224731445312,0.0000000000000000,0.0000000000000000,0.0000000000000000,1.0000000000000000,
-0.8311479279163467,0.2765696699273886,0.4823923088074881,93.8724746704101562,0.5309290760584424,0.6525370826915347,0.5406567043033406,69.8387222290039062,-0.1652496236488675,0.7054818023086608,-0.6891937234879837,60.5150833129882812,0.0000000000000000,0.0000000000000000,0.0000000000000000,1.0000000000000000,
-0.8242854640707731,0.2931521511390321,0.4843710251493048,93.8593063354492188,0.5428749583367808,0.6521316172146476,0.5291607822201558,69.6453628540039062,-0.1607490383562812,0.6991324410378670,-0.6966875745669391,60.4711227416992188,0.0000000000000000,0.0000000000000000,0.0000000000000000,1.0000000000000000,
-0.8283682243781619,0.2779187662194315,0.4863817885402785,93.9275741577148438,0.5326219581672830,0.6597442469336682,0.5301427904970284,69.5371246337890625,-0.1735509565476959,0.6982110626601358,-0.6945368078513792,60.5696640014648438,0.0000000000000000,0.0000000000000000,0.0000000000000000,1.0000000000000000,
-0.8283115293261842,0.2777486619007032,0.4865754732800323,94.0131912231445312,0.5326288443909971,0.6597795763615740,0.5300919021630621,69.5246810913085938,-0.1738002431184430,0.6982453662062579,-0.6944399787335541,60.6708297729492188,0.0000000000000000,0.0000000000000000,0.0000000000000000,1.0000000000000000,
-0.8294921578669708,0.2798268985807026,0.4833628728687189,93.9500961303710938,0.5330221406719727,0.6551151105657154,0.5354545633963151,69.7765655517578125,-0.1668237320966776,0.7017984744491654,-0.6925667792134995,60.4703712463378906,0.0000000000000000,0.0000000000000000,0.0000000000000000,1.0000000000000000,
-0.8294386910073929,0.2797537396994391,0.4834969524041712,93.9358978271484375,0.5330601944793166,0.6551230796615248,0.5354069289395429,69.7491226196289062,-0.1669679218341534,0.7018202017746270,-0.6925100125336862,60.4643745422363281,0.0000000000000000,0.0000000000000000,0.0000000000000000,1.0000000000000000,
-0.8294178117558417,0.2798739645461594,0.4834631914751798,93.9346771240234375,0.5331354225353137,0.6550371090743470,0.5354372110468367,69.7539138793945312,-0.1668313962665424,0.7018525127865092,-0.6925101699722673,60.4688568115234375,0.0000000000000000,0.0000000000000000,0.0000000000000000,1.0000000000000000,
-0.8294657601430538,0.2800216390034778,0.4832953904602363,93.8819808959960938,0.5331206673507886,0.6550392347566838,0.5354493019631533,69.5901260375976562,-0.1666400515895156,0.7017916233606554,-0.6926179398391725,60.4653320312500000,0.0000000000000000,0.0000000000000000,0.0000000000000000,1.0000000000000000,
-0.8294539125007707,0.2801647388194953,0.4832327867181277,93.9104156494140625,0.5331798549258464,0.6550037309581083,0.5354338005133888,69.5922317504882812,-0.1665096073456941,0.7017676478387713,-0.6926736021449214,60.4605140686035156,0.0000000000000000,0.0000000000000000,0.0000000000000000,1.0000000000000000,
-0.8294339659549024,0.2800588347944076,0.4833284030283358,93.8689422607421875,0.5331804562973070,0.6549769791683884,0.5354659258832893,69.5914993286132812,-0.1666070140867980,0.7018348850071869,-0.6925820507665716,60.4489593505859375,0.0000000000000000,0.0000000000000000,0.0000000000000000,1.0000000000000000,
-0.8296560700340186,0.2802975703852598,0.4828085308813709,93.8252944946289062,0.5329854352812443,0.6550256493151598,0.5356005269949946,69.5888595581054688,-0.1661244450217066,0.7016941433241219,-0.6928405285423599,60.4129104614257812,0.0000000000000000,0.0000000000000000,0.0000000000000000,1.0000000000000000,
-0.8297112760879720,0.2802220248402637,0.4827575117249771,93.8753814697265625,0.5328894915800146,0.6550883768707297,0.5356192754676274,69.6283721923828125,-0.1661565168630540,0.7016657575251162,-0.6928615854704619,60.3723564147949219,0.0000000000000000,0.0000000000000000,0.0000000000000000,1.0000000000000000,
-0.8305413042929440,0.2789014914180403,0.4820944927585966,93.9023666381835938,0.5296721254634207,0.6631295449564488,0.5288729962031676,69.5030364990234375,-0.1721876341972273,0.6946028827255514,-0.6984828229376265,60.5698242187500000,0.0000000000000000,0.0000000000000000,0.0000000000000000,1.0000000000000000,
-0.8309073793164165,0.2789122191700586,0.4814570603856147,93.8226394653320312,0.5294779830656161,0.6622981566931947,0.5301077410202226,69.4201278686523438,-0.1710145971731398,0.6953913471121350,-0.6979863049625535,60.4660186767578125,0.0000000000000000,0.0000000000000000,0.0000000000000000,1.0000000000000000,
-0.8202286306907675,0.2921349092299886,0.4918151972075843,93.9341964721679688,0.5431384632455466,0.6675333516304790,0.5093131003658213,69.1495895385742188,-0.1795149106297705,0.6848769373180599,-0.7061996726078396,60.5389213562011719,0.0000000000000000,0.0000000000000000,0.0000000000000000,1.0000000000000000,
-0.8210975569410974,0.2921145849546363,0.4903752351436014,93.8921127319335938,0.5421135706568707,0.6679836307419720,0.5098144226779296,69.1665802001953125,-0.1786384015127205,0.6844464466395843,-0.7068390079695850,60.4507751464843750,0.0000000000000000,0.0000000000000000,0.0000000000000000,1.0000000000000000,
-0.8206231050706864,0.2927138800438006,0.4908118823478598,93.9378890991210938,0.5428481218056137,0.6676799616329450,0.5094304520598930,69.1521224975585938,-0.1785878945400939,0.6844867078793661,-0.7068127833169147,60.5406990051269531,0.0000000000000000,0.0000000000000000,0.0000000000000000,1.0000000000000000,
-0.8203801164178240,0.2923272185145757,0.4914481273764396,93.9716110229492188,0.5429437138332616,0.6678769420617378,0.5090702445352779,69.1488494873046875,-0.1794117838806112,0.6844597779108673,-0.7066301891562398,60.5310478210449219,0.0000000000000000,0.0000000000000000,0.0000000000000000,1.0000000000000000,
-0.8204464781204949,0.2923021243149367,0.4913522612756067,93.9554595947265625,0.5428462538767771,0.6679604808794140,0.5090645741311136,69.1459274291992188,-0.1794032362908387,0.6843889713491281,-0.7067009372457743,60.5307502746582031,0.0000000000000000,0.0000000000000000,0.0000000000000000,1.0000000000000000,
-0.8206842397418636,0.2926118956164091,0.4907704730147193,94.0505447387695312,0.5425989155107570,0.6682849903610197,0.5089023369416987,69.1918792724609375,-0.1790636633319837,0.6839396539183435,-0.7072218564723423,60.6132888793945312,0.0000000000000000,0.0000000000000000,0.0000000000000000,1.0000000000000000,
-0.8203853457414485,0.2920995487193114,0.4915747533495376,94.0321273803710938,0.5428570101675165,0.6679510536517866,0.5090654736254002,69.1742553710937500,-0.1796500793338787,0.6844846554623724,-0.7065455437775321,60.6328201293945312,0.0000000000000000,0.0000000000000000,0.0000000000000000,1.0000000000000000,
-0.8089740878044172,0.3140572077802387,0.4969195060593735,93.6987915039062500,0.5646481763809879,0.6502612651436425,0.5082644232714055,69.1072998046875000,-0.1635034010980713,0.6917574410839897,-0.7033763434565408,60.4364356994628906,0.0000000000000000,0.0000000000000000,0.0000000000000000,1.0000000000000000,
-0.8048438220880916,0.3233139718996213,0.4976891576286582,93.6462783813476562,0.5716287867761941,0.6477956436647139,0.5035884571530563,69.0503768920898438,-0.1595836839260488,0.6898035079814467,-0.7061898952838968,60.2129516601562500,0.0000000000000000,0.0000000000000000,0.0000000000000000,1.0000000000000000,
-0.8063959419965586,0.3238564701872779,0.4948156944250250,93.6287918090820312,0.5706481740465366,0.6457137961677824,0.5073601826079236,69.1284179687500000,-0.1551974425976055,0.6914988648988719,-0.7055090882864195,60.2280502319335938,0.0000000000000000,0.0000000000000000,0.0000000000000000,1.0000000000000000,
-0.8088236707997974,0.3186023190898910,0.4942639293176117,93.6586532592773438,0.5657029659916784,0.6510744462634834,0.5060456695703629,69.0961837768554688,-0.1605752901979634,0.6889082868519162,-0.7068387004717540,60.2433586120605469,0.0000000000000000,0.0000000000000000,0.0000000000000000,1.0000000000000000,
-0.8088745631449282,0.3184905709841136,0.4942526654367324,93.6489181518554688,0.5655874802028761,0.6512318261575960,0.5059722431489733,69.0973052978515625,-0.1607256772729932,0.6888111967685020,-0.7068991384005794,60.2518043518066406,0.0000000000000000,0.0000000000000000,0.0000000000000000,1.0000000000000000,
-0.8078696773877027,0.3213186353440033,0.4940657030579603,93.6808395385742188,0.5677614838787385,0.6491787518192007,0.5061757062624378,69.1118545532226562,-0.1580932692473090,0.6894354812215079,-0.7068841739999318,60.1757240295410156,0.0000000000000000,0.0000000000000000,0.0000000000000000,1.0000000000000000,
-0.8060196054940532,0.3227902953893538,0.4961237958026858,93.6433029174804688,0.5710870130746591,0.6443844878290206,0.5085550661853595,69.1464920043945312,-0.1555378380223786,0.6932352104789433,-0.7037278763098274,60.1442604064941406,0.0000000000000000,0.0000000000000000,0.0000000000000000,1.0000000000000000,
-0.8057428509478003,0.3242935621059789,0.4955927196026259,93.6192932128906250,0.5715325528364571,0.6452015954810049,0.5070162149645790,69.1276092529296875,-0.1553351190000306,0.6917720627239738,-0.7052109003977922,60.1800193786621094,0.0000000000000000,0.0000000000000000,0.0000000000000000,1.0000000000000000,
-0.8081071462624686,0.3199362335886285,0.4945742073709989,93.7288742065429688,0.5667803948391458,0.6509585922537429,0.5049880149043220,69.0890579223632812,-0.1603833662993491,0.6883993881520728,-0.7073778751179179,60.2218589782714844,0.0000000000000000,0.0000000000000000,0.0000000000000000,1.0000000000000000,
-0.8080610886904971,0.3198935216641967,0.4946770782456037,93.8500747680664062,0.5668225806965617,0.6509357377601029,0.5049701251749461,69.0944213867187500,-0.1604663172033906,0.6884408472076513,-0.7073187124197918,60.2497444152832031,0.0000000000000000,0.0000000000000000,0.0000000000000000,1.0000000000000000,
-0.8082787482348875,0.3201846105430788,0.4941328569557188,93.6563034057617188,0.5668757018862640,0.6500452900995757,0.5060563796953005,69.1227493286132812,-0.1591772715019324,0.6891465272282341,-0.7069226692124571,60.0944137573242188,0.0000000000000000,0.0000000000000000,0.0000000000000000,1.0000000000000000,
-0.8091104675028206,0.3186813434795033,0.4937433064816843,93.7860641479492188,0.5653004986278621,0.6516218086252730,0.5057908310507598,69.1020584106445312,-0.1605478048073470,0.6883539931183857,-0.7073847485841883,60.1567001342773438,0.0000000000000000,0.0000000000000000,0.0000000000000000,1.0000000000000000,
