-0.8850265707234932,0.4349116156488161,-0.1660718389346912,86.5338287353515625,-0.1461514069167562,0.0791294257569724,0.9860924400053093,65.3441238403320312,0.4420042255110989,0.8969896435038188,-0.0064686998094985,64.5435180664062500,0.0000000000000000,0.0000000000000000,0.0000000000000000,1.0000000000000000,
-0.8849877197672835,0.4350801761536903,-0.1658371978151397,86.5377502441406250,-0.1460348315869858,0.0788327775992009,0.9861334702459681,65.3477478027343750,0.4421205308787012,0.8969340184729693,-0.0062291798389979,64.5584487915039062,0.0000000000000000,0.0000000000000000,0.0000000000000000,1.0000000000000000,
-0.8849373126240442,0.4351382325224699,-0.1659538228633363,86.5333480834960938,-0.1460364394532617,0.0790921955252722,0.9861124595900845,65.2871093750000000,0.4422208849404882,0.8968830153393547,-0.0064455968101028,64.5460662841796875,0.0000000000000000,0.0000000000000000,0.0000000000000000,1.0000000000000000,
-0.8850512213859368,0.4351818978703273,-0.1652302977339257,86.5372619628906250,-0.1452735349146685,0.0790035789353292,0.9862322417001008,65.2784652709960938,0.4422442035534873,0.8968696395136750,-0.0067018013960767,64.5434875488281250,0.0000000000000000,0.0000000000000000,0.0000000000000000,1.0000000000000000,
-0.8855208032784782,0.4336421867049725,-0.1667553923289110,86.4921035766601562,-0.1469666834153362,0.0790401937399609,0.9859784184957833,65.3477096557617188,0.4407422159572822,0.8976118881138325,-0.0062607818828929,64.5663528442382812,0.0000000000000000,0.0000000000000000,0.0000000000000000,1.0000000000000000,
-0.8856787431788152,0.4333269200792103,-0.1667361514964915,86.4686355590820312,-0.1466187061743567,0.0797107477239382,0.9859762429678763,65.3213424682617188,0.4405407119449382,0.8977048384808655,-0.0070642824894485,64.5351257324218750,0.0000000000000000,0.0000000000000000,0.0000000000000000,1.0000000000000000,
-0.8857791843323268,0.4330264713131924,-0.1669829684297263,86.4528274536132812,-0.1468551647029859,0.0797941718393712,0.9859343034606960,65.3225173950195312,0.4402599200513452,0.8978423944560170,-0.0070878426809000,64.5309219360351562,0.0000000000000000,0.0000000000000000,0.0000000000000000,1.0000000000000000,
-0.8858988550578561,0.4327594217086860,-0.1670404188498795,86.4489746093750000,-0.1468502790311481,0.0799394288005311,0.9859232643930861,65.3170776367187500,0.4400206974173525,0.8979582232183236,-0.0072674066170906,64.5125503540039062,0.0000000000000000,0.0000000000000000,0.0000000000000000,1.0000000000000000,
-0.8848361069687446,0.4342119100929898,-0.1688936971523624,86.3026123046875000,-0.1484865070537089,0.0807831111029373,0.9856093780923150,65.3544311523437500,0.4416070889686728,0.8971812002566303,-0.0070052036863194,64.4852523803710938,0.0000000000000000,0.0000000000000000,0.0000000000000000,1.0000000000000000,
-0.8848356574789568,0.4342122651398054,-0.1688951392312455,86.2962722778320312,-0.1484890967272573,0.0807811070149775,0.9856091522010932,65.3572845458984375,0.4416071188363088,0.8971812088712035,-0.0070022168989695,64.4822692871093750,0.0000000000000000,0.0000000000000000,0.0000000000000000,1.0000000000000000,
-0.8858783348775362,0.4321057330946696,-0.1688319022617535,86.3468627929687500,-0.1485910621935886,0.0804673517295823,0.9856194506714084,65.3575820922851562,0.4394772713472055,0.8982258294729372,-0.0070772337017312,64.4850540161132812,0.0000000000000000,0.0000000000000000,0.0000000000000000,1.0000000000000000,
-0.8861873792630394,0.4315534109637836,-0.1686226032310905,86.3573913574218750,-0.1483755165695233,0.0804420275106790,0.9856539891324432,65.3656921386718750,0.4389266851282037,0.8984935913491510,-0.0072547492632027,64.4828872680664062,0.0000000000000000,0.0000000000000000,0.0000000000000000,1.0000000000000000,
-0.8861850344302897,0.4315574523195836,-0.1686245833181397,86.3568191528320312,-0.1483763370780967,0.0804447818276936,0.9856536408252048,65.3562545776367188,0.4389311419198608,0.8984914036450905,-0.0072560477397767,64.4819259643554688,0.0000000000000000,0.0000000000000000,0.0000000000000000,1.0000000000000000,
-0.8862025304963672,0.4315073504859616,-0.1686608473191709,86.3598403930664062,-0.1484246379773968,0.0804293917863079,0.9856476245485316,65.3665161132812500,0.4388794843497629,0.8985168442569511,-0.0072304082468453,64.4773559570312500,0.0000000000000000,0.0000000000000000,0.0000000000000000,1.0000000000000000,
-0.8862022855366882,0.4315075824877647,-0.1686615408595430,86.3591003417968750,-0.1484245969505991,0.0804310507432428,0.9856474953533796,65.3639755249023438,0.4388799928563645,0.8985165843388219,-0.0072318419849051,64.4739456176757812,0.0000000000000000,0.0000000000000000,0.0000000000000000,1.0000000000000000,
-0.8862017062425718,0.4315081194287925,-0.1686632109257418,86.3631744384765625,-0.1484261983391616,0.0804315651828685,0.9856472122259655,65.3635406494140625,0.4388806210113839,0.8985162804252692,-0.0072314805815221,64.4718170166015625,0.0000000000000000,0.0000000000000000,0.0000000000000000,1.0000000000000000,
-0.8862038288897038,0.4315031894810951,-0.1686646706600733,86.3675231933593750,-0.1484287375304655,0.0804297808943522,0.9856469754533815,65.3589019775390625,0.4388754761163365,0.8985188077124090,-0.0072297061302867,64.4783172607421875,0.0000000000000000,0.0000000000000000,0.0000000000000000,1.0000000000000000,
-0.8862097304337997,0.4314561288493108,-0.1687540297676436,86.3820953369140625,-0.1485185309546391,0.0804502810303716,0.9856317761949489,65.3646621704101562,0.4388331797477576,0.8985395712824790,-0.0072165914371739,64.4686965942382812,0.0000000000000000,0.0000000000000000,0.0000000000000000,1.0000000000000000,
-0.8862410046003641,0.4313869723713971,-0.1687665898013486,86.3906250000000000,-0.1485283824810320,0.0804599787578530,0.9856295000738634,65.3683395385742188,0.4387666821472496,0.8985719069092496,-0.0072337231747704,64.4765319824218750,0.0000000000000000,0.0000000000000000,0.0000000000000000,1.0000000000000000,
-0.8860713488907106,0.4314886198757072,-0.1693963860085398,86.4160308837890625,-0.1492278560479951,0.0804601671533358,0.9855238244106412,65.3843307495117188,0.4388719763829944,0.8985230839658015,-0.0069033271883682,64.4518432617187500,0.0000000000000000,0.0000000000000000,0.0000000000000000,1.0000000000000000,
-0.8860429600524553,0.4315310085780713,-0.1694368955601945,86.4182891845703125,-0.1492689381448261,0.0804675639505206,0.9855169989690615,65.3855438232421875,0.4389153187650209,0.8985020644313856,-0.0068835431239150,64.4475555419921875,0.0000000000000000,0.0000000000000000,0.0000000000000000,1.0000000000000000,
-0.8857639418943049,0.4320711542226173,-0.1695191933929545,86.4207916259765625,-0.1493167864300208,0.0805475771075351,0.9855032141562591,65.3812866210937500,0.4394618715316202,0.8982352729162004,-0.0068306631511747,64.4464950561523438,0.0000000000000000,0.0000000000000000,0.0000000000000000,1.0000000000000000,
-0.8850497280882107,0.4335390112280081,-0.1695019308280156,86.3946456909179688,-0.1491765117288310,0.0807691858210428,0.9855063201066870,65.3754882812500000,0.4409459685260795,0.8975078074118615,-0.0068109085554593,64.4360122680664062,0.0000000000000000,0.0000000000000000,0.0000000000000000,1.0000000000000000,
-0.8850698279510737,0.4335581368985814,-0.1693479895944678,86.4183959960937500,-0.1490087672673441,0.0807613854848431,0.9855323362995425,65.3812103271484375,0.4409623418480579,0.8974992704975304,-0.0068755020381764,64.4285049438476562,0.0000000000000000,0.0000000000000000,0.0000000000000000,1.0000000000000000,
-0.8850103696711973,0.4336742234459960,-0.1693614876321165,86.4229660034179688,-0.1490212977704912,0.0807644616373715,0.9855301895666231,65.3757400512695312,0.4410774290136027,0.8974429060697613,-0.0068506904624531,64.4290466308593750,0.0000000000000000,0.0000000000000000,0.0000000000000000,1.0000000000000000,
-0.8850358555023974,0.4336232325447290,-0.1693588694831190,86.4291915893554688,-0.1490117734238698,0.0807787930170315,0.9855304551254545,65.3768768310546875,0.4410295067863528,0.8974662549623645,-0.0068771613049984,64.4358139038085938,0.0000000000000000,0.0000000000000000,0.0000000000000000,1.0000000000000000,
-0.8849353379553746,0.4338019481145673,-0.1694264366910114,86.4358062744140625,-0.1490505913210809,0.0808497911990878,0.9855187631343707,65.3812103271484375,0.4412180513812226,0.8973734902898961,-0.0068884004156731,64.4267272949218750,0.0000000000000000,0.0000000000000000,0.0000000000000000,1.0000000000000000,
-0.8873308537274679,0.4288288564086369,-0.1695575652530537,86.5985183715820312,-0.1495478757484350,0.0802177849093288,0.9854950734749369,65.3938674926757812,0.4362102576538216,0.8998171585914003,-0.0070492710321789,64.4867401123046875,0.0000000000000000,0.0000000000000000,0.0000000000000000,1.0000000000000000,
-0.8874425615731192,0.4298989301762114,-0.1662305920758552,86.7246932983398438,-0.1465360542111703,0.0787893023389212,0.9860625896225690,65.2847290039062500,0.4370044447425695,0.8994326854580585,-0.0069252873545858,64.5128173828125000,0.0000000000000000,0.0000000000000000,0.0000000000000000,1.0000000000000000,
-0.8862807122805977,0.4323988220165851,-0.1659450443914073,86.6695480346679688,-0.1463051708510597,0.0785694761041508,0.9861144124324328,65.2868576049804688,0.4394329255092739,0.8982528019123510,-0.0063724277141668,64.4962539672851562,0.0000000000000000,0.0000000000000000,0.0000000000000000,1.0000000000000000,
-0.8862788358903468,0.4324075742163221,-0.1659322597122325,86.6609802246093750,-0.1463024364788673,0.0785458474421118,0.9861167004619420,65.2868423461914062,0.4394376202980340,0.8982506552237833,-0.0063512405752510,64.4913177490234375,0.0000000000000000,0.0000000000000000,0.0000000000000000,1.0000000000000000,
-0.8862804484147098,0.4323922221302550,-0.1659636496317237,86.6669464111328125,-0.1463267065619218,0.0785678761856664,0.9861113445135976,65.2853012084960938,0.4394262869976746,0.8982561188619501,-0.0063626427295126,64.4899291992187500,0.0000000000000000,0.0000000000000000,0.0000000000000000,1.0000000000000000,
-0.8862868983734696,0.4323810558018144,-0.1659582970364638,86.6656494140625000,-0.1463284988625792,0.0785522178942205,0.9861123259976639,65.2855911254882812,0.4394126809642150,0.8982628633354532,-0.0063501307257290,64.4989700317382812,0.0000000000000000,0.0000000000000000,0.0000000000000000,1.0000000000000000,
-0.8872698764361906,0.4303230889268562,-0.1660548268053555,86.7238769531250000,-0.1468680279509197,0.0776975716847854,0.9860998274617513,65.4230651855468750,0.4372435805528945,0.8993248170103708,-0.0057380113757160,64.5191802978515625,0.0000000000000000,0.0000000000000000,0.0000000000000000,1.0000000000000000,
-0.8870460089634986,0.4309629490872225,-0.1655908043822871,86.7247543334960938,-0.1460631524395293,0.0782816112301106,0.9861731819729457,65.2873840332031250,0.4379668177857263,0.8989677001190097,-0.0064915838885857,64.4977035522460938,0.0000000000000000,0.0000000000000000,0.0000000000000000,1.0000000000000000,
-0.8873137531279164,0.4302964174346577,-0.1658894109126613,86.7099304199218750,-0.1463145245800441,0.0784582138864248,0.9861218832226917,65.2880859375000000,0.4373401003875206,0.8992715395344451,-0.0066584364818283,64.4966049194335938,0.0000000000000000,0.0000000000000000,0.0000000000000000,1.0000000000000000,
-0.8873095717723312,0.4303040040000775,-0.1658920974088395,86.7125244140625000,-0.1463230588512992,0.0784466765442650,0.9861215347955640,65.2894973754882812,0.4373457285599139,0.8992689158870446,-0.0066430888702013,64.4998397827148438,0.0000000000000000,0.0000000000000000,0.0000000000000000,1.0000000000000000,
-0.8873090284570673,0.4303074963567405,-0.1658859445455494,86.7125320434570312,-0.1463079199871760,0.0784636854347148,0.9861224278034794,65.2877883911132812,0.4373518955802083,0.8992657608555972,-0.0066641417453937,64.4945220947265625,0.0000000000000000,0.0000000000000000,0.0000000000000000,1.0000000000000000,
-0.8873115197346568,0.4303029955687354,-0.1658842938639662,86.7068176269531250,-0.1463078453123761,0.0784601431225642,0.9861227207306587,65.2888793945312500,0.4373468661671463,0.8992682235827971,-0.0066618847195586,64.5009460449218750,0.0000000000000000,0.0000000000000000,0.0000000000000000,1.0000000000000000,
-0.8873112798449787,0.4303028353429916,-0.1658859926444901,86.7067565917968750,-0.1463097475982295,0.0784601163721237,0.9861224406211507,65.2889022827148438,0.4373467164820242,0.8992683025853043,-0.0066610470450995,64.5009384155273438,0.0000000000000000,0.0000000000000000,0.0000000000000000,1.0000000000000000,
-0.8873378826639300,0.4302501348659290,-0.1658803889474088,86.6941146850585938,-0.1462786947206441,0.0785120616528277,0.9861229130518401,65.2875289916992188,0.4373031276589710,0.8992889844887862,-0.0067302984190308,64.4913482666015625,0.0000000000000000,0.0000000000000000,0.0000000000000000,1.0000000000000000,
-0.8873347615729155,0.4302559473429951,-0.1658820083080733,86.6960601806640625,-0.1462779374716040,0.0785172202630132,0.9861226146535850,65.2879714965820312,0.4373097139481255,0.8992857531942511,-0.0067341063592244,64.4892272949218750,0.0000000000000000,0.0000000000000000,0.0000000000000000,1.0000000000000000,
-0.8872689242710330,0.4302957202523418,-0.1661308194027893,86.6676406860351562,-0.1465593290418121,0.0785065211941752,0.9860816848521233,65.2914810180664062,0.4373490815055378,0.8992676571869505,-0.0065925445584704,64.4968338012695312,0.0000000000000000,0.0000000000000000,0.0000000000000000,1.0000000000000000,
-0.8872631650131223,0.4303112651843214,-0.1661213143048333,86.6647872924804688,-0.1465387158883044,0.0785269232297883,0.9860831238155684,65.2857513427734375,0.4373676722812324,0.8992584374825356,-0.0066167862112224,64.4897842407226562,0.0000000000000000,0.0000000000000000,0.0000000000000000,1.0000000000000000,
-0.8869912276338259,0.4309448721278721,-0.1659309473465715,86.6338272094726562,-0.1461225530682222,0.0789361067949471,0.9861122099076156,65.2765731811523438,0.4380579431827064,0.8989191333099708,-0.0070448693237017,64.4394683837890625,0.0000000000000000,0.0000000000000000,0.0000000000000000,1.0000000000000000,
-0.8869831360881857,0.4309630427980318,-0.1659270081615070,86.6283264160156250,-0.1461234037291421,0.0789250500823964,0.9861129688590963,65.2807617187500000,0.4380740430312862,0.8989113928590253,-0.0070314017428847,64.4448394775390625,0.0000000000000000,0.0000000000000000,0.0000000000000000,1.0000000000000000,
-0.8850899430463138,0.4349309145537982,-0.1656831080215180,86.5221176147460938,-0.1456524529407768,0.0792626959746438,0.9861555597263374,65.2718734741210938,0.4420420293033324,0.8969685192871755,-0.0068058605013588,64.4025497436523438,0.0000000000000000,0.0000000000000000,0.0000000000000000,1.0000000000000000,
-0.8874242761486748,0.4300469402030702,-0.1659451214226473,86.6337051391601562,-0.1462320051993000,0.0787596082359998,0.9861100976898591,65.3779754638671875,0.4371434029667978,0.8993645275039976,-0.0070065619328669,64.4461441040039062,0.0000000000000000,0.0000000000000000,0.0000000000000000,1.0000000000000000,
-0.8874465595339107,0.4300977498742556,-0.1656940841566992,86.6637115478515625,-0.1459771511121440,0.0787091153855862,0.9861518881533416,65.2788619995117188,0.4371833429175995,0.8993446506808835,-0.0070656894265087,64.4466018676757812,0.0000000000000000,0.0000000000000000,0.0000000000000000,1.0000000000000000,
-0.8871742177837033,0.4307277293425427,-0.1655159523287465,86.6668472290039062,-0.1457134811765869,0.0788327353227494,0.9861810083574587,65.2816009521484375,0.4378235817121722,0.8990322702867517,-0.0071755334139214,64.4373321533203125,0.0000000000000000,0.0000000000000000,0.0000000000000000,1.0000000000000000,
-0.8872241263120533,0.4307270605803921,-0.1652499590728819,86.6717987060546875,-0.1454229848125654,0.0788221120564800,0.9862247361221272,65.2795791625976562,0.4378190324529282,0.8990335221418224,-0.0072952647142379,64.4239730834960938,0.0000000000000000,0.0000000000000000,0.0000000000000000,1.0000000000000000,
-0.8870850201862789,0.4308817564336543,-0.1655931125794735,86.6668548583984375,-0.1457640959822326,0.0789021091294988,0.9861679803651096,65.2754821777343750,0.4379874373581870,0.8989523731252763,-0.0071857893680932,64.4258651733398438,0.0000000000000000,0.0000000000000000,0.0000000000000000,1.0000000000000000,
-0.8870200357801289,0.4310000990063469,-0.1656332417757321,86.6739959716796875,-0.1457670038380546,0.0789855255672600,0.9861608729527552,65.2786636352539062,0.4381180625318882,0.8988883142011487,-0.0072361506287232,64.4259490966796875,0.0000000000000000,0.0000000000000000,0.0000000000000000,1.0000000000000000,
-0.8869216713393775,0.4306641650820640,-0.1670279192911579,86.6646575927734375,-0.1473098573432862,0.0790070573084168,0.9859298610068390,65.4110870361328125,0.4378010448115280,0.8990474191107123,-0.0066319945944828,64.4132156372070312,0.0000000000000000,0.0000000000000000,0.0000000000000000,1.0000000000000000,
-0.8868560456229282,0.4308057086526640,-0.1670113640874138,86.6586303710937500,-0.1472501753275179,0.0790894093095123,0.9859321737325990,65.4100494384765625,0.4379540389219833,0.8989723614924701,-0.0067047046596869,64.4031448364257812,0.0000000000000000,0.0000000000000000,0.0000000000000000,1.0000000000000000,
-0.8865120987161744,0.4315154336300662,-0.1670051776709330,86.6622772216796875,-0.1474300991751277,0.0786947399793104,0.9859368660095844,65.2943725585937500,0.4385894033000068,0.8986665501945897,-0.0061454759213032,64.4752273559570312,0.0000000000000000,0.0000000000000000,0.0000000000000000,1.0000000000000000,
-0.8872894847673923,0.4304968630627607,-0.1654987042678537,86.7289810180664062,-0.1458646736050807,0.0784868771336462,0.9861862436233286,65.2851943969726562,0.4375395607431392,0.8991730984693275,-0.0068462963542539,64.4699630737304688,0.0000000000000000,0.0000000000000000,0.0000000000000000,1.0000000000000000,
-0.8873900910905906,0.4302925581663028,-0.1654906058389193,86.7414627075195312,-0.1458185933763971,0.0785666856107197,0.9861867032858816,65.2824478149414062,0.4373508477869485,0.8992639158216267,-0.0069746427286405,64.4564895629882812,0.0000000000000000,0.0000000000000000,0.0000000000000000,1.0000000000000000,
-0.8872879003701515,0.4305092187831786,-0.1654750567288797,86.7176589965820312,-0.1458389313219813,0.0784855502078345,0.9861901563691639,65.2799377441406250,0.4375513546631883,0.8991672986442905,-0.0068542746617058,64.4688873291015625,0.0000000000000000,0.0000000000000000,0.0000000000000000,1.0000000000000000,
-0.8873083779429563,0.4304465483920948,-0.1655282797879922,86.7210769653320312,-0.1458903498485116,0.0785025407801655,0.9861811988230852,65.2835159301757812,0.4374926836569027,0.8991958185336441,-0.0068579645880424,64.4679946899414062,0.0000000000000000,0.0000000000000000,0.0000000000000000,1.0000000000000000,
-0.8873218749786441,0.4304210391999367,-0.1655222619421050,86.7134704589843750,-0.1458780072736229,0.0785146075886208,0.9861820640171278,65.2843322753906250,0.4374694242781559,0.8992069758455234,-0.0068787653316188,64.4650421142578125,0.0000000000000000,0.0000000000000000,0.0000000000000000,1.0000000000000000,
-0.8856979353973395,0.4339027498720215,-0.1651289522960411,86.6179428100585938,-0.1457646187640395,0.0777961409236074,0.9862557662056880,65.3017578125000000,0.4407854842771760,0.8975946546804365,-0.0056562124821560,64.4418869018554688,0.0000000000000000,0.0000000000000000,0.0000000000000000,1.0000000000000000,
-0.8862169704114196,0.4326895055352537,-0.1655272580406700,86.6324310302734375,-0.1462820413594904,0.0776622727273855,0.9861897057719257,65.3087463378906250,0.4395691592121826,0.8981917185069537,-0.0055309199072036,64.4602584838867188,0.0000000000000000,0.0000000000000000,0.0000000000000000,1.0000000000000000,
-0.8862181602642949,0.4326938758324003,-0.1655094626748095,86.6330947875976562,-0.1462841773182210,0.0776173829866245,0.9861929229743230,65.3094024658203125,0.4395660495125848,0.8981934934497372,-0.0054896666981605,64.4629669189453125,0.0000000000000000,0.0000000000000000,0.0000000000000000,1.0000000000000000,
-0.8862132351671527,0.4326907523381616,-0.1655439961327643,86.6297836303710938,-0.1462945167739510,0.0776748235909430,0.9861868667458474,65.3079147338867188,0.4395725380144273,0.8981900325772668,-0.0055361721796987,64.4560852050781250,0.0000000000000000,0.0000000000000000,0.0000000000000000,1.0000000000000000,
-0.8864014631220900,0.4329017940764840,-0.1639770802898360,86.6640701293945312,-0.1444512452984084,0.0778749585963069,0.9864427649668086,65.2924041748046875,0.4398025510462132,0.8980710036010433,-0.0064952739940753,64.4270172119140625,0.0000000000000000,0.0000000000000000,0.0000000000000000,1.0000000000000000,
-0.8863934013404262,0.4328945383947529,-0.1640398021461371,86.6654815673828125,-0.1444959745905371,0.0779262735197418,0.9864321614903160,65.2927093505859375,0.4398041056962529,0.8980700498977349,-0.0065218164186778,64.4238128662109375,0.0000000000000000,0.0000000000000000,0.0000000000000000,1.0000000000000000,
-0.8862147311605374,0.4326866683097429,-0.1655466621260333,86.6363067626953125,-0.1462976730692092,0.0776744935005310,0.9861864245232594,65.3106231689453125,0.4395684714906100,0.8981920285364654,-0.0055352276338198,64.4508438110351562,0.0000000000000000,0.0000000000000000,0.0000000000000000,1.0000000000000000,
-0.8861809651744055,0.4325699399557638,-0.1660317560264499,86.6465301513671875,-0.1464101677081869,0.0785493388611269,0.9861004330980392,65.2981719970703125,0.4395990898014012,0.8981721708064366,-0.0062762914713211,64.3847045898437500,0.0000000000000000,0.0000000000000000,0.0000000000000000,1.0000000000000000,
-0.8861633469188915,0.4326064580690448,-0.1660306448053003,86.6605606079101562,-0.1463941651080661,0.0785789252341804,0.9861004517448275,65.2991638183593750,0.4396399333543534,0.8981519943450533,-0.0063027021334353,64.3792953491210938,0.0000000000000000,0.0000000000000000,0.0000000000000000,1.0000000000000000,
-0.8861867207529446,0.4325762368193253,-0.1659846236865761,86.6548995971679688,-0.1463728121295970,0.0785184053641671,0.9861084422558923,65.2992858886718750,0.4395999270136620,0.8981718428888202,-0.0062645679247385,64.3787155151367188,0.0000000000000000,0.0000000000000000,0.0000000000000000,1.0000000000000000,
-0.8869335905626938,0.4309087350091299,-0.1663324022083476,86.7136993408203125,-0.1465587778438606,0.0789574554069197,0.9860457620580183,65.2929458618164062,0.4380289152196256,0.8989345817847348,-0.0068765618605710,64.3780517578125000,0.0000000000000000,0.0000000000000000,0.0000000000000000,1.0000000000000000,
-0.8868966875996294,0.4309873243853800,-0.1663255595028533,86.7099609375000000,-0.1465216216421532,0.0790167115963102,0.9860465372789762,65.2892227172851562,0.4381160575876668,0.8988916984307046,-0.0069306981036242,64.3793258666992188,0.0000000000000000,0.0000000000000000,0.0000000000000000,1.0000000000000000,
-0.8874535510613240,0.4300077396191709,-0.1658901400814937,86.7359542846679688,-0.1461853644100842,0.0787305674920595,0.9861193320154864,65.4063873291015625,0.4370995698246992,0.8993858135472172,-0.0070088835825163,64.3850021362304688,0.0000000000000000,0.0000000000000000,0.0000000000000000,1.0000000000000000,
-0.8874320968624582,0.4300384625172073,-0.1659252669551478,86.7600021362304688,-0.1461993084530080,0.0787816386872115,0.9861131860053490,65.2901992797851562,0.4371384628080246,0.8993666516841695,-0.0070420289862421,64.3833847045898438,0.0000000000000000,0.0000000000000000,0.0000000000000000,1.0000000000000000,
-0.8870248135729293,0.4308583640404876,-0.1659760532193260,86.7410202026367188,-0.1461613278874134,0.0789609913745493,0.9861044711750051,65.2904586791992188,0.4379769929301057,0.8989584150434898,-0.0070655280339870,64.3762283325195312,0.0000000000000000,0.0000000000000000,0.0000000000000000,1.0000000000000000,
-0.8874488743075321,0.4300463797925799,-0.1658149773620909,86.7479553222656250,-0.1460833671033294,0.0787678926532177,0.9861314663586824,65.4083480834960938,0.4371431634442525,0.8993640699484651,-0.0070798544959772,64.3826370239257812,0.0000000000000000,0.0000000000000000,0.0000000000000000,1.0000000000000000,
-0.8876336194812280,0.4297246762405771,-0.1656600742381398,86.7999343872070312,-0.1462621307451846,0.0780510901053615,0.9861619625818282,65.3032989501953125,0.4367080794724703,0.8995803076786952,-0.0064283248339461,64.4309234619140625,0.0000000000000000,0.0000000000000000,0.0000000000000000,1.0000000000000000,
-0.8874158678864279,0.4300976500437963,-0.1658586411682619,86.7287139892578125,-0.1461594947234768,0.0787101801581273,0.9861247941521667,65.4055557250976562,0.4371847201419052,0.8993446052355455,-0.0069858076243655,64.3920898437500000,0.0000000000000000,0.0000000000000000,0.0000000000000000,1.0000000000000000,
-0.8874484478616412,0.4300443920148342,-0.1658224149038832,86.7489471435546875,-0.1461228647667656,0.0787036691753889,0.9861307422703564,65.4078598022460938,0.4371308279912519,0.8993706429247746,-0.0070061305126254,64.3960418701171875,0.0000000000000000,0.0000000000000000,0.0000000000000000,1.0000000000000000,
-0.8868459481814925,0.4319181449414877,-0.1641675371819087,86.7626800537109375,-0.1449373368343966,0.0773297569426699,0.9864143536478674,65.4181900024414062,0.4387452935193974,0.8985915783944848,-0.0059785159601944,64.4232482910156250,0.0000000000000000,0.0000000000000000,0.0000000000000000,1.0000000000000000,
-0.8870161468560582,0.4309554452869935,-0.1657702005612611,86.7276306152343750,-0.1459112043849116,0.0790028901285292,0.9861381565411026,65.2860641479492188,0.4380779333081913,0.8989081974978473,-0.0071956111342394,64.3759384155273438,0.0000000000000000,0.0000000000000000,0.0000000000000000,1.0000000000000000,
-0.8874456545122618,0.4300426181062581,-0.1658419636268755,86.7418746948242188,-0.1461420675328147,0.0787088849596412,0.9861274803622726,65.4067993164062500,0.4371300794781081,0.8993710346907582,-0.0070025405916659,64.3980865478515625,0.0000000000000000,0.0000000000000000,0.0000000000000000,1.0000000000000000,
-0.8874182184201254,0.4300942634096946,-0.1658548467730842,86.7249145507812500,-0.1461579399045252,0.0787047649340421,0.9861254568154817,65.4076690673828125,0.4371804687070504,0.8993466987534615,-0.0069823507742272,64.3917312622070312,0.0000000000000000,0.0000000000000000,0.0000000000000000,1.0000000000000000,
-0.8871701348995932,0.4306283553413456,-0.1657961740157045,86.7310638427734375,-0.1460389397001553,0.0788058342182764,0.9861350153931335,65.2892227172851562,0.4377234056267637,0.8990822320951346,-0.0070256741554314,64.3863143920898438,0.0000000000000000,0.0000000000000000,0.0000000000000000,1.0000000000000000,
-0.8870130054757356,0.4307010019970624,-0.1664469134457868,86.7156982421875000,-0.1467497877715606,0.0788302524899320,0.9860275305899808,65.3010787963867188,0.4378040976348951,0.8990452926138371,-0.0067181785474382,64.3981475830078125,0.0000000000000000,0.0000000000000000,0.0000000000000000,1.0000000000000000,
-0.8873855347698990,0.4299867306110171,-0.1663079197741026,86.7173690795898438,-0.1466446258645905,0.0787411590663081,0.9860502946472501,65.4116439819335938,0.4370838207783206,0.8993949306991578,-0.0068185223092664,64.4012298583984375,0.0000000000000000,0.0000000000000000,0.0000000000000000,1.0000000000000000,
-0.8873593278341984,0.4302139897455251,-0.1658594173777213,86.7373809814453125,-0.1461412014973945,0.0787475108940663,0.9861245249728287,65.2932510375976562,0.4373055825513070,0.8992856901759451,-0.0070053489731761,64.3829345703125000,0.0000000000000000,0.0000000000000000,0.0000000000000000,1.0000000000000000,
-0.8873573219721158,0.4302165995094208,-0.1658633794694481,86.7357788085937500,-0.1461445120596099,0.0787497111158407,0.9861238586475993,65.2894134521484375,0.4373085463803951,0.8992842490034632,-0.0070053377465812,64.3887100219726562,0.0000000000000000,0.0000000000000000,0.0000000000000000,1.0000000000000000,
-0.8874690186160962,0.4300046246179302,-0.1658154510405334,86.7226257324218750,-0.1460849838072085,0.0787664010340291,0.9861313460052845,65.4060134887695312,0.4371017255772737,0.8993841653461212,-0.0070855220012565,64.3930053710937500,0.0000000000000000,0.0000000000000000,0.0000000000000000,1.0000000000000000,
-0.8874523307514308,0.4300354157897778,-0.1658249131173166,86.7163391113281250,-0.1461322431327123,0.0786902446963489,0.9861304238824754,65.4082107543945312,0.4371198098472026,0.8993761096205201,-0.0069918011273064,64.3880538940429688,0.0000000000000000,0.0000000000000000,0.0000000000000000,1.0000000000000000,
-0.8874537638575002,0.4300180642959508,-0.1658622361911224,86.7115402221679688,-0.1461701058638338,0.0786979811731415,0.9861241949729393,65.4076690673828125,0.4371042406187702,0.8993837290825509,-0.0069850336185911,64.3929061889648438,0.0000000000000000,0.0000000000000000,0.0000000000000000,1.0000000000000000,
-0.8868972103519135,0.4309784106338095,-0.1663458681108408,86.6762695312500000,-0.1465590750603081,0.0789863490552072,0.9860434038014736,65.2931060791015625,0.4381024717888049,0.8988986406878610,-0.0068889753994930,64.3852081298828125,0.0000000000000000,0.0000000000000000,0.0000000000000000,1.0000000000000000,
-0.8873697930091192,0.4301856670484089,-0.1658768890504894,86.7295532226562500,-0.1461509351561914,0.0787679278236325,0.9861214517995953,65.2913284301757812,0.4372810933574921,0.8992974510207878,-0.0070242422786990,64.3860092163085938,0.0000000000000000,0.0000000000000000,0.0000000000000000,1.0000000000000000,
-0.8872706050754342,0.4304148232325046,-0.1658130070615834,86.6658554077148438,-0.1460872718436309,0.0787487725170229,0.9861324149587354,65.2799453735351562,0.4375035798417631,0.8991894743427516,-0.0069933437530313,64.4245071411132812,0.0000000000000000,0.0000000000000000,0.0000000000000000,1.0000000000000000,
-0.8872739327435153,0.4304100719499488,-0.1658075337187548,86.6640243530273438,-0.1460824803191765,0.0787462021923785,0.9861333300239246,65.2823638916015625,0.4374984311030765,0.8991919737210278,-0.0069940816430439,64.4252319335937500,0.0000000000000000,0.0000000000000000,0.0000000000000000,1.0000000000000000,
-0.8873472653223702,0.4309931211547530,-0.1638894756907712,86.7053451538085938,-0.1436928990809729,0.0792637021969833,0.9864429108000793,65.2696304321289062,0.4381405955610789,0.8988671731859567,-0.0084037783211365,64.3601455688476562,0.0000000000000000,0.0000000000000000,0.0000000000000000,1.0000000000000000,
-0.8873489009942950,0.4309904191530176,-0.1638877252954684,86.7063827514648438,-0.1436914663690868,0.0792627070350874,0.9864431994626814,65.2676315307617188,0.4381377527638063,0.8988685565041066,-0.0084040306582931,64.3640518188476562,0.0000000000000000,0.0000000000000000,0.0000000000000000,1.0000000000000000,
-0.8873111407306942,0.4310884820348602,-0.1638342460905977,86.7033920288085938,-0.1436349118076194,0.0792546706134258,0.9864520816015214,65.2630081176757812,0.4382327596668372,0.8988222392903046,-0.0084041960918766,64.3648910522460938,0.0000000000000000,0.0000000000000000,0.0000000000000000,1.0000000000000000,
-0.8871357531918600,0.4313718861418139,-0.1640379567513739,86.6788253784179688,-0.1436634968713847,0.0796542341091755,0.9864157352025396,65.2557220458984375,0.4385783340241483,0.8986509326957463,-0.0086917253562263,64.3457183837890625,0.0000000000000000,0.0000000000000000,0.0000000000000000,1.0000000000000000,
-0.8871409321207299,0.4313583350444411,-0.1640455831275273,86.6751937866210938,-0.1436645780072138,0.0796696931864848,0.9864143292823664,65.2615585327148438,0.4385675040195888,0.8986560670107666,-0.0087073327011767,64.3510055541992188,0.0000000000000000,0.0000000000000000,0.0000000000000000,1.0000000000000000,
-0.8871404132900429,0.4313597039790122,-0.1640447892824114,86.6746749877929688,-0.1436644939872019,0.0796680264628969,0.9864144761340988,65.2615051269531250,0.4385685810394688,0.8986555576763806,-0.0087056523236825,64.3512039184570312,0.0000000000000000,0.0000000000000000,0.0000000000000000,1.0000000000000000,
-0.8871404680189962,0.4313612483829370,-0.1640404322005724,86.6782684326171875,-0.1436671698639438,0.0796525823210029,0.9864153336363343,65.2541275024414062,0.4385675937712695,0.8986561853807660,-0.0086905794150219,64.3551025390625000,0.0000000000000000,0.0000000000000000,0.0000000000000000,1.0000000000000000,
-0.8870937337928035,0.4313267435780058,-0.1643835385308878,86.6604537963867188,-0.1439207249394776,0.0799155123152228,0.9863571036010694,65.2540435791015625,0.4385789921991679,0.8986494039200100,-0.0088156925861450,64.3540878295898438,0.0000000000000000,0.0000000000000000,0.0000000000000000,1.0000000000000000,
-0.8870367635086051,0.4314445045872173,-0.1643819322360891,86.6585998535156250,-0.1438954805056428,0.0799609340505425,0.9863571055737446,65.2533645629882812,0.4387024856029765,0.8985888317174077,-0.0088453738482216,64.3492813110351562,0.0000000000000000,0.0000000000000000,0.0000000000000000,1.0000000000000000,
-0.8872836361279852,0.4311425810930443,-0.1638408490820544,86.6928176879882812,-0.1436355517481947,0.0792672598269241,0.9864509768830494,65.2666473388671875,0.4382882354495639,0.8987951803875891,-0.0084051400076948,64.3786773681640625,0.0000000000000000,0.0000000000000000,0.0000000000000000,1.0000000000000000,
-0.8871865328704420,0.4312578697393771,-0.1640631149319632,86.6807327270507812,-0.1437117277221830,0.0796152258647751,0.9864118587717838,65.2617187500000000,0.4384597988509657,0.8987091106683827,-0.0086567426446329,64.3706130981445312,0.0000000000000000,0.0000000000000000,0.0000000000000000,1.0000000000000000,
-0.8871453218478904,0.4313495294756924,-0.1640449979258796,86.6735534667968750,-0.1436706229439215,0.0796561674142027,0.9864145412025240,65.2585449218750000,0.4385566440339361,0.8986614926733977,-0.0086943406715021,64.3628540039062500,0.0000000000000000,0.0000000000000000,0.0000000000000000,1.0000000000000000,
-0.8871322373506978,0.4313803980537624,-0.1640345866825727,86.6723327636718750,-0.1436573510899997,0.0796589610885213,0.9864162485462727,65.2587432861328125,0.4385874587023090,0.8986464277418985,-0.0086970670789388,64.3661804199218750,0.0000000000000000,0.0000000000000000,0.0000000000000000,1.0000000000000000,
-0.8871428688009100,0.4313568078321609,-0.1640391254321354,86.6737136840820312,-0.1436658614608905,0.0796523838776152,0.9864155402229394,65.2603073120117188,0.4385631660164722,0.8986583344516765,-0.0086917969457916,64.3674392700195312,0.0000000000000000,0.0000000000000000,0.0000000000000000,1.0000000000000000,
-0.8871302012360119,0.4313838316507545,-0.1640365686219583,86.6849670410156250,-0.1436582336348858,0.0796615924557369,0.9864159075138238,65.2585067749023438,0.4385912880619696,0.8986445462349001,-0.0086983652724427,64.3588943481445312,0.0000000000000000,0.0000000000000000,0.0000000000000000,1.0000000000000000,
-0.8871296876113974,0.4313823327054939,-0.1640432881530702,86.6927490234375000,-0.1436654240404744,0.0796622015834799,0.9864148111084625,65.2586517333984375,0.4385899717204844,0.8986452117874104,-0.0086959782534849,64.3632278442382812,0.0000000000000000,0.0000000000000000,0.0000000000000000,1.0000000000000000,
-0.8869021987981385,0.4315227772249510,-0.1649017359007857,86.6522750854492188,-0.1441398323267848,0.0806423990352076,0.9862659439596668,65.2491607666015625,0.4388942908079729,0.8984903428606853,-0.0093223002662895,64.3285675048828125,0.0000000000000000,0.0000000000000000,0.0000000000000000,1.0000000000000000,
-0.8870061413794336,0.4313092061883127,-0.1649014063383800,86.6656799316406250,-0.1441821839040978,0.0805599517784613,0.9862664913775063,65.2507629394531250,0.4386702668289850,0.8986002797833191,-0.0092700686905525,64.3361892700195312,0.0000000000000000,0.0000000000000000,0.0000000000000000,1.0000000000000000,
-0.8868655662531142,0.4316094635049007,-0.1648718848304802,86.6680068969726562,-0.1441081818569095,0.0806371883710342,0.9862709950989688,65.2490234375000000,0.4389787002992735,0.8984491721097115,-0.0093158906678089,64.3268814086914062,0.0000000000000000,0.0000000000000000,0.0000000000000000,1.0000000000000000,
-0.8864474326389851,0.4325484339489143,-0.1646596533947939,86.6651763916015625,-0.1438536673783302,0.0806527807955839,0.9863068748273756,65.2442169189453125,0.4399057530307562,0.8979960919949936,-0.0092707719291355,64.3198699951171875,0.0000000000000000,0.0000000000000000,0.0000000000000000,1.0000000000000000,
-0.8861604324260721,0.4334044134078348,-0.1639521346035119,86.6665802001953125,-0.1430071742571163,0.0807528841486234,0.9864217758204011,65.2321090698242188,0.4407591588537126,0.8975742788985711,-0.0095800702647791,64.3032531738281250,0.0000000000000000,0.0000000000000000,0.0000000000000000,1.0000000000000000,
-0.8861565597577692,0.4334025619576999,-0.1639779585394858,86.6631240844726562,-0.1430259208670807,0.0807732913199439,0.9864173869967353,65.2373123168945312,0.4407608620991645,0.8975733366682891,-0.0095899814262416,64.2976608276367188,0.0000000000000000,0.0000000000000000,0.0000000000000000,1.0000000000000000,
-0.8862888393276297,0.4332370947898366,-0.1637000701934648,86.7013092041015625,-0.1427796727876751,0.0806488455886878,0.9864632424697113,65.2369232177734375,0.4405746909684299,0.8976644046653927,-0.0096207211163354,64.3010177612304688,0.0000000000000000,0.0000000000000000,0.0000000000000000,1.0000000000000000,
-0.8862869916600817,0.4332875444572342,-0.1635765026901581,86.7006301879882812,-0.1426435276617134,0.0806447837646135,0.9864832704449585,65.2350540161132812,0.4406225055876573,0.8976404194719506,-0.0096687589625557,64.2936630249023438,0.0000000000000000,0.0000000000000000,0.0000000000000000,1.0000000000000000,
-0.8862748543950301,0.4333132648334505,-0.1635741329992139,86.6893157958984375,-0.1426466592406888,0.0806324034739429,0.9864838296279802,65.2310485839843750,0.4406459044113986,0.8976291160771199,-0.0096517820152226,64.2933502197265625,0.0000000000000000,0.0000000000000000,0.0000000000000000,1.0000000000000000,
-0.8864163796180298,0.4328104134519406,-0.1641375884812055,86.7060012817382812,-0.1435380373969932,0.0801053602399256,0.9863974670897382,65.2487716674804688,0.4400713962132562,0.8979188589557479,-0.0088819461000002,64.3545379638671875,0.0000000000000000,0.0000000000000000,0.0000000000000000,1.0000000000000000,
-0.8864758650689967,0.4326163168753064,-0.1643279130988366,86.6709671020507812,-0.1434946125752899,0.0806306426557750,0.9863609864683337,65.2514724731445312,0.4399657223148661,0.8979653789752484,-0.0093990079155763,64.3081512451171875,0.0000000000000000,0.0000000000000000,0.0000000000000000,1.0000000000000000,
-0.8865044971017879,0.4324838005484276,-0.1645221531633183,86.6888198852539062,-0.1438457240537271,0.0803581464937177,0.9863320819904184,65.2546768188476562,0.4397933427074194,0.8980536345649307,-0.0090269128140487,64.3179397583007812,0.0000000000000000,0.0000000000000000,0.0000000000000000,1.0000000000000000,
-0.8868497190599530,0.4316293195962525,-0.1649051432434978,86.7216720581054688,-0.1441351820237575,0.0806571577831562,0.9862654167116077,65.2620620727539062,0.4390018509143905,0.8984378405672920,-0.0093178071733699,64.2685165405273438,0.0000000000000000,0.0000000000000000,0.0000000000000000,1.0000000000000000,
-0.8870111495490455,0.4313756638775988,-0.1647005075579382,86.7219390869140625,-0.1439839396710647,0.0805068949902394,0.9862997845360354,65.3749160766601562,0.4387252508033712,0.8985731336253001,-0.0092993459085988,64.2806167602539062,0.0000000000000000,0.0000000000000000,0.0000000000000000,1.0000000000000000,
-0.8870747846085150,0.4314009352460980,-0.1642910818655371,86.7655410766601562,-0.1438538842621916,0.0798401757748903,0.9863729549794614,65.2679595947265625,0.4386392441339882,0.8986204868580655,-0.0087655065191233,64.3044586181640625,0.0000000000000000,0.0000000000000000,0.0000000000000000,1.0000000000000000,
-0.8870737501992008,0.4314007768148709,-0.1642970829657412,86.7709655761718750,-0.1438602628007092,0.0798407822524890,0.9863719756137748,65.2667999267578125,0.4386392441339882,0.8986205090319476,-0.0087632330065358,64.3033752441406250,0.0000000000000000,0.0000000000000000,0.0000000000000000,1.0000000000000000,
