-0.9253914485869051,0.3682946177644372,0.0894971586586788,77.4046020507812500,0.3274980649785025,0.6581441710794291,0.6779316097583206,61.9192504882812500,0.1907765297869899,0.6566622606788959,-0.7296567625140711,56.2800178527832031,0.0000000000000000,0.0000000000000000,0.0000000000000000,1.0000000000000000,
-0.9259963713523806,0.3676759922755186,0.0857034710291102,77.3267593383789062,0.3245684332371168,0.6593521331370973,0.6781667174622793,61.9021377563476562,0.1928368543308776,0.6557965608569265,-0.7298937034801707,56.2671432495117188,0.0000000000000000,0.0000000000000000,0.0000000000000000,1.0000000000000000,
-0.9252393911742482,0.3690765198652597,0.0878327473306816,77.2974472045898438,0.3262003995120724,0.6557105113824647,0.6809089694083278,62.0093421936035156,0.1937146571059381,0.6586548775699571,-0.7270821025686396,56.1811027526855469,0.0000000000000000,0.0000000000000000,0.0000000000000000,1.0000000000000000,
-0.9258581687083599,0.3680212235552751,0.0857148204739487,77.2877426147460938,0.3248926973229353,0.6594692974998296,0.6778974707736478,61.9048042297363281,0.1929543641958653,0.6554850300868506,-0.7301424440955409,56.1839408874511719,0.0000000000000000,0.0000000000000000,0.0000000000000000,1.0000000000000000,
-0.9243982413388893,0.3713661950069784,0.0870347092579028,77.3012313842773438,0.3275643657714570,0.6560080021446668,0.6799669752266695,62.0409088134765625,0.1954212825828139,0.6570697454062255,-0.7280589756231882,56.1485404968261719,0.0000000000000000,0.0000000000000000,0.0000000000000000,1.0000000000000000,
-0.9244266147770992,0.3712785363311711,0.0871073036635612,77.2518310546875000,0.3275414451343089,0.6559915941521911,0.6799938456493525,62.0310592651367188,0.1953254607343375,0.6571356609266084,-0.7280251970416055,56.1684112548828125,0.0000000000000000,0.0000000000000000,0.0000000000000000,1.0000000000000000,
-0.9238915344395229,0.3718760856948521,0.0901809818047005,77.2512130737304688,0.3280970043423719,0.6485737812563026,0.6868074009563842,62.1994552612304688,0.1969182275274347,0.6641236535127901,-0.7212232556651769,56.1732025146484375,0.0000000000000000,0.0000000000000000,0.0000000000000000,1.0000000000000000,
-0.9237313124688653,0.3722996712616178,0.0900745088415117,77.1622009277343750,0.3279209878456776,0.6470974984535491,0.6882823935169881,62.1606903076171875,0.1979603194957599,0.6653253206316818,-0.7198290975165468,56.2014389038085938,0.0000000000000000,0.0000000000000000,0.0000000000000000,1.0000000000000000,
-0.9217236414557859,0.3776803035445043,0.0882219762645206,77.0663604736328125,0.3326597675861082,0.6528973392577077,0.6804869898975014,61.9413986206054688,0.1994066393354124,0.6565688484117540,-0.7274299550363734,56.2085037231445312,0.0000000000000000,0.0000000000000000,0.0000000000000000,1.0000000000000000,
-0.9242969353971364,0.3711269719363126,0.0891063741650725,77.1878356933593750,0.3246064053638154,0.6415708774289086,0.6949945976997827,62.3356781005859375,0.2007631858988218,0.6713058765842020,-0.7134721881413958,56.1946334838867188,0.0000000000000000,0.0000000000000000,0.0000000000000000,1.0000000000000000,
-0.9245147731619893,0.3705182887256767,0.0893791470368306,77.2059478759765625,0.3243576858399513,0.6416796452769358,0.6950103053004447,62.4375762939453125,0.2001612496008823,0.6715381080453007,-0.7134227663883115,56.1841354370117188,0.0000000000000000,0.0000000000000000,0.0000000000000000,1.0000000000000000,
-0.9241486689053084,0.3706777186617933,0.0924514285894776,77.1978225708007812,0.3267469939469388,0.6415229512624628,0.6940350891346480,62.3104782104492188,0.1979536301945133,0.6715998301750739,-0.7139804117772601,56.0898704528808594,0.0000000000000000,0.0000000000000000,0.0000000000000000,1.0000000000000000,
-0.9241536783908744,0.3706686194282270,0.0924378347203560,77.2227096557617188,0.3267340903633413,0.6415384562547788,0.6940268318593129,62.3015060424804688,0.1979515418254062,0.6715900414072616,-0.7139901983721744,56.1127471923828125,0.0000000000000000,0.0000000000000000,0.0000000000000000,1.0000000000000000,
-0.9241525213444799,0.3706833291097468,0.0923904043326812,77.1797027587890625,0.3267109772547437,0.6415410423924905,0.6940353220602014,62.3039436340332031,0.1979950873983789,0.6715794520725541,-0.7139880845784730,56.0740165710449219,0.0000000000000000,0.0000000000000000,0.0000000000000000,1.0000000000000000,
-0.9241403746408704,0.3706867156203597,0.0924982530711913,77.2130508422851562,0.3267833788311556,0.6415027175751792,0.6940366608928908,62.3103561401367188,0.1979322896303813,0.6716141914866379,-0.7139728191713074,56.0511093139648438,0.0000000000000000,0.0000000000000000,0.0000000000000000,1.0000000000000000,
-0.9228323771461131,0.3739911741387710,0.0922551101953599,77.1574630737304688,0.3285394780184498,0.6391442333126982,0.6953822405026520,62.3632469177246094,0.2011024989258444,0.6720306917763704,-0.7126938573022459,56.0779266357421875,0.0000000000000000,0.0000000000000000,0.0000000000000000,1.0000000000000000,
-0.9244884004288979,0.3702880719123154,0.0905976891089291,77.2540588378906250,0.3273178333274465,0.6492255882864889,0.6865633048014498,62.2043151855468750,0.1954078643715353,0.6643740507526783,-0.7214034150378228,56.0208625793457031,0.0000000000000000,0.0000000000000000,0.0000000000000000,1.0000000000000000,
-0.9245062875868345,0.3701870787149605,0.0908275892275745,77.2327804565429688,0.3273787509818920,0.6491289959421790,0.6866255894100037,62.2095832824707031,0.1952210993154831,0.6645246973435845,-0.7213152216628121,55.9438514709472656,0.0000000000000000,0.0000000000000000,0.0000000000000000,1.0000000000000000,
-0.9248844653517507,0.3695671775305407,0.0894920501671344,77.2849884033203125,0.3259838844086482,0.6494579942412581,0.6869780351815997,62.2219200134277344,0.1957632060854553,0.6645482789145057,-0.7211465538535922,55.9975967407226562,0.0000000000000000,0.0000000000000000,0.0000000000000000,1.0000000000000000,
-0.9248465336475403,0.3696653021485211,0.0894787884784544,77.2921371459960938,0.3261009401958022,0.6496202392452136,0.6867690452884474,62.2214622497558594,0.1957474546540597,0.6643350880018564,-0.7213472290416194,56.0103034973144531,0.0000000000000000,0.0000000000000000,0.0000000000000000,1.0000000000000000,
-0.9247557658779900,0.3699356680724143,0.0892993558948140,77.2759017944335938,0.3261298539049582,0.6494309436172494,0.6869343257286969,62.2273216247558594,0.1961277437471375,0.6643696643889043,-0.7212120750323249,55.9969367980957031,0.0000000000000000,0.0000000000000000,0.0000000000000000,1.0000000000000000,
-0.9244845179575363,0.3702114520018611,0.0909497491117838,77.3530120849609375,0.3273605131659622,0.6486911322099175,0.6870479673297443,62.2882728576660156,0.1953547298545410,0.6649385654320925,-0.7208975195716588,55.9921875000000000,0.0000000000000000,0.0000000000000000,0.0000000000000000,1.0000000000000000,
-0.9197205292486390,0.3825842089069038,0.0879969952537150,77.0743865966796875,0.3321981848544415,0.6390268293948312,0.6937500106616242,62.4130477905273438,0.2091853581348800,0.6672885690678870,-0.7148198734879396,56.1307220458984375,0.0000000000000000,0.0000000000000000,0.0000000000000000,1.0000000000000000,
-0.9213037921795579,0.3785339700795033,0.0889458037875634,77.1675186157226562,0.3295362338880206,0.6386583914473288,0.6953569799669882,62.4781112670898438,0.2064102542764426,0.6699458877624077,-0.7131390568464008,55.9951324462890625,0.0000000000000000,0.0000000000000000,0.0000000000000000,1.0000000000000000,
-0.9213376729322680,0.3787735486107371,0.0875642124876535,77.1829071044921875,0.3287752937159802,0.6389474405213987,0.6954516334678672,62.4961967468261719,0.2074697536454997,0.6695347392958660,-0.7132177326723534,55.9704551696777344,0.0000000000000000,0.0000000000000000,0.0000000000000000,1.0000000000000000,
-0.9197305771566465,0.3825564130087166,0.0880128190038606,77.2255020141601562,0.3321774476209391,0.6389942443530177,0.6937899530663112,62.5106925964355469,0.2091741110537830,0.6673357075337869,-0.7147791580028334,56.0236320495605469,0.0000000000000000,0.0000000000000000,0.0000000000000000,1.0000000000000000,
-0.9197486404526934,0.3825216052163384,0.0879753370447522,77.1745529174804688,0.3321560053894241,0.6391057671670612,0.6936974891532639,62.4896812438964844,0.2091287318116827,0.6672488590597347,-0.7148735088211896,56.0507888793945312,0.0000000000000000,0.0000000000000000,0.0000000000000000,1.0000000000000000,
-0.9193943596249635,0.3834239549832580,0.0877501124489312,77.1531372070312500,0.3325850562800935,0.6386906134138213,0.6938742542249596,62.4531326293945312,0.2100028376688530,0.6671284517108180,-0.7147296251653181,55.9600143432617188,0.0000000000000000,0.0000000000000000,0.0000000000000000,1.0000000000000000,
-0.9199609553220293,0.3819742907829332,0.0881333186930748,77.2336654663085938,0.3318341993539897,0.6391094271095888,0.6938481132919146,62.4587326049804688,0.2087053061665576,0.6675588223973437,-0.7147078520748146,56.0249328613281250,0.0000000000000000,0.0000000000000000,0.0000000000000000,1.0000000000000000,
-0.9177649136968213,0.3834993007104475,0.1031302552196200,77.3588104248046875,0.3452263826719941,0.6421005192469301,0.6844893482663060,62.2814712524414062,0.1962811959772920,0.6638035925915290,-0.7216914039728500,55.9708099365234375,0.0000000000000000,0.0000000000000000,0.0000000000000000,1.0000000000000000,
-0.9193871141993900,0.3823999608119636,0.0921824506895245,77.2060012817382812,0.3363936014521615,0.6428924504876030,0.6881341744224662,62.3595542907714844,0.2038790797167829,0.6636712793823863,-0.7197039348070733,56.0903091430664062,0.0000000000000000,0.0000000000000000,0.0000000000000000,1.0000000000000000,
-0.9254671873559501,0.3703403512210171,0.0797402620070960,77.2720718383789062,0.3189170109687620,0.6480468684560794,0.6916120273672368,62.4828529357910156,0.2044564140402960,0.6654947637222722,-0.7178539504774073,55.9264793395996094,0.0000000000000000,0.0000000000000000,0.0000000000000000,1.0000000000000000,
-0.9239098634986100,0.3718412770586294,0.0901367228458396,77.3879776000976562,0.3279494636022839,0.6482819816989388,0.6871532736787849,62.3733634948730469,0.1970779375093884,0.6644279771953499,-0.7208992645766406,55.9402732849121094,0.0000000000000000,0.0000000000000000,0.0000000000000000,1.0000000000000000,
-0.9262638664334345,0.3679829886883719,0.0813865454221940,77.3612060546875000,0.3176358688667157,0.6460213537151748,0.6940921158991072,62.4932098388671875,0.2028366449857422,0.6687637330029095,-0.7152708332309807,55.9393615722656250,0.0000000000000000,0.0000000000000000,0.0000000000000000,1.0000000000000000,
-0.9259158710464707,0.3673785618842006,0.0878225028802549,77.4683456420898438,0.3182839539647354,0.6336154502306978,0.7051430960291140,62.8250007629394531,0.2034087618388891,0.6808556774360091,-0.7036053027872397,55.9088630676269531,0.0000000000000000,0.0000000000000000,0.0000000000000000,1.0000000000000000,
-0.9259360636988874,0.3673160422661582,0.0878711046689193,77.4212875366210938,0.3182685612300105,0.6336047205563858,0.7051596847673891,62.7834968566894531,0.2033409178556775,0.6808993928493330,-0.7035826091817651,55.9458656311035156,0.0000000000000000,0.0000000000000000,0.0000000000000000,1.0000000000000000,
-0.9259582562069431,0.3673654476254888,0.0874296039858465,77.4098358154296875,0.3180106823288538,0.6337367538277902,0.7051573815628338,62.7685775756835938,0.2036431037058085,0.6807498474026559,-0.7036399161320557,55.9410743713378906,0.0000000000000000,0.0000000000000000,0.0000000000000000,1.0000000000000000,
-0.9247226360064351,0.3703193091529951,0.0880434876964714,77.3814544677734375,0.3206131672868829,0.6330931458938014,0.7045567866287027,62.7814369201660156,0.2051712538821741,0.6797475103968666,-0.7041648093235547,55.9450531005859375,0.0000000000000000,0.0000000000000000,0.0000000000000000,1.0000000000000000,
-0.9266841063357671,0.3653484952695847,0.0881875505325509,77.4899368286132812,0.3169621401747661,0.6336014714179788,0.7057507896650235,62.8416748046875000,0.2019692272612659,0.6819601545700616,-0.7029500542842746,55.9289283752441406,0.0000000000000000,0.0000000000000000,0.0000000000000000,1.0000000000000000,
-0.9263683037389985,0.3659651466969455,0.0889453609291331,77.4555587768554688,0.3179755548743861,0.6334397034503653,0.7054400673303435,62.7755775451660156,0.2018249546762164,0.6817797690572789,-0.7031664341918964,55.9441108703613281,0.0000000000000000,0.0000000000000000,0.0000000000000000,1.0000000000000000,
-0.9260838328636868,0.3671673746880167,0.0869301643459474,77.3887023925781250,0.3175055002466337,0.6338406002340681,0.7052916778241832,62.8108749389648438,0.2038602261885304,0.6807600256034619,-0.7035671934639472,55.9402580261230469,0.0000000000000000,0.0000000000000000,0.0000000000000000,1.0000000000000000,
-0.9247937402675983,0.3701005931804193,0.0882161486881421,77.3344955444335938,0.3205945053720579,0.6331674432850736,0.7044985109204197,62.7863693237304688,0.2048797234650428,0.6797974254815510,-0.7042015046998571,55.9558448791503906,0.0000000000000000,0.0000000000000000,0.0000000000000000,1.0000000000000000,
-0.9263763290618551,0.3658460836638028,0.0893506576458128,77.3887176513671875,0.3181738476061581,0.6333827778936086,0.7054017715935147,62.7825813293457031,0.2014753078006701,0.6818965462118383,-0.7031534687470380,55.8610649108886719,0.0000000000000000,0.0000000000000000,0.0000000000000000,1.0000000000000000,
-0.9264192802759886,0.3657754943891861,0.0891941973295690,77.4376144409179688,0.3180002230828127,0.6333859680223136,0.7054771956851038,62.8160552978515625,0.2015519170144532,0.6819314505262117,-0.7030976614461293,55.9460296630859375,0.0000000000000000,0.0000000000000000,0.0000000000000000,1.0000000000000000,
-0.9261469360034611,0.3667881516943746,0.0878538827145692,77.3492660522460938,0.3179635360921238,0.6340186843095235,0.7049251716758408,62.8227500915527344,0.2028571976716472,0.6807986190666409,-0.7038197195516486,55.8259468078613281,0.0000000000000000,0.0000000000000000,0.0000000000000000,1.0000000000000000,
-0.9248256955653877,0.3700619605370165,0.0880430473433163,77.3109130859375000,0.3204505381477476,0.6332284334940014,0.7045091934215991,62.7931480407714844,0.2049606923847028,0.6797616467396737,-0.7042124808599678,55.8342552185058594,0.0000000000000000,0.0000000000000000,0.0000000000000000,1.0000000000000000,
-0.9248845568384158,0.3698856910871370,0.0881653676383131,77.3217468261718750,0.3204273444270466,0.6333038672984503,0.7044519349169663,62.8131294250488281,0.2047312224972997,0.6797873102624217,-0.7042544563869959,55.8325424194335938,0.0000000000000000,0.0000000000000000,0.0000000000000000,1.0000000000000000,
-0.9267685096595484,0.3647132772931043,0.0899130405978074,77.4637527465820312,0.3177794076000093,0.6336082782534780,0.7053770607512342,62.8544998168945312,0.2002907327082478,0.6822937601171408,-0.7031065689469886,55.8118095397949219,0.0000000000000000,0.0000000000000000,0.0000000000000000,1.0000000000000000,
-0.9271162130172674,0.3645628280255068,0.0868876975328857,77.4187393188476562,0.3153858412715595,0.6337040237856757,0.7063646235219276,62.8525047302246094,0.2024532012242641,0.6822852443515750,-0.7024952289191432,55.7975006103515625,0.0000000000000000,0.0000000000000000,0.0000000000000000,1.0000000000000000,
-0.9271717375886175,0.3645040149680694,0.0865412739047747,77.3815155029296875,0.3151196190491418,0.6338517180226804,0.7063509221697246,62.8675994873046875,0.2026134119628502,0.6821794651203259,-0.7025517651112398,55.7884254455566406,0.0000000000000000,0.0000000000000000,0.0000000000000000,1.0000000000000000,
-0.9260208648992178,0.3664448761628782,0.0905732328300031,77.4519119262695312,0.3197074585545169,0.6338326933916761,0.7043033847231358,62.8117752075195312,0.2006800904821334,0.6811565675539114,-0.7040974589943187,55.8061981201171875,0.0000000000000000,0.0000000000000000,0.0000000000000000,1.0000000000000000,
-0.9255040244782782,0.3679333400834399,0.0898184720954129,77.4228973388671875,0.3201597591391835,0.6333450074322019,0.7045366067058858,62.7989768981933594,0.2023364260395312,0.6808077252908842,-0.7039608028021173,55.7965927124023438,0.0000000000000000,0.0000000000000000,0.0000000000000000,1.0000000000000000,
-0.9234235644368355,0.3737803488693129,0.0870469496415854,77.3036880493164062,0.3224874647801578,0.6327538416410315,0.7040059736594448,62.7999610900878906,0.2080643066516610,0.6781672556881904,-0.7048392849507699,55.9229049682617188,0.0000000000000000,0.0000000000000000,0.0000000000000000,1.0000000000000000,
-0.9235988946557071,0.3735025336724483,0.0863767279480898,77.3097000122070312,0.3222768917018936,0.6344493899311546,0.7025749616168740,62.7605590820312500,0.2076118659078106,0.6767346813606110,-0.7063479908501402,55.9067382812500000,0.0000000000000000,0.0000000000000000,0.0000000000000000,1.0000000000000000,
-0.9236493845276540,0.3734132610606976,0.0862226821996458,77.3440933227539062,0.3220961271047490,0.6344731729209657,0.7026363766186061,62.7675247192382812,0.2076677619800610,0.6767616488156060,-0.7063057208649630,55.8720664978027344,0.0000000000000000,0.0000000000000000,0.0000000000000000,1.0000000000000000,
-0.9266690650640537,0.3653924383443735,0.0881635403898111,77.4582824707031250,0.3169782213393428,0.6336010310355429,0.7057439625439551,62.8411331176757812,0.2020129972300279,0.6819370201649491,-0.7029599202505720,55.8114624023437500,0.0000000000000000,0.0000000000000000,0.0000000000000000,1.0000000000000000,
-0.9259845695306496,0.3672908936767978,0.0874641435860298,77.4848709106445312,0.3179433546710838,0.6336198855447187,0.7052927504680557,62.8591766357421875,0.2036285839749319,0.6808988471604256,-0.7034999358379269,55.8753395080566406,0.0000000000000000,0.0000000000000000,0.0000000000000000,1.0000000000000000,
-0.9259355235437938,0.3673540951177222,0.0877175868336563,77.4702453613281250,0.3181931043064099,0.6336432494018451,0.7051591174049451,62.8360023498535156,0.2034614327373386,0.6808430078128956,-0.7036023337800683,55.8631019592285156,0.0000000000000000,0.0000000000000000,0.0000000000000000,1.0000000000000000,
-0.9259617178134346,0.3672930300474713,0.0876967914039074,77.4331741333007812,0.3181555099096058,0.6337312750609914,0.7050969738438315,62.8240776062011719,0.2034010045652475,0.6807940225120351,-0.7036672013485713,55.7875633239746094,0.0000000000000000,0.0000000000000000,0.0000000000000000,1.0000000000000000,
-0.9267639889903825,0.3651452399412057,0.0881899226607813,77.4536132812500000,0.3167945650650399,0.6335682207192670,0.7058558728521529,62.8526687622070312,0.2018655796709478,0.6820998925691908,-0.7028442390040703,55.7975082397460938,0.0000000000000000,0.0000000000000000,0.0000000000000000,1.0000000000000000,
-0.9259799410525550,0.3669170286334859,0.0890676308603783,77.4418487548828125,0.3187480591459317,0.6332085602481232,0.7052989394712007,62.8414688110351562,0.2023878048673102,0.6814828048654440,-0.7032925160370462,55.7767066955566406,0.0000000000000000,0.0000000000000000,0.0000000000000000,1.0000000000000000,
-0.9263328746289617,0.3659073407884561,0.0895501163526025,77.4481277465820312,0.3183078615784054,0.6331594376899254,0.7055418001235364,62.8423576354980469,0.2014634225834223,0.6820710699196221,-0.7029875851959801,55.7998237609863281,0.0000000000000000,0.0000000000000000,0.0000000000000000,1.0000000000000000,
-0.9263294591829466,0.3658992427230288,0.0896185093858610,77.4709396362304688,0.3183676465858543,0.6332070235486854,0.7054721163419566,62.8250312805175781,0.2013846435486434,0.6820312379234024,-0.7030488004679740,55.7928314208984375,0.0000000000000000,0.0000000000000000,0.0000000000000000,1.0000000000000000,
-0.9247030361838382,0.3696882304040592,0.0908565197061121,77.4085388183593750,0.3263516196943478,0.6469263464708475,0.6891885972393602,62.4335212707519531,0.1960074365815433,0.6669459607363977,-0.7188631095432119,55.8105583190917969,0.0000000000000000,0.0000000000000000,0.0000000000000000,1.0000000000000000,
-0.9234171969836502,0.3731619385884194,0.0897265172833080,77.3203201293945312,0.3280673061949371,0.6461280426157610,0.6891229173025106,62.4289627075195312,0.1991796247633189,0.6657842894920681,-0.7190679779719615,55.8016395568847656,0.0000000000000000,0.0000000000000000,0.0000000000000000,1.0000000000000000,
-0.9240684011593658,0.3715269252660576,0.0898072033921684,77.3792114257812500,0.3263177780383371,0.6444704236505407,0.6915016853022232,62.4728012084960938,0.1990334085396109,0.6683005437990019,-0.7167705947114897,55.8164367675781250,0.0000000000000000,0.0000000000000000,0.0000000000000000,1.0000000000000000,
-0.9277070586576691,0.3619037677083889,0.0915711539471308,77.5483474731445312,0.3209459220156534,0.6479290600591594,0.6907833584217098,62.4634208679199219,0.1906654883775742,0.6702339860446700,-0.7172399009344184,55.8003578186035156,0.0000000000000000,0.0000000000000000,0.0000000000000000,1.0000000000000000,
-0.9276120773428403,0.3621623550864700,0.0915109967486001,77.4611663818359375,0.3211075285217394,0.6479301701309531,0.6907072098658986,62.3842048645019531,0.1908554141080648,0.6700932197778872,-0.7173209098537022,55.6977882385253906,0.0000000000000000,0.0000000000000000,0.0000000000000000,1.0000000000000000,
-0.9266539064145654,0.3634047785979227,0.0961743449097602,77.6265869140625000,0.3240373474315959,0.6424974017305465,0.6944039791353388,62.5701599121093750,0.1905579575775361,0.6746362395111097,-0.7131294476756562,55.7528572082519531,0.0000000000000000,0.0000000000000000,0.0000000000000000,1.0000000000000000,
-0.9275475177532053,0.3623258779362208,0.0915180883083464,77.5584487915039062,0.3212199009388489,0.6478485462250220,0.6907315226591021,62.4898910522460938,0.1909800449018266,0.6700837405368618,-0.7172965935492960,55.7966346740722656,0.0000000000000000,0.0000000000000000,0.0000000000000000,1.0000000000000000,
-0.9277568853868743,0.3622795756095033,0.0895581973548222,77.5236053466796875,0.3197234577966579,0.6478504318081368,0.6914236968318049,62.4914093017578125,0.1924683666263003,0.6701069519876726,-0.7168769774138344,55.7894363403320312,0.0000000000000000,0.0000000000000000,0.0000000000000000,1.0000000000000000,
-0.9277111925854883,0.3619128173626044,0.0914934739764145,77.5685806274414062,0.3209526082378718,0.6481304959266824,0.6905912564716844,62.3797607421875000,0.1906341166132597,0.6700343072399315,-0.7174347780144108,55.7658081054687500,0.0000000000000000,0.0000000000000000,0.0000000000000000,1.0000000000000000,
-0.9243652274715345,0.3707845165361888,0.0898207578376129,77.4209823608398438,0.3270562155410689,0.6489379466564633,0.6869598046940207,62.3600730895996094,0.1964259609049992,0.6643781932651898,-0.7211230534355628,55.7819633483886719,0.0000000000000000,0.0000000000000000,0.0000000000000000,1.0000000000000000,
-0.9229786615484105,0.3726354107449218,0.0961937679128374,77.4456176757812500,0.3302850326690388,0.6386741547172226,0.6949871375004384,62.5652275085449219,0.1975403440341171,0.6732296597411649,-0.7125585152979915,55.7834548950195312,0.0000000000000000,0.0000000000000000,0.0000000000000000,1.0000000000000000,
-0.9239380865634557,0.3716574923929343,0.0906041971746148,77.4164199829101562,0.3277805105078863,0.6470379083747613,0.6884053181500006,62.3765029907226562,0.1972266440637522,0.6657421824356710,-0.7196450495884342,55.7719535827636719,0.0000000000000000,0.0000000000000000,0.0000000000000000,1.0000000000000000,
-0.9250328484559384,0.3687196235521151,0.0914334101140256,77.4894790649414062,0.3258985433063412,0.6465657194480616,0.6897411905239641,62.4285507202148438,0.1952034035264190,0.6678312733334648,-0.7182597173791003,55.7674102783203125,0.0000000000000000,0.0000000000000000,0.0000000000000000,1.0000000000000000,
-0.9248807084138942,0.3694896037817942,0.0898504752407317,77.4764328002929688,0.3261484381528949,0.6493249318215171,0.6870257121865304,62.3641471862792969,0.1955067044738870,0.6647214195526987,-0.7210565601210527,55.7633628845214844,0.0000000000000000,0.0000000000000000,0.0000000000000000,1.0000000000000000,
-0.9248905580016230,0.3694705844739936,0.0898272950048692,77.4549331665039062,0.3261211711151511,0.6493428739757836,0.6870216981779773,62.3554077148437500,0.1955055944722006,0.6647144644321464,-0.7210632727470982,55.8089256286621094,0.0000000000000000,0.0000000000000000,0.0000000000000000,1.0000000000000000,
-0.9244846191707295,0.3700723131949316,0.0915132335965900,77.4823608398437500,0.3277629186581452,0.6490180953854459,0.6865471440585436,62.2522773742675781,0.1946783451476971,0.6646969195571774,-0.7213032282346680,55.7654075622558594,0.0000000000000000,0.0000000000000000,0.0000000000000000,1.0000000000000000,
-0.9239557537209232,0.3716982513695903,0.0902561637495724,77.4256896972656250,0.3279405398125447,0.6483415434115719,0.6871013356370059,62.2898597717285156,0.1968775444621798,0.6644498875125872,-0.7209338246129480,55.7793655395507812,0.0000000000000000,0.0000000000000000,0.0000000000000000,1.0000000000000000,
-0.9240495878135336,0.3714449062147843,0.0903384796680183,77.4103240966796875,0.3278494360234643,0.6485174952629003,0.6869787519545498,62.3801269531250000,0.1965886735311457,0.6644198521906342,-0.7210403272038537,55.7849044799804688,0.0000000000000000,0.0000000000000000,0.0000000000000000,1.0000000000000000,
-0.9237401086551650,0.3723267957882499,0.0898719578055316,77.4140396118164062,0.3279678785649044,0.6476885086433806,0.6877039089615165,62.3726692199707031,0.1978415585547701,0.6647347989306478,-0.7204070826964785,55.7728843688964844,0.0000000000000000,0.0000000000000000,0.0000000000000000,1.0000000000000000,
-0.9241224706070489,0.3713884321361216,0.0898236705696100,77.4256057739257812,0.3272871525920993,0.6480657243731822,0.6876728412848790,62.3816413879394531,0.1971820962138311,0.6648920584336496,-0.7204427607829673,55.7754211425781250,0.0000000000000000,0.0000000000000000,0.0000000000000000,1.0000000000000000,
-0.9251273775203438,0.3689737677405546,0.0894298276956343,77.4201278686523438,0.3255269909964288,0.6496874696304163,0.6869777070167838,62.2448959350585938,0.1953753144466887,0.6646537072224652,-0.7211545853562128,55.7987670898437500,0.0000000000000000,0.0000000000000000,0.0000000000000000,1.0000000000000000,
-0.9222659343098587,0.3754888814963825,0.0918348859865287,77.3757247924804688,0.3309620582609907,0.6442722507958865,0.6894761655387740,62.3228111267089844,0.1997239655204446,0.6662742428812614,-0.7184629224043437,55.7678031921386719,0.0000000000000000,0.0000000000000000,0.0000000000000000,1.0000000000000000,
-0.9288958285070572,0.3591777795380595,0.0902433513800175,77.5891952514648438,0.3196734867444146,0.6546126425299350,0.6850482830521103,62.2021751403808594,0.1869796824653863,0.6651868992441783,-0.7228865660800859,55.8160820007324219,0.0000000000000000,0.0000000000000000,0.0000000000000000,1.0000000000000000,
-0.9288420632036876,0.3593480813051568,0.0901186888820487,77.6027069091796875,0.3197307911350971,0.6546579080346357,0.6849782804205103,62.2198944091796875,0.1871487184664699,0.6650503589278161,-0.7229684483200779,55.8027343750000000,0.0000000000000000,0.0000000000000000,0.0000000000000000,1.0000000000000000,
-0.9213328443479251,0.3783678959079708,0.0893505751069204,77.2512512207031250,0.3331672593751537,0.6499716086948130,0.6830347613197487,62.1765403747558594,0.2003630884325048,0.6590710456671965,-0.7248999858993905,55.8026962280273438,0.0000000000000000,0.0000000000000000,0.0000000000000000,1.0000000000000000,
-0.9213362363013753,0.3783522663658079,0.0893817778625684,77.2830429077148438,0.3331726477413519,0.6499551602912147,0.6830477848641618,62.1850967407226562,0.2003385296817211,0.6590962389110396,-0.7248838675114022,55.8175773620605469,0.0000000000000000,0.0000000000000000,0.0000000000000000,1.0000000000000000,
-0.9217077633089260,0.3775592607466561,0.0889033389727054,77.3180770874023438,0.3321588931220267,0.6499132990444864,0.6835811388892046,62.1635246276855469,0.2003129271315441,0.6595920772337632,-0.7244397993445983,55.8186225891113281,0.0000000000000000,0.0000000000000000,0.0000000000000000,1.0000000000000000,
-0.9245652506487844,0.3702569336972334,0.0899383140929005,77.3922500610351562,0.3269175516130673,0.6496142337473075,0.6863863793521956,62.2662391662597656,0.1957141071565059,0.6640114083071323,-0.7216542370816587,55.8003845214843750,0.0000000000000000,0.0000000000000000,0.0000000000000000,1.0000000000000000,
-0.9246672835603995,0.3697904020659545,0.0908045882812756,77.4092788696289062,0.3268480802760687,0.6484683849047355,0.6875020626870093,62.2741012573242188,0.1953477594775040,0.6653899701069621,-0.7204827829644338,55.8034248352050781,0.0000000000000000,0.0000000000000000,0.0000000000000000,1.0000000000000000,
-0.9296420921980660,0.3571055747816183,0.0907809940102693,77.5770568847656250,0.3183171155715049,0.6542743203388077,0.6860024254180361,62.2379226684570312,0.1855796172747415,0.6666338741806339,-0.7219137645502259,55.8409080505371094,0.0000000000000000,0.0000000000000000,0.0000000000000000,1.0000000000000000,
-0.9296827385083849,0.3569800549604886,0.0908583847531820,77.6137619018554688,0.3183014353954939,0.6543732204868820,0.6859153625155184,62.2216911315917969,0.1854028099698573,0.6666040268930524,-0.7219867515302810,55.8204307556152344,0.0000000000000000,0.0000000000000000,0.0000000000000000,1.0000000000000000,
-0.9297953151693822,0.3566898016076601,0.0908463390465314,77.6350860595703125,0.3180636349774218,0.6543839725506906,0.6860154084083872,62.2315368652343750,0.1852463116880294,0.6667488296936599,-0.7218932068582695,55.8190460205078125,0.0000000000000000,0.0000000000000000,0.0000000000000000,1.0000000000000000,
-0.9296486236081994,0.3569030931446014,0.0915074790779245,77.6093063354492188,0.3185337380038468,0.6537061501782049,0.6864433894885195,62.2540435791015625,0.1851747671165743,0.6672993715889491,-0.7214026991218678,55.8179206848144531,0.0000000000000000,0.0000000000000000,0.0000000000000000,1.0000000000000000,
-0.9296677318281985,0.3568462865871821,0.0915348903224999,77.6159744262695312,0.3185051507782818,0.6536935957934846,0.6864686094398553,62.2383270263671875,0.1851280025418019,0.6673420491528490,-0.7213752228260681,55.8328666687011719,0.0000000000000000,0.0000000000000000,0.0000000000000000,1.0000000000000000,
-0.9297948228770243,0.3566751334753948,0.0909089462670886,77.6135787963867188,0.3180900199557821,0.6543548469952634,0.6860309566035163,62.2200813293457031,0.1852034733897105,0.6667852603155793,-0.7218705493856028,55.8367538452148438,0.0000000000000000,0.0000000000000000,0.0000000000000000,1.0000000000000000,
-0.9295658067772880,0.3572521623958967,0.0909851819470940,77.6024017333984375,0.3185587507341825,0.6541802522248208,0.6859799705018702,62.2225723266601562,0.1855471185471955,0.6666476506090196,-0.7219093964870574,55.8306617736816406,0.0000000000000000,0.0000000000000000,0.0000000000000000,1.0000000000000000,
-0.9296950825428534,0.3569022281135926,0.0910376464062568,77.6124038696289062,0.3183482611637584,0.6542895745946619,0.6859734230935975,62.2231330871582031,0.1852604601895642,0.6667277946390786,-0.7219090037851457,55.8569755554199219,0.0000000000000000,0.0000000000000000,0.0000000000000000,1.0000000000000000,
-0.9296685186564642,0.3570327689369270,0.0907967363087825,77.5697174072265625,0.3182702893122112,0.6542733669270699,0.6860250609642747,62.2183113098144531,0.1855275407054628,0.6666738057214685,-0.7218902744909619,55.8606719970703125,0.0000000000000000,0.0000000000000000,0.0000000000000000,1.0000000000000000,
-0.9270613156115338,0.3648683832212483,0.0861880503441459,77.3710403442382812,0.3229010777075167,0.6602555887707324,0.6780836611453914,62.0028381347656250,0.1905051472058886,0.6564553453377659,-0.7299138089292031,55.8713378906250000,0.0000000000000000,0.0000000000000000,0.0000000000000000,1.0000000000000000,
-0.9273760900011316,0.3624960102139983,0.0925755382006835,77.4613037109375000,0.3265566896494593,0.6635284163665257,0.6731201743517403,61.7829780578613281,0.1825768773404784,0.6544667166885290,-0.7337158854812512,55.8896522521972656,0.0000000000000000,0.0000000000000000,0.0000000000000000,1.0000000000000000,
-0.9288363815225307,0.3574340350715783,0.0974878809523622,77.6210021972656250,0.3250531752276899,0.6599460457592612,0.6773563685100422,61.9857330322265625,0.1777734784340145,0.6608419835778937,-0.7291669651775964,56.0047531127929688,0.0000000000000000,0.0000000000000000,0.0000000000000000,1.0000000000000000,
-0.9273470284755835,0.3614745446469997,0.0967659152271590,77.5234527587890625,0.3281223431173692,0.6611750738368894,0.6746726981907237,61.8172264099121094,0.1798977952190434,0.6574067806990039,-0.7317466145916214,55.9110107421875000,0.0000000000000000,0.0000000000000000,0.0000000000000000,1.0000000000000000,
-0.9270929748490113,0.3648187628128435,0.0860574592078874,77.3717880249023438,0.3228985390783173,0.6607149985379337,0.6776372364090588,61.9976501464843750,0.1903553241879496,0.6560205492259557,-0.7303436790625192,55.9908866882324219,0.0000000000000000,0.0000000000000000,0.0000000000000000,1.0000000000000000,
-0.9270452426417082,0.3648871715825638,0.0862813427680223,77.3847961425781250,0.3231158592833540,0.6607081631497541,0.6775403047988051,61.9673652648925781,0.1902189779568699,0.6559893864703564,-0.7304071914098937,55.9957313537597656,0.0000000000000000,0.0000000000000000,0.0000000000000000,1.0000000000000000,
-0.9270706452828641,0.3648590052325493,0.0861273763418382,77.3344192504882812,0.3229774165007311,0.6606978565835628,0.6776163595548729,61.9874954223632812,0.1903302579342742,0.6560154332076343,-0.7303548071369643,56.0162277221679688,0.0000000000000000,0.0000000000000000,0.0000000000000000,1.0000000000000000,
-0.9269885053870447,0.3650551310530609,0.0861804048036790,77.3487625122070312,0.3230667367122223,0.6603222397654445,0.6779398375234065,62.0082969665527344,0.1905785783093402,0.6562844588766212,-0.7300482960233597,56.0144577026367188,0.0000000000000000,0.0000000000000000,0.0000000000000000,1.0000000000000000,
-0.9270981716669444,0.3648119790538354,0.0860302274240444,77.3638534545898438,0.3228779242419988,0.6607315735952974,0.6776308978282058,61.9996833801269531,0.1903649813620849,0.6560076276943022,-0.7303527683783412,56.0256462097167969,0.0000000000000000,0.0000000000000000,0.0000000000000000,1.0000000000000000,
-0.9278903873633415,0.3619648066438843,0.0894477936562096,77.4479293823242188,0.3230053171571344,0.6605306558243362,0.6777660494628595,62.0502815246582031,0.1862444472378373,0.6577847151367442,-0.7298166032679340,56.0075759887695312,0.0000000000000000,0.0000000000000000,0.0000000000000000,1.0000000000000000,
-0.9272436675720461,0.3618087951996748,0.0965068736603811,77.5656661987304688,0.3282202592562774,0.6612321202310796,0.6745691547858182,61.9268608093261719,0.1802516084845931,0.6571654882074003,-0.7318762728411452,56.0201416015625000,0.0000000000000000,0.0000000000000000,0.0000000000000000,1.0000000000000000,
-0.9272524443837883,0.3617709911354817,0.0965642498916724,77.5943908691406250,0.3282322583210481,0.6612353536699043,0.6745601468027156,61.9237976074218750,0.1801845969603255,0.6571830468217268,-0.7318770074188402,55.9927749633789062,0.0000000000000000,0.0000000000000000,0.0000000000000000,1.0000000000000000,
-0.9272599107773427,0.3617308803292988,0.0966427859769402,77.6000976562500000,0.3282557430102506,0.6612311472840691,0.6745528422904925,61.9199447631835938,0.1801033732221095,0.6572093578743261,-0.7318733735260720,56.0110855102539062,0.0000000000000000,0.0000000000000000,0.0000000000000000,1.0000000000000000,
-0.9272425322601182,0.3617785462955024,0.0966311016606791,77.5959930419921875,0.3282826597353440,0.6612194754804992,0.6745511845385654,62.0573387145996094,0.1801437805890943,0.6571948635569260,-0.7318764442373189,55.8879165649414062,0.0000000000000000,0.0000000000000000,0.0000000000000000,1.0000000000000000,
-0.9272493206991056,0.3617890817365111,0.0965264606172827,77.6121292114257812,0.3282253170289162,0.6612568435147157,0.6745424583865882,61.9543647766113281,0.1802133139485407,0.6571514644594552,-0.7318982950072218,55.9885177612304688,0.0000000000000000,0.0000000000000000,0.0000000000000000,1.0000000000000000,
-0.9272532973211367,0.3617779240221629,0.0965300797538979,77.5694427490234375,0.3282150535652699,0.6612427810209466,0.6745612375172704,61.9252662658691406,0.1802115457461781,0.6571717570300009,-0.7318805097431372,55.9987831115722656,0.0000000000000000,0.0000000000000000,0.0000000000000000,1.0000000000000000,
-0.9272879145157135,0.3615952328032064,0.0968814285975059,77.5928497314453125,0.3283237387076606,0.6612467776226439,0.6745044267346905,61.9717826843261719,0.1798350527403447,0.6572682760469003,-0.7318864441347531,55.8945541381835938,0.0000000000000000,0.0000000000000000,0.0000000000000000,1.0000000000000000,
-0.9270714547695114,0.3616121288178792,0.0988695405235774,77.6211166381835938,0.3294431536608663,0.6599949527918012,0.6751843235704832,61.9937324523925781,0.1789014428603767,0.6585160063211446,-0.7309931211450116,55.8776741027832031,0.0000000000000000,0.0000000000000000,0.0000000000000000,1.0000000000000000,
-0.9272949416839106,0.3616051654794233,0.0967770397668395,77.6272201538085938,0.3282611966367720,0.6612663072233181,0.6745157208796776,61.9374084472656250,0.1799129731565461,0.6572431629388286,-0.7318898461244947,56.0002021789550781,0.0000000000000000,0.0000000000000000,0.0000000000000000,1.0000000000000000,
-0.9272996413221324,0.3615968987343574,0.0967628959340312,77.6003341674804688,0.3282442409864654,0.6612664124505360,0.6745238691284519,61.9482154846191406,0.1799196861465264,0.6572476052375487,-0.7318842066518740,55.9830780029296875,0.0000000000000000,0.0000000000000000,0.0000000000000000,1.0000000000000000,
-0.9272689159665438,0.3616775998540263,0.0967557297841390,77.5626296997070312,0.3282872763734347,0.6612038826561986,0.6745642220957764,61.9420661926269531,0.1799995045924921,0.6572661099769246,-0.7318479616848423,55.9196319580078125,0.0000000000000000,0.0000000000000000,0.0000000000000000,1.0000000000000000,
-0.9272751671608084,0.3616772688804110,0.0966970399862475,77.6067657470703125,0.3282558638503625,0.6612460527894934,0.6745381720245096,61.9353027343750000,0.1800245878060756,0.6572238666128318,-0.7318797284661813,55.8867225646972656,0.0000000000000000,0.0000000000000000,0.0000000000000000,1.0000000000000000,
-0.9272322538664530,0.3612235205461453,0.0987821623269409,77.6496200561523438,0.3291012469279621,0.6601270204978096,0.6752219531969803,61.9950904846191406,0.1786972765886433,0.6585969063189813,-0.7309701760857751,55.8776054382324219,0.0000000000000000,0.0000000000000000,0.0000000000000000,1.0000000000000000,
-0.9265652301941101,0.3637679500920810,0.0956543395834275,77.5663986206054688,0.3291712735793811,0.6611672128043182,0.6741692586900547,61.9285354614257812,0.1819976561537666,0.6561484551520141,-0.7323565101480022,55.8494720458984375,0.0000000000000000,0.0000000000000000,0.0000000000000000,1.0000000000000000,
-0.9260683901318572,0.3650733316217127,0.0954924046048392,77.5428924560546875,0.3299950202104534,0.6607393370404198,0.6741860389563769,61.9101600646972656,0.1830317552636535,0.6558543977332238,-0.7323621955966164,55.9660682678222656,0.0000000000000000,0.0000000000000000,0.0000000000000000,1.0000000000000000,
-0.9272945768841456,0.3626666502478721,0.0927236133853770,77.5845642089843750,0.3266962062060694,0.6631455846229027,0.6734296714919159,61.9031486511230469,0.1827412283307041,0.6547601350060466,-0.7334131230589271,55.9625396728515625,0.0000000000000000,0.0000000000000000,0.0000000000000000,1.0000000000000000,
-0.9274029088778715,0.3624870312658428,0.0923417390400385,77.6454238891601562,0.3264084609980378,0.6636315058464076,0.6730904404587261,61.8998641967773438,0.1827056682036855,0.6543671573452516,-0.7337726229521918,55.9345321655273438,0.0000000000000000,0.0000000000000000,0.0000000000000000,1.0000000000000000,
-0.9271866255139949,0.3632171266438408,0.0916421321258015,77.5882110595703125,0.3264866430679999,0.6636012783796850,0.6730823242598458,61.8951606750488281,0.1836611917802971,0.6539928610049501,-0.7338677703703855,55.9565048217773438,0.0000000000000000,0.0000000000000000,0.0000000000000000,1.0000000000000000,
