0.64116,-0.0046916,0.7674,-3.3053,0.082411,0.99462,-0.062773,-0.13589,-0.76297,0.10349,0.63809,-6.3458,0,0,0,1
0.64673,-0.0047895,0.76271,-3.2498,0.081361,0.99471,-0.062743,-0.14283,-0.75837,0.10263,0.6437,-6.2977,0,0,0,1
0.65227,-0.004885,0.75797,-3.1947,0.080315,0.9948,-0.062703,-0.14963,-0.75372,0.10178,0.64926,-6.2496,0,0,0,1
0.65777,-0.004978,0.7532,-3.14,0.079272,0.99488,-0.062653,-0.1563,-0.74904,0.10092,0.6548,-6.2013,0,0,0,1
0.66324,-0.0050685,0.74839,-3.0859,0.078232,0.99497,-0.062592,-0.16283,-0.74431,0.10006,0.6603,-6.153,0,0,0,1
0.66867,-0.0051565,0.74354,-3.0322,0.077195,0.99505,-0.062521,-0.16923,-0.73954,0.099204,0.66576,-6.1046,0,0,0,1
0.67407,-0.0052421,0.73865,-2.979,0.076162,0.99514,-0.062441,-0.17549,-0.73473,0.098346,0.67119,-6.0562,0,0,0,1
0.67943,-0.0053252,0.73372,-2.9262,0.075132,0.99522,-0.06235,-0.18161,-0.72988,0.097489,0.67658,-6.0076,0,0,0,1
0.68476,-0.0054058,0.72875,-2.8739,0.074106,0.99531,-0.062249,-0.1876,-0.725,0.096631,0.68194,-5.959,0,0,0,1
0.69005,-0.0054841,0.72375,-2.8221,0.073084,0.99539,-0.062138,-0.19346,-0.72007,0.095772,0.68726,-5.9103,0,0,0,1
0.6953,-0.0055598,0.7187,-2.7708,0.072065,0.99547,-0.062018,-0.19917,-0.7151,0.094914,0.69255,-5.8615,0,0,0,1
0.70052,-0.0056332,0.71362,-2.7199,0.07105,0.99555,-0.061887,-0.20476,-0.71009,0.094055,0.6978,-5.8126,0,0,0,1
0.70569,-0.0057041,0.70849,-2.6695,0.070039,0.99563,-0.061747,-0.2102,-0.70505,0.093196,0.70301,-5.7637,0,0,0,1
0.71084,-0.0057726,0.70333,-2.6196,0.069032,0.99571,-0.061596,-0.21551,-0.69996,0.092337,0.70819,-5.7147,0,0,0,1
0.71594,-0.0058387,0.69814,-2.5702,0.068029,0.99579,-0.061436,-0.22069,-0.69484,0.091478,0.71332,-5.6655,0,0,0,1
0.72101,-0.0059024,0.6929,-2.5212,0.06703,0.99587,-0.061266,-0.22573,-0.68968,0.090619,0.71842,-5.6164,0,0,0,1
0.72604,-0.0059637,0.68763,-2.4727,0.066036,0.99595,-0.061087,-0.23063,-0.68448,0.089759,0.72349,-5.5671,0,0,0,1
0.73103,-0.0060226,0.68232,-2.4246,0.065046,0.99602,-0.060897,-0.2354,-0.67924,0.0889,0.72851,-5.5177,0,0,0,1
0.73598,-0.0060792,0.67698,-2.3771,0.06406,0.9961,-0.060698,-0.24003,-0.67397,0.08804,0.73349,-5.4683,0,0,0,1
0.74089,-0.0061333,0.6716,-2.33,0.063079,0.99617,-0.06049,-0.24453,-0.66866,0.08718,0.73844,-5.4188,0,0,0,1
0.74576,-0.0061851,0.66618,-2.2834,0.062103,0.99625,-0.060272,-0.24889,-0.66331,0.08632,0.74335,-5.3692,0,0,0,1
0.7506,-0.0062345,0.66073,-2.2372,0.061131,0.99632,-0.060044,-0.25312,-0.65793,0.08546,0.74822,-5.3195,0,0,0,1
0.75539,-0.0062815,0.65525,-2.1915,0.060164,0.9964,-0.059807,-0.25721,-0.65251,0.084599,0.75304,-5.2697,0,0,0,1
0.76014,-0.0063262,0.64973,-2.1463,0.059201,0.99647,-0.05956,-0.26116,-0.64705,0.083739,0.75783,-5.2199,0,0,0,1
0.76486,-0.0063685,0.64417,-2.1016,0.058244,0.99654,-0.059304,-0.26498,-0.64156,0.082878,0.76258,-5.17,0,0,0,1
0.76953,-0.0064085,0.63858,-2.0573,0.057292,0.99661,-0.059039,-0.26867,-0.63604,0.082017,0.76729,-5.12,0,0,0,1
0.77416,-0.0064462,0.63296,-2.0135,0.056345,0.99668,-0.058764,-0.27221,-0.63048,0.081157,0.77195,-5.0699,0,0,0,1
0.77875,-0.0064815,0.6273,-1.9702,0.055403,0.99675,-0.05848,-0.27562,-0.62488,0.080296,0.77658,-5.0197,0,0,0,1
0.7833,-0.0065145,0.62161,-1.9273,0.054466,0.99682,-0.058187,-0.2789,-0.61925,0.079434,0.78116,-4.9695,0,0,0,1
0.78781,-0.0065452,0.61588,-1.8849,0.053535,0.99689,-0.057885,-0.28204,-0.61359,0.078573,0.78571,-4.9191,0,0,0,1
0.79228,-0.0065735,0.61013,-1.843,0.052609,0.99695,-0.057573,-0.28505,-0.60789,0.077712,0.79021,-4.8687,0,0,0,1
0.7967,-0.0065996,0.60434,-1.8016,0.051688,0.99702,-0.057253,-0.28792,-0.60216,0.07685,0.79467,-4.8182,0,0,0,1
0.80108,-0.0066233,0.59852,-1.7606,0.050773,0.99709,-0.056923,-0.29065,-0.5964,0.075989,0.79909,-4.7677,0,0,0,1
0.80542,-0.0066447,0.59266,-1.7201,0.049864,0.99715,-0.056585,-0.29325,-0.5906,0.075127,0.80346,-4.717,0,0,0,1
0.80972,-0.0066639,0.58678,-1.6801,0.04896,0.99722,-0.056237,-0.29571,-0.58477,0.074265,0.80779,-4.6663,0,0,0,1
0.81397,-0.0066807,0.58086,-1.6405,0.048063,0.99728,-0.055881,-0.29804,-0.57891,0.073404,0.81208,-4.6155,0,0,0,1
0.81819,-0.0066953,0.57491,-1.6015,0.047171,0.99734,-0.055516,-0.30023,-0.57302,0.072542,0.81633,-4.5646,0,0,0,1
0.82235,-0.0067075,0.56894,-1.5628,0.046285,0.99741,-0.055142,-0.30228,-0.56709,0.07168,0.82053,-4.5136,0,0,0,1
0.82648,-0.0067175,0.56293,-1.5247,0.045405,0.99747,-0.05476,-0.3042,-0.56114,0.070817,0.82469,-4.4625,0,0,0,1
0.83056,-0.0067252,0.55689,-1.487,0.044531,0.99753,-0.054368,-0.30599,-0.55515,0.069955,0.8288,-4.4114,0,0,0,1
0.83459,-0.0067307,0.55082,-1.4498,0.043664,0.99759,-0.053969,-0.30764,-0.54913,0.069093,0.83287,-4.3602,0,0,0,1
0.83859,-0.0067339,0.54473,-1.4131,0.042803,0.99765,-0.05356,-0.30915,-0.54308,0.068231,0.8369,-4.3089,0,0,0,1
0.84253,-0.0067348,0.5386,-1.3768,0.041948,0.99771,-0.053143,-0.31052,-0.53701,0.067368,0.84088,-4.2575,0,0,0,1
0.84644,-0.0067334,0.53245,-1.341,0.041099,0.99776,-0.052718,-0.31177,-0.5309,0.066506,0.84482,-4.206,0,0,0,1
0.8503,-0.0067298,0.52626,-1.3057,0.040257,0.99782,-0.052284,-0.31287,-0.52476,0.065643,0.84871,-4.1545,0,0,0,1
0.85411,-0.006724,0.52005,-1.2709,0.039422,0.99788,-0.051842,-0.31384,-0.5186,0.06478,0.85256,-4.1028,0,0,0,1
0.85788,-0.0067159,0.51381,-1.2365,0.038593,0.99793,-0.051392,-0.31468,-0.51241,0.063918,0.85636,-4.0511,0,0,0,1
0.8616,-0.0067056,0.50755,-1.2026,0.037771,0.99799,-0.050934,-0.31538,-0.50618,0.063055,0.86012,-3.9994,0,0,0,1
0.86527,-0.006693,0.50125,-1.1692,0.036956,0.99804,-0.050467,-0.31594,-0.49993,0.062192,0.86383,-3.9475,0,0,0,1
0.8689,-0.0066782,0.49493,-1.1362,0.036147,0.9981,-0.049993,-0.31637,-0.49366,0.061329,0.86749,-3.8955,0,0,0,1
0.87249,-0.0066611,0.48859,-1.1037,0.035346,0.99815,-0.04951,-0.31666,-0.48735,0.060466,0.87111,-3.8435,0,0,0,1
0.87603,-0.0066418,0.48222,-1.0717,0.034551,0.9982,-0.049019,-0.31681,-0.48102,0.059603,0.87468,-3.7914,0,0,0,1
0.87952,-0.0066203,0.47582,-1.0401,0.033764,0.99825,-0.048521,-0.31684,-0.47466,0.05874,0.8782,-3.7392,0,0,0,1
0.88296,-0.0065966,0.46939,-1.0091,0.032983,0.9983,-0.048014,-0.31672,-0.46828,0.057877,0.88168,-3.6869,0,0,0,1
0.88636,-0.0065707,0.46295,-0.97846,0.03221,0.99835,-0.0475,-0.31647,-0.46187,0.057014,0.88511,-3.6346,0,0,0,1
0.88971,-0.0065425,0.45647,-0.94833,0.031444,0.9984,-0.046978,-0.31608,-0.45544,0.056151,0.8885,-3.5821,0,0,0,1
0.89302,-0.0065121,0.44998,-0.91866,0.030686,0.99845,-0.046449,-0.31556,-0.44898,0.055287,0.89183,-3.5296,0,0,0,1
0.89627,-0.0064795,0.44345,-0.88947,0.029934,0.9985,-0.045912,-0.3149,-0.44249,0.054424,0.89512,-3.477,0,0,0,1
0.89948,-0.0064447,0.43691,-0.86075,0.029191,0.99854,-0.045367,-0.31411,-0.43598,0.053561,0.89836,-3.4243,0,0,0,1
0.90264,-0.0064077,0.43034,-0.8325,0.028455,0.99859,-0.044815,-0.31318,-0.42945,0.052697,0.90155,-3.3716,0,0,0,1
0.90576,-0.0063685,0.42375,-0.80472,0.027726,0.99864,-0.044256,-0.31212,-0.42289,0.051834,0.9047,-3.3187,0,0,0,1
0.90882,-0.006327,0.41713,-0.77741,0.027005,0.99868,-0.043689,-0.31092,-0.41631,0.05097,0.90779,-3.2658,0,0,0,1
0.91184,-0.0062834,0.4105,-0.75057,0.026292,0.99872,-0.043115,-0.30958,-0.4097,0.050107,0.91084,-3.2128,0,0,0,1
0.91481,-0.0062376,0.40384,-0.7242,0.025587,0.99877,-0.042534,-0.30811,-0.40308,0.049243,0.91384,-3.1597,0,0,0,1
0.91773,-0.0061896,0.39716,-0.69831,0.024889,0.99881,-0.041946,-0.3065,-0.39643,0.04838,0.91679,-3.1066,0,0,0,1
0.9206,-0.0061393,0.39046,-0.67288,0.024199,0.99885,-0.04135,-0.30476,-0.38976,0.047516,0.91969,-3.0533,0,0,0,1
0.92342,-0.0060869,0.38374,-0.64793,0.023518,0.99889,-0.040748,-0.30288,-0.38306,0.046652,0.92254,-3,0,0,0,1
0.9262,-0.0060323,0.377,-0.62345,0.022844,0.99893,-0.040139,-0.30087,-0.37635,0.045789,0.92534,-2.9466,0,0,0,1
0.92892,-0.0059755,0.37023,-0.59944,0.022179,0.99897,-0.039523,-0.29872,-0.36962,0.044925,0.9281,-2.8931,0,0,0,1
0.93159,-0.0059165,0.36345,-0.57589,0.021521,0.99901,-0.0389,-0.29643,-0.36286,0.044061,0.9308,-2.8395,0,0,0,1
0.93422,-0.0058553,0.35665,-0.55283,0.020872,0.99905,-0.038271,-0.29401,-0.35609,0.043197,0.93345,-2.7859,0,0,0,1
0.9368,-0.005792,0.34983,-0.53023,0.020231,0.99909,-0.037635,-0.29145,-0.34929,0.042333,0.93606,-2.7321,0,0,0,1
0.93932,-0.0057264,0.34299,-0.5081,0.019598,0.99912,-0.036992,-0.28876,-0.34248,0.04147,0.93861,-2.6783,0,0,0,1
0.9418,-0.0056587,0.33613,-0.48644,0.018974,0.99916,-0.036343,-0.28593,-0.33564,0.040606,0.94111,-2.6244,0,0,0,1
0.94422,-0.0055888,0.32926,-0.46526,0.018359,0.99919,-0.035688,-0.28297,-0.32879,0.039742,0.94357,-2.5705,0,0,0,1
0.9466,-0.0055166,0.32236,-0.44455,0.017751,0.99923,-0.035026,-0.27987,-0.32192,0.038878,0.94597,-2.5164,0,0,0,1
0.94893,-0.0054424,0.31545,-0.4243,0.017153,0.99926,-0.034358,-0.27663,-0.31503,0.038014,0.94832,-2.4623,0,0,0,1
0.9512,-0.0053659,0.30852,-0.40453,0.016563,0.9993,-0.033684,-0.27326,-0.30813,0.03715,0.95062,-2.4081,0,0,0,1
0.95343,-0.0052872,0.30158,-0.38523,0.015981,0.99933,-0.033003,-0.26976,-0.3012,0.036286,0.95287,-2.3538,0,0,0,1
0.9556,-0.0052064,0.29462,-0.3664,0.015408,0.99936,-0.032317,-0.26612,-0.29426,0.035422,0.95507,-2.2994,0,0,0,1
0.95772,-0.0051233,0.28764,-0.34804,0.014845,0.99939,-0.031625,-0.26234,-0.28731,0.034558,0.95722,-2.2449,0,0,0,1
0.9598,-0.0050381,0.28065,-0.33016,0.014289,0.99942,-0.030927,-0.25842,-0.28033,0.033694,0.95931,-2.1904,0,0,0,1
0.96182,-0.0049507,0.27365,-0.31274,0.013743,0.99945,-0.030223,-0.25438,-0.27335,0.03283,0.96136,-2.1357,0,0,0,1
0.96379,-0.0048612,0.26662,-0.2958,0.013206,0.99948,-0.029514,-0.25019,-0.26634,0.031966,0.96335,-2.081,0,0,0,1
0.96571,-0.0047694,0.25959,-0.27932,0.012678,0.9995,-0.028798,-0.24587,-0.25932,0.031102,0.96529,-2.0263,0,0,0,1
0.96758,-0.0046754,0.25254,-0.26332,0.012158,0.99953,-0.028078,-0.24142,-0.25229,0.030238,0.96718,-1.9714,0,0,0,1
0.96939,-0.0045793,0.24548,-0.24779,0.011648,0.99956,-0.027352,-0.23682,-0.24524,0.029374,0.96902,-1.9164,0,0,0,1
0.97116,-0.004481,0.2384,-0.23273,0.011147,0.99958,-0.02662,-0.2321,-0.23818,0.02851,0.9708,-1.8614,0,0,0,1
0.97287,-0.0043805,0.23131,-0.21814,0.010655,0.99961,-0.025883,-0.22723,-0.23111,0.027645,0.97254,-1.8063,0,0,0,1
0.97453,-0.0042778,0.22421,-0.20402,0.010172,0.99963,-0.025141,-0.22224,-0.22402,0.026781,0.97422,-1.7511,0,0,0,1
0.97614,-0.0041729,0.2171,-0.19037,0.0096987,0.99966,-0.024394,-0.2171,-0.21692,0.025917,0.97584,-1.6958,0,0,0,1
0.9777,-0.0040659,0.20997,-0.17719,0.0092346,0.99968,-0.023641,-0.21183,-0.20981,0.025053,0.97742,-1.6405,0,0,0,1
0.9792,-0.0039566,0.20284,-0.16449,0.0087797,0.9997,-0.022884,-0.20643,-0.20269,0.024189,0.97894,-1.5851,0,0,0,1
0.98066,-0.0038452,0.19569,-0.15225,0.0083343,0.99972,-0.022122,-0.20089,-0.19555,0.023325,0.98042,-1.5295,0,0,0,1
0.98206,-0.0037315,0.18853,-0.14049,0.0078983,0.99974,-0.021355,-0.19521,-0.1884,0.022461,0.98183,-1.4739,0,0,0,1
0.98341,-0.0036157,0.18137,-0.1292,0.0074718,0.99976,-0.020583,-0.1894,-0.18125,0.021597,0.9832,-1.4183,0,0,0,1
0.98471,-0.0034976,0.17419,-0.11838,0.0070549,0.99978,-0.019807,-0.18345,-0.17408,0.020733,0.98451,-1.3625,0,0,0,1
0.98595,-0.0033774,0.167,-0.10803,0.0066474,0.9998,-0.019026,-0.17736,-0.1669,0.019869,0.98577,-1.3067,0,0,0,1
0.98714,-0.003255,0.15981,-0.09815,0.0062496,0.99981,-0.01824,-0.17114,-0.15972,0.019004,0.98698,-1.2507,0,0,0,1
0.98828,-0.0031304,0.1526,-0.088742,0.0058615,0.99983,-0.01745,-0.16479,-0.15252,0.01814,0.98813,-1.1947,0,0,0,1
0.98937,-0.0030035,0.14539,-0.079805,0.005483,0.99985,-0.016656,-0.1583,-0.14532,0.017276,0.98923,-1.1387,0,0,0,1
0.9904,-0.0028745,0.13817,-0.07134,0.0051142,0.99986,-0.015858,-0.15167,-0.1381,0.016412,0.99028,-1.0825,0,0,0,1
0.99139,-0.0027432,0.13094,-0.063345,0.0047552,0.99988,-0.015055,-0.14491,-0.13088,0.015548,0.99128,-1.0263,0,0,0,1
0.99232,-0.0026098,0.1237,-0.055822,0.004406,0.99989,-0.014249,-0.13801,-0.12365,0.014684,0.99222,-0.96993,0,0,0,1
0.99319,-0.0024741,0.11646,-0.04877,0.0040666,0.9999,-0.013438,-0.13098,-0.11642,0.01382,0.9931,-0.91352,0,0,0,1
0.99402,-0.0023362,0.10922,-0.042188,0.0037371,0.99991,-0.012624,-0.12381,-0.10918,0.012956,0.99394,-0.85704,0,0,0,1
0.99479,-0.0021961,0.10196,-0.036078,0.0034175,0.99992,-0.011805,-0.11651,-0.10193,0.012092,0.99472,-0.80047,0,0,0,1
0.9955,-0.0020538,0.094702,-0.030439,0.0031078,0.99993,-0.010983,-0.10907,-0.094673,0.011228,0.99545,-0.74382,0,0,0,1
0.99617,-0.0019092,0.087437,-0.025271,0.0028081,0.99994,-0.010158,-0.10149,-0.087413,0.010364,0.99612,-0.68709,0,0,0,1
0.99678,-0.0017625,0.080167,-0.020574,0.0025183,0.99995,-0.0093287,-0.093779,-0.080147,0.0095005,0.99674,-0.63028,0,0,0,1
0.99734,-0.0016135,0.072894,-0.016349,0.0022387,0.99996,-0.0084961,-0.085932,-0.072877,0.0086367,0.9973,-0.57338,0,0,0,1
0.99784,-0.0014622,0.065616,-0.012594,0.001969,0.99997,-0.0076601,-0.077949,-0.065603,0.0077728,0.99782,-0.51641,0,0,0,1
0.9983,-0.0013087,0.058334,-0.0093102,0.0017095,0.99998,-0.0068209,-0.069831,-0.058324,0.006909,0.99827,-0.45936,0,0,0,1
0.9987,-0.001153,0.05105,-0.0064976,0.0014601,0.99998,-0.0059785,-0.061577,-0.051042,0.0060452,0.99868,-0.40222,0,0,0,1
0.99904,-0.00099506,0.043762,-0.0041561,0.0012209,0.99999,-0.005133,-0.053187,-0.043757,0.0051815,0.99903,-0.345,0,0,0,1
0.99933,-0.00083486,0.036472,-0.0022857,0.00099178,0.99999,-0.0042845,-0.044662,-0.036468,0.0043178,0.99933,-0.2877,0,0,0,1
0.99957,-0.0006724,0.02918,-0.00088641,0.00077291,0.99999,-0.0034331,-0.036001,-0.029178,0.0034542,0.99957,-0.23033,0,0,0,1
0.99976,-0.00050769,0.021887,4.1815e-05,0.00056427,1,-0.0025788,-0.027204,-0.021885,0.0025906,0.99976,-0.17287,0,0,0,1
0.99989,-0.00034073,0.014592,0.00049896,0.00036589,1,-0.0017218,-0.018272,-0.014591,0.001727,0.99989,-0.11533,0,0,0,1
0.99997,-0.0001715,0.0072962,0.00048502,0.00017779,1,-0.00086219,-0.0092036,-0.0072961,0.00086347,0.99997,-0.057703,0,0,0,1
NaN,NaN,NaN,0,NaN,NaN,NaN,0,NaN,NaN,NaN,0,0,0,0,1
0.99997,0.00017377,-0.0072964,-0.0009561,-0.00016746,1,0.00086466,0.0093393,0.0072965,-0.00086341,0.99997,0.057784,0,0,0,1
0.99989,0.00034981,-0.014592,-0.0023833,-0.00032457,1,0.0017317,0.018814,0.014593,-0.0017268,0.99989,0.11565,0,0,0,1
0.99976,0.00052813,-0.021888,-0.0042816,-0.00047131,1,0.002601,0.028425,0.021889,-0.0025901,0.99976,0.1736,0,0,0,1
0.99957,0.00070873,-0.029182,-0.0066509,-0.00060765,0.99999,0.0034725,0.038171,0.029184,-0.0034533,0.99957,0.23162,0,0,0,1
0.99933,0.00089162,-0.036475,-0.0094914,-0.00073358,0.99999,0.0043461,0.048053,0.036479,-0.0043165,0.99933,0.28973,0,0,0,1
0.99904,0.0010768,-0.043766,-0.012803,-0.00084907,0.99999,0.0052218,0.058071,0.043771,-0.0051796,0.99903,0.34792,0,0,0,1
0.9987,0.0012643,-0.051055,-0.016585,-0.00095411,0.99998,0.0060993,0.068224,0.051062,-0.0060426,0.99868,0.40619,0,0,0,1
0.9983,0.0014541,-0.058341,-0.020839,-0.0010487,0.99998,0.0069787,0.078513,0.05835,-0.0069056,0.99827,0.46454,0,0,0,1
0.99784,0.0016462,-0.065624,-0.025564,-0.0011328,0.99997,0.0078598,0.088937,0.065635,-0.0077685,0.99781,0.52297,0,0,0,1
0.99734,0.0018406,-0.072904,-0.03076,-0.0012063,0.99996,0.0087425,0.099497,0.072917,-0.0086313,0.9973,0.58149,0,0,0,1
0.99678,0.0020373,-0.08018,-0.036427,-0.0012694,0.99995,0.0096268,0.11019,0.080196,-0.009494,0.99673,0.64008,0,0,0,1
0.99617,0.0022363,-0.087452,-0.042565,-0.0013219,0.99994,0.010513,0.12102,0.08747,-0.010357,0.99611,0.69876,0,0,0,1
0.9955,0.0024377,-0.094719,-0.049174,-0.0013639,0.99993,0.0114,0.13199,0.094741,-0.011219,0.99544,0.75751,0,0,0,1
0.99478,0.0026414,-0.10198,-0.056254,-0.0013953,0.99992,0.012288,0.14309,0.10201,-0.012082,0.99471,0.81635,0,0,0,1
0.99401,0.0028474,-0.10924,-0.063805,-0.0014162,0.99991,0.013178,0.15433,0.10927,-0.012944,0.99393,0.87527,0,0,0,1
0.99319,0.0030558,-0.11649,-0.071828,-0.0014264,0.9999,0.014068,0.16571,0.11652,-0.013806,0.99309,0.93427,0,0,0,1
0.99231,0.0032665,-0.12373,-0.080321,-0.0014261,0.99989,0.01496,0.17722,0.12377,-0.014669,0.9922,0.99335,0,0,0,1
0.99138,0.0034796,-0.13097,-0.089286,-0.0014151,0.99987,0.015853,0.18886,0.13101,-0.015531,0.99126,1.0525,0,0,0,1
0.9904,0.0036951,-0.13821,-0.098721,-0.0013936,0.99986,0.016746,0.20064,0.13825,-0.016392,0.99026,1.1118,0,0,0,1
0.98936,0.0039129,-0.14543,-0.10863,-0.0013614,0.99984,0.01764,0.21256,0.14548,-0.017254,0.98921,1.1711,0,0,0,1
0.98827,0.0041331,-0.15265,-0.11901,-0.0013186,0.99983,0.018535,0.22461,0.1527,-0.018116,0.98811,1.2305,0,0,0,1
0.98713,0.0043557,-0.15986,-0.12985,-0.0012651,0.99981,0.01943,0.2368,0.15991,-0.018978,0.98695,1.29,0,0,0,1
0.98594,0.0045806,-0.16706,-0.14117,-0.0012011,0.99979,0.020326,0.24912,0.16711,-0.019839,0.98574,1.3495,0,0,0,1
0.98469,0.0048079,-0.17425,-0.15297,-0.0011263,0.99977,0.021222,0.26158,0.17431,-0.0207,0.98447,1.4092,0,0,0,1
0.98339,0.0050377,-0.18143,-0.16523,-0.0010409,0.99975,0.022118,0.27418,0.1815,-0.021562,0.98316,1.4689,0,0,0,1
0.98204,0.0052698,-0.1886,-0.17796,-0.00094488,0.99973,0.023014,0.28691,0.18867,-0.022423,0.98178,1.5287,0,0,0,1
0.98064,0.0055044,-0.19576,-0.19116,-0.00083818,0.99971,0.023911,0.29977,0.19584,-0.023283,0.98036,1.5886,0,0,0,1
0.97918,0.0057413,-0.20292,-0.20484,-0.00072082,0.99969,0.024807,0.31278,0.203,-0.024144,0.97888,1.6486,0,0,0,1
0.97767,0.0059807,-0.21006,-0.21899,-0.0005928,0.99967,0.025703,0.32591,0.21014,-0.025005,0.97735,1.7086,0,0,0,1
0.97611,0.0062225,-0.21719,-0.2336,-0.00045411,0.99965,0.026599,0.33919,0.21728,-0.025865,0.97577,1.7688,0,0,0,1
0.9745,0.0064668,-0.22431,-0.24869,-0.00030477,0.99962,0.027495,0.3526,0.2244,-0.026725,0.97413,1.829,0,0,0,1
0.97283,0.0067135,-0.23141,-0.26425,-0.00014476,0.9996,0.02839,0.36614,0.23151,-0.027586,0.97244,1.8893,0,0,0,1
0.97112,0.0069626,-0.23851,-0.28028,2.5901e-05,0.99957,0.029285,0.37982,0.23861,-0.028445,0.9707,1.9497,0,0,0,1
0.96935,0.0072142,-0.24559,-0.29679,0.00020722,0.99954,0.030179,0.39364,0.2457,-0.029305,0.9689,2.0101,0,0,0,1
0.96753,0.0074683,-0.25266,-0.31376,0.00039919,0.99952,0.031073,0.40759,0.25277,-0.030165,0.96706,2.0707,0,0,0,1
0.96565,0.0077248,-0.25972,-0.3312,0.0006018,0.99949,0.031966,0.42167,0.25983,-0.031024,0.96516,2.1313,0,0,0,1
0.96373,0.0079838,-0.26676,-0.34912,0.00081505,0.99946,0.032857,0.4359,0.26688,-0.031883,0.9632,2.192,0,0,0,1
0.96176,0.0082453,-0.27379,-0.3675,0.0010389,0.99943,0.033748,0.45026,0.27391,-0.032742,0.9612,2.2528,0,0,0,1
0.95973,0.0085093,-0.2808,-0.38636,0.0012735,0.9994,0.034638,0.46475,0.28093,-0.033601,0.95914,2.3136,0,0,0,1
0.95765,0.0087758,-0.2878,-0.40569,0.0015186,0.99937,0.035527,0.47938,0.28793,-0.034459,0.95703,2.3746,0,0,0,1
0.95552,0.0090448,-0.29478,-0.42549,0.0017743,0.99934,0.036414,0.49414,0.29491,-0.035318,0.95487,2.4356,0,0,0,1
0.95334,0.0093163,-0.30175,-0.44576,0.0020407,0.9993,0.0373,0.50905,0.30188,-0.036176,0.95266,2.4967,0,0,0,1
0.95111,0.0095903,-0.3087,-0.4665,0.0023176,0.99927,0.038185,0.52408,0.30884,-0.037033,0.95039,2.5579,0,0,0,1
0.94883,0.0098668,-0.31563,-0.48771,0.0026052,0.99923,0.039068,0.53925,0.31578,-0.037891,0.94808,2.6192,0,0,0,1
0.9465,0.010146,-0.32255,-0.5094,0.0029032,0.9992,0.039949,0.55456,0.3227,-0.038748,0.94571,2.6805,0,0,0,1
0.94411,0.010428,-0.32945,-0.53155,0.0032119,0.99916,0.040829,0.57001,0.3296,-0.039605,0.94329,2.7419,0,0,0,1
0.94168,0.010712,-0.33634,-0.55418,0.0035311,0.99912,0.041707,0.58559,0.33649,-0.040462,0.94082,2.8035,0,0,0,1
0.9392,0.010998,-0.3432,-0.57727,0.0038608,0.99909,0.042583,0.6013,0.34336,-0.041319,0.9383,2.865,0,0,0,1
0.93666,0.011288,-0.35005,-0.60084,0.004201,0.99905,0.043457,0.61715,0.3502,-0.042175,0.93572,2.9267,0,0,0,1
0.93408,0.01158,-0.35688,-0.62488,0.0045518,0.99901,0.044328,0.63314,0.35704,-0.043031,0.9331,2.9885,0,0,0,1
0.93145,0.011874,-0.36369,-0.64939,0.004913,0.99897,0.045198,0.64926,0.36385,-0.043886,0.93042,3.0503,0,0,0,1
0.92876,0.012171,-0.37048,-0.67437,0.0052846,0.99892,0.046065,0.66552,0.37064,-0.044742,0.9277,3.1122,0,0,0,1
0.92603,0.012471,-0.37725,-0.69983,0.0056668,0.99888,0.04693,0.68191,0.37741,-0.045597,0.92492,3.1742,0,0,0,1
0.92325,0.012773,-0.384,-0.72575,0.0060593,0.99884,0.047793,0.69844,0.38416,-0.046451,0.9221,3.2363,0,0,0,1
0.92041,0.013078,-0.39073,-0.75214,0.0064623,0.99879,0.048653,0.7151,0.39089,-0.047306,0.91922,3.2985,0,0,0,1
0.91753,0.013385,-0.39743,-0.77901,0.0068756,0.99875,0.04951,0.7319,0.3976,-0.04816,0.91629,3.3607,0,0,0,1
0.9146,0.013695,-0.40412,-0.80635,0.0072993,0.9987,0.050365,0.74884,0.40429,-0.049013,0.91332,3.423,0,0,0,1
0.91162,0.014008,-0.41079,-0.83415,0.0077333,0.99866,0.051216,0.76591,0.41095,-0.049867,0.91029,3.4854,0,0,0,1
0.9086,0.014323,-0.41743,-0.86243,0.0081777,0.99861,0.052065,0.78312,0.4176,-0.05072,0.90722,3.5479,0,0,0,1
0.90552,0.014641,-0.42405,-0.89118,0.0086324,0.99856,0.052911,0.80046,0.42422,-0.051572,0.90409,3.6105,0,0,0,1
0.90239,0.014962,-0.43065,-0.9204,0.0090973,0.99851,0.053754,0.81794,0.43082,-0.052425,0.90092,3.6731,0,0,0,1
0.89922,0.015285,-0.43723,-0.9501,0.0095725,0.99846,0.054593,0.83555,0.43739,-0.053276,0.89769,3.7359,0,0,0,1
0.896,0.015611,-0.44378,-0.98026,0.010058,0.99841,0.055429,0.8533,0.44394,-0.054128,0.89442,3.7987,0,0,0,1
0.89273,0.01594,-0.45031,-1.0109,0.010553,0.99836,0.056262,0.87119,0.45047,-0.054979,0.8911,3.8616,0,0,0,1
0.88941,0.016271,-0.45682,-1.042,0.011059,0.99831,0.057091,0.88921,0.45697,-0.05583,0.88773,3.9245,0,0,0,1
0.88605,0.016606,-0.4633,-1.0736,0.011575,0.99825,0.057917,0.90736,0.46345,-0.05668,0.88431,3.9876,0,0,0,1
0.88264,0.016942,-0.46975,-1.1056,0.012101,0.9982,0.058739,0.92566,0.4699,-0.057529,0.88084,4.0507,0,0,0,1
0.87918,0.017282,-0.47618,-1.1381,0.012637,0.99814,0.059557,0.94408,0.47633,-0.058379,0.87733,4.1139,0,0,0,1
0.87567,0.017624,-0.48259,-1.1711,0.013183,0.99809,0.060371,0.96265,0.48273,-0.059228,0.87376,4.1772,0,0,0,1
0.87212,0.017969,-0.48897,-1.2046,0.013739,0.99803,0.061182,0.98135,0.48911,-0.060076,0.87015,4.2406,0,0,0,1
0.86852,0.018317,-0.49532,-1.2385,0.014306,0.99797,0.061989,1.0002,0.49545,-0.060924,0.8665,4.304,0,0,0,1
0.86487,0.018667,-0.50165,-1.2729,0.014882,0.99792,0.062791,1.0192,0.50178,-0.061771,0.86279,4.3676,0,0,0,1
0.86118,0.01902,-0.50795,-1.3078,0.015468,0.99786,0.063589,1.0383,0.50807,-0.062618,0.85904,4.4312,0,0,0,1
0.85744,0.019376,-0.51422,-1.3431,0.016063,0.9978,0.064383,1.0575,0.51434,-0.063465,0.85524,4.4949,0,0,0,1
0.85365,0.019735,-0.52047,-1.379,0.016669,0.99773,0.065173,1.0769,0.52057,-0.06431,0.85139,4.5587,0,0,0,1
0.84982,0.020097,-0.52668,-1.4153,0.017285,0.99767,0.065958,1.0964,0.52678,-0.065156,0.8475,4.6225,0,0,0,1
0.84595,0.020461,-0.53287,-1.452,0.01791,0.99761,0.066738,1.116,0.53297,-0.066001,0.84356,4.6865,0,0,0,1
0.84203,0.020828,-0.53903,-1.4892,0.018545,0.99755,0.067514,1.1358,0.53912,-0.066845,0.83957,4.7505,0,0,0,1
0.83806,0.021198,-0.54517,-1.5269,0.01919,0.99748,0.068285,1.1557,0.54524,-0.067689,0.83554,4.8146,0,0,0,1
0.83405,0.021571,-0.55127,-1.5651,0.019844,0.99742,0.069051,1.1758,0.55133,-0.068532,0.83147,4.8788,0,0,0,1
0.82999,0.021946,-0.55734,-1.6038,0.020508,0.99735,0.069813,1.196,0.5574,-0.069374,0.82734,4.9431,0,0,0,1
0.82589,0.022325,-0.56338,-1.6429,0.021181,0.99728,0.070569,1.2163,0.56343,-0.070216,0.82318,5.0074,0,0,0,1
0.82175,0.022706,-0.5694,-1.6825,0.021865,0.99721,0.071321,1.2368,0.56943,-0.071057,0.81896,5.0718,0,0,0,1
0.81756,0.02309,-0.57538,-1.7225,0.022557,0.99714,0.072067,1.2574,0.5754,-0.071898,0.8147,5.1364,0,0,0,1
0.81333,0.023477,-0.58133,-1.763,0.023259,0.99707,0.072808,1.2781,0.58134,-0.072738,0.8104,5.2009,0,0,0,1
0.80905,0.023867,-0.58725,-1.804,0.023971,0.997,0.073544,1.299,0.58725,-0.073578,0.80606,5.2656,0,0,0,1
0.80473,0.024259,-0.59314,-1.8455,0.024691,0.99693,0.074274,1.32,0.59312,-0.074416,0.80167,5.3304,0,0,0,1
0.80037,0.024655,-0.599,-1.8874,0.025421,0.99686,0.074999,1.3411,0.59897,-0.075254,0.79723,5.3952,0,0,0,1
0.79597,0.025053,-0.60482,-1.9299,0.026161,0.99679,0.075718,1.3624,0.60478,-0.076092,0.79275,5.4601,0,0,0,1
0.79152,0.025455,-0.61062,-1.9727,0.026909,0.99671,0.076432,1.3838,0.61055,-0.076928,0.78823,5.5251,0,0,0,1
0.78703,0.025859,-0.61638,-2.0161,0.027667,0.99664,0.077139,1.4054,0.6163,-0.077764,0.78367,5.5902,0,0,0,1
0.7825,0.026266,-0.6221,-2.0599,0.028434,0.99656,0.077841,1.427,0.62201,-0.078599,0.77906,5.6554,0,0,0,1
0.77792,0.026676,-0.6278,-2.1042,0.02921,0.99648,0.078537,1.4489,0.62768,-0.079434,0.77441,5.7206,0,0,0,1
0.77331,0.027089,-0.63345,-2.149,0.029995,0.99641,0.079228,1.4708,0.63332,-0.080268,0.76971,5.7859,0,0,0,1
0.76865,0.027505,-0.63908,-2.1942,0.030789,0.99633,0.079912,1.4929,0.63893,-0.0811,0.76498,5.8513,0,0,0,1
0.76395,0.027924,-0.64467,-2.2399,0.031592,0.99625,0.080589,1.5151,0.6445,-0.081933,0.7602,5.9168,0,0,0,1
0.75921,0.028346,-0.65023,-2.2861,0.032404,0.99617,0.081261,1.5375,0.65004,-0.082764,0.75538,5.9824,0,0,0,1
0.75443,0.028771,-0.65575,-2.3328,0.033224,0.99608,0.081926,1.56,0.65554,-0.083594,0.75052,6.048,0,0,0,1
0.74961,0.029198,-0.66124,-2.3799,0.034054,0.996,0.082585,1.5826,0.661,-0.084424,0.74562,6.1137,0,0,0,1
0.74475,0.029629,-0.66669,-2.4275,0.034892,0.99592,0.083238,1.6054,0.66643,-0.085253,0.74067,6.1795,0,0,0,1
0.73985,0.030063,-0.6721,-2.4755,0.035738,0.99583,0.083884,1.6283,0.67182,-0.086081,0.73569,6.2454,0,0,0,1
0.73491,0.030499,-0.67748,-2.5241,0.036594,0.99575,0.084523,1.6513,0.67718,-0.086908,0.73067,6.3114,0,0,0,1
0.72993,0.030939,-0.68282,-2.5731,0.037458,0.99566,0.085155,1.6745,0.6825,-0.087734,0.7256,6.3774,0,0,0,1
0.72491,0.031382,-0.68813,-2.6226,0.03833,0.99558,0.085781,1.6978,0.68778,-0.08856,0.7205,6.4436,0,0,0,1
0.71985,0.031827,-0.6934,-2.6725,0.039211,0.99549,0.0864,1.7213,0.69302,-0.089384,0.71536,6.5098,0,0,0,1
0.71475,0.032276,-0.69863,-2.7229,0.0401,0.9954,0.087012,1.7449,0.69822,-0.090207,0.71017,6.5761,0,0,0,1
0.70962,0.032728,-0.70382,-2.7738,0.040997,0.99531,0.087617,1.7686,0.70339,-0.09103,0.70495,6.6425,0,0,0,1
0.70445,0.033183,-0.70898,-2.8252,0.041903,0.99522,0.088215,1.7924,0.70852,-0.091851,0.69969,6.7089,0,0,0,1
0.69924,0.03364,-0.7141,-2.877,0.042817,0.99513,0.088806,1.8164,0.71361,-0.092672,0.69439,6.7755,0,0,0,1
0.69399,0.034101,-0.71918,-2.9293,0.043739,0.99504,0.089389,1.8405,0.71866,-0.093491,0.68905,6.8421,0,0,0,1
0.6887,0.034565,-0.72422,-2.9821,0.044669,0.99494,0.089965,1.8648,0.72367,-0.09431,0.68368,6.9088,0,0,0,1
0.68338,0.035032,-0.72922,-3.0353,0.045608,0.99485,0.090534,1.8892,0.72864,-0.095127,0.67826,6.9755,0,0,0,1
0.67802,0.035502,-0.73418,-3.0891,0.046554,0.99475,0.091095,1.9137,0.73356,-0.095944,0.67281,7.0424,0,0,0,1
0.67263,0.035975,-0.73911,-3.1432,0.047508,0.99466,0.091649,1.9384,0.73845,-0.096759,0.66733,7.1093,0,0,0,1
0.6672,0.036452,-0.74399,-3.1979,0.04847,0.99456,0.092195,1.9632,0.7433,-0.097573,0.6618,7.1764,0,0,0,1
0.66173,0.036931,-0.74883,-3.253,0.049439,0.99446,0.092734,1.9881,0.74811,-0.098386,0.65624,7.2435,0,0,0,1
0.65623,0.037413,-0.75363,-3.3086,0.050417,0.99436,0.093264,2.0132,0.75288,-0.099198,0.65064,7.3107,0,0,0,1
0.65069,0.037899,-0.7584,-3.3647,0.051401,0.99426,0.093787,2.0384,0.7576,-0.10001,0.64501,7.3779,0,0,0,1
0.64512,0.038387,-0.76312,-3.4213,0.052394,0.99416,0.094302,2.0638,0.76228,-0.10082,0.63934,7.4453,0,0,0,1
0.63951,0.038879,-0.7678,-3.4783,0.053394,0.99406,0.094809,2.0893,0.76693,-0.10163,0.63364,7.5127,0,0,0,1
0.63951,0.038879,-0.7678,-3.4783,0.053394,0.99406,0.094809,2.0893,0.76693,-0.10163,0.63364,7.5127,0,0,0,1
0.64512,0.038387,-0.76312,-3.4213,0.052394,0.99416,0.094302,2.0638,0.76228,-0.10082,0.63934,7.4453,0,0,0,1
0.65069,0.037899,-0.7584,-3.3647,0.051401,0.99426,0.093787,2.0384,0.7576,-0.10001,0.64501,7.3779,0,0,0,1
0.65623,0.037413,-0.75363,-3.3086,0.050417,0.99436,0.093264,2.0132,0.75288,-0.099198,0.65064,7.3107,0,0,0,1
0.66173,0.036931,-0.74883,-3.253,0.049439,0.99446,0.092734,1.9881,0.74811,-0.098386,0.65624,7.2435,0,0,0,1
0.6672,0.036452,-0.74399,-3.1979,0.04847,0.99456,0.092195,1.9632,0.7433,-0.097573,0.6618,7.1764,0,0,0,1
0.67263,0.035975,-0.73911,-3.1432,0.047508,0.99466,0.091649,1.9384,0.73845,-0.096759,0.66733,7.1093,0,0,0,1
0.67802,0.035502,-0.73418,-3.0891,0.046554,0.99475,0.091095,1.9137,0.73356,-0.095944,0.67281,7.0424,0,0,0,1
0.68338,0.035032,-0.72922,-3.0353,0.045608,0.99485,0.090534,1.8892,0.72864,-0.095127,0.67826,6.9755,0,0,0,1
0.6887,0.034565,-0.72422,-2.9821,0.044669,0.99494,0.089965,1.8648,0.72367,-0.09431,0.68368,6.9088,0,0,0,1
0.69399,0.034101,-0.71918,-2.9293,0.043739,0.99504,0.089389,1.8405,0.71866,-0.093491,0.68905,6.8421,0,0,0,1
0.69924,0.03364,-0.7141,-2.877,0.042817,0.99513,0.088806,1.8164,0.71361,-0.092672,0.69439,6.7755,0,0,0,1
0.70445,0.033183,-0.70898,-2.8252,0.041903,0.99522,0.088215,1.7924,0.70852,-0.091851,0.69969,6.7089,0,0,0,1
0.70962,0.032728,-0.70382,-2.7738,0.040997,0.99531,0.087617,1.7686,0.70339,-0.09103,0.70495,6.6425,0,0,0,1
0.71475,0.032276,-0.69863,-2.7229,0.0401,0.9954,0.087012,1.7449,0.69822,-0.090207,0.71017,6.5761,0,0,0,1
0.71985,0.031827,-0.6934,-2.6725,0.039211,0.99549,0.0864,1.7213,0.69302,-0.089384,0.71536,6.5098,0,0,0,1
0.72491,0.031382,-0.68813,-2.6226,0.03833,0.99558,0.085781,1.6978,0.68778,-0.08856,0.7205,6.4436,0,0,0,1
0.72993,0.030939,-0.68282,-2.5731,0.037458,0.99566,0.085155,1.6745,0.6825,-0.087734,0.7256,6.3774,0,0,0,1
0.73491,0.030499,-0.67748,-2.5241,0.036594,0.99575,0.084523,1.6513,0.67718,-0.086908,0.73067,6.3114,0,0,0,1
0.73985,0.030063,-0.6721,-2.4755,0.035738,0.99583,0.083884,1.6283,0.67182,-0.086081,0.73569,6.2454,0,0,0,1
0.74475,0.029629,-0.66669,-2.4275,0.034892,0.99592,0.083238,1.6054,0.66643,-0.085253,0.74067,6.1795,0,0,0,1
0.74961,0.029198,-0.66124,-2.3799,0.034054,0.996,0.082585,1.5826,0.661,-0.084424,0.74562,6.1137,0,0,0,1
0.75443,0.028771,-0.65575,-2.3328,0.033224,0.99608,0.081926,1.56,0.65554,-0.083594,0.75052,6.048,0,0,0,1
0.75921,0.028346,-0.65023,-2.2861,0.032404,0.99617,0.081261,1.5375,0.65004,-0.082764,0.75538,5.9824,0,0,0,1
0.76395,0.027924,-0.64467,-2.2399,0.031592,0.99625,0.080589,1.5151,0.6445,-0.081933,0.7602,5.9168,0,0,0,1
0.76865,0.027505,-0.63908,-2.1942,0.030789,0.99633,0.079912,1.4929,0.63893,-0.0811,0.76498,5.8513,0,0,0,1
0.77331,0.027089,-0.63345,-2.149,0.029995,0.99641,0.079228,1.4708,0.63332,-0.080268,0.76971,5.7859,0,0,0,1
0.77792,0.026676,-0.6278,-2.1042,0.02921,0.99648,0.078537,1.4489,0.62768,-0.079434,0.77441,5.7206,0,0,0,1
0.7825,0.026266,-0.6221,-2.0599,0.028434,0.99656,0.077841,1.427,0.62201,-0.078599,0.77906,5.6554,0,0,0,1
0.78703,0.025859,-0.61638,-2.0161,0.027667,0.99664,0.077139,1.4054,0.6163,-0.077764,0.78367,5.5902,0,0,0,1
0.79152,0.025455,-0.61062,-1.9727,0.026909,0.99671,0.076432,1.3838,0.61055,-0.076928,0.78823,5.5251,0,0,0,1
0.79597,0.025053,-0.60482,-1.9299,0.026161,0.99679,0.075718,1.3624,0.60478,-0.076092,0.79275,5.4601,0,0,0,1
0.80037,0.024655,-0.599,-1.8874,0.025421,0.99686,0.074999,1.3411,0.59897,-0.075254,0.79723,5.3952,0,0,0,1
0.80473,0.024259,-0.59314,-1.8455,0.024691,0.99693,0.074274,1.32,0.59312,-0.074416,0.80167,5.3304,0,0,0,1
0.80905,0.023867,-0.58725,-1.804,0.023971,0.997,0.073544,1.299,0.58725,-0.073578,0.80606,5.2656,0,0,0,1
0.81333,0.023477,-0.58133,-1.763,0.023259,0.99707,0.072808,1.2781,0.58134,-0.072738,0.8104,5.2009,0,0,0,1
0.81756,0.02309,-0.57538,-1.7225,0.022557,0.99714,0.072067,1.2574,0.5754,-0.071898,0.8147,5.1364,0,0,0,1
0.82175,0.022706,-0.5694,-1.6825,0.021865,0.99721,0.071321,1.2368,0.56943,-0.071057,0.81896,5.0718,0,0,0,1
0.82589,0.022325,-0.56338,-1.6429,0.021181,0.99728,0.070569,1.2163,0.56343,-0.070216,0.82318,5.0074,0,0,0,1
0.82999,0.021946,-0.55734,-1.6038,0.020508,0.99735,0.069813,1.196,0.5574,-0.069374,0.82734,4.9431,0,0,0,1
0.83405,0.021571,-0.55127,-1.5651,0.019844,0.99742,0.069051,1.1758,0.55133,-0.068532,0.83147,4.8788,0,0,0,1
0.83806,0.021198,-0.54517,-1.5269,0.01919,0.99748,0.068285,1.1557,0.54524,-0.067689,0.83554,4.8146,0,0,0,1
0.84203,0.020828,-0.53903,-1.4892,0.018545,0.99755,0.067514,1.1358,0.53912,-0.066845,0.83957,4.7505,0,0,0,1
0.84595,0.020461,-0.53287,-1.452,0.01791,0.99761,0.066738,1.116,0.53297,-0.066001,0.84356,4.6865,0,0,0,1
0.84982,0.020097,-0.52668,-1.4153,0.017285,0.99767,0.065958,1.0964,0.52678,-0.065156,0.8475,4.6225,0,0,0,1
0.85365,0.019735,-0.52047,-1.379,0.016669,0.99773,0.065173,1.0769,0.52057,-0.06431,0.85139,4.5587,0,0,0,1
0.85744,0.019376,-0.51422,-1.3431,0.016063,0.9978,0.064383,1.0575,0.51434,-0.063465,0.85524,4.4949,0,0,0,1
0.86118,0.01902,-0.50795,-1.3078,0.015468,0.99786,0.063589,1.0383,0.50807,-0.062618,0.85904,4.4312,0,0,0,1
0.86487,0.018667,-0.50165,-1.2729,0.014882,0.99792,0.062791,1.0192,0.50178,-0.061771,0.86279,4.3676,0,0,0,1
0.86852,0.018317,-0.49532,-1.2385,0.014306,0.99797,0.061989,1.0002,0.49545,-0.060924,0.8665,4.304,0,0,0,1
0.87212,0.017969,-0.48897,-1.2046,0.013739,0.99803,0.061182,0.98135,0.48911,-0.060076,0.87015,4.2406,0,0,0,1
0.87567,0.017624,-0.48259,-1.1711,0.013183,0.99809,0.060371,0.96265,0.48273,-0.059228,0.87376,4.1772,0,0,0,1
0.87918,0.017282,-0.47618,-1.1381,0.012637,0.99814,0.059557,0.94408,0.47633,-0.058379,0.87733,4.1139,0,0,0,1
0.88264,0.016942,-0.46975,-1.1056,0.012101,0.9982,0.058739,0.92566,0.4699,-0.057529,0.88084,4.0507,0,0,0,1
0.88605,0.016606,-0.4633,-1.0736,0.011575,0.99825,0.057917,0.90736,0.46345,-0.05668,0.88431,3.9876,0,0,0,1
0.88941,0.016271,-0.45682,-1.042,0.011059,0.99831,0.057091,0.88921,0.45697,-0.05583,0.88773,3.9245,0,0,0,1
0.89273,0.01594,-0.45031,-1.0109,0.010553,0.99836,0.056262,0.87119,0.45047,-0.054979,0.8911,3.8616,0,0,0,1
0.896,0.015611,-0.44378,-0.98026,0.010058,0.99841,0.055429,0.8533,0.44394,-0.054128,0.89442,3.7987,0,0,0,1
0.89922,0.015285,-0.43723,-0.9501,0.0095725,0.99846,0.054593,0.83555,0.43739,-0.053276,0.89769,3.7359,0,0,0,1
0.90239,0.014962,-0.43065,-0.9204,0.0090973,0.99851,0.053754,0.81794,0.43082,-0.052425,0.90092,3.6731,0,0,0,1
0.90552,0.014641,-0.42405,-0.89118,0.0086324,0.99856,0.052911,0.80046,0.42422,-0.051572,0.90409,3.6105,0,0,0,1
0.9086,0.014323,-0.41743,-0.86243,0.0081777,0.99861,0.052065,0.78312,0.4176,-0.05072,0.90722,3.5479,0,0,0,1
0.91162,0.014008,-0.41079,-0.83415,0.0077333,0.99866,0.051216,0.76591,0.41095,-0.049867,0.91029,3.4854,0,0,0,1
0.9146,0.013695,-0.40412,-0.80635,0.0072993,0.9987,0.050365,0.74884,0.40429,-0.049013,0.91332,3.423,0,0,0,1
0.91753,0.013385,-0.39743,-0.77901,0.0068756,0.99875,0.04951,0.7319,0.3976,-0.04816,0.91629,3.3607,0,0,0,1
0.92041,0.013078,-0.39073,-0.75214,0.0064623,0.99879,0.048653,0.7151,0.39089,-0.047306,0.91922,3.2985,0,0,0,1
0.92325,0.012773,-0.384,-0.72575,0.0060593,0.99884,0.047793,0.69844,0.38416,-0.046451,0.9221,3.2363,0,0,0,1
0.92603,0.012471,-0.37725,-0.69983,0.0056668,0.99888,0.04693,0.68191,0.37741,-0.045597,0.92492,3.1742,0,0,0,1
0.92876,0.012171,-0.37048,-0.67437,0.0052846,0.99892,0.046065,0.66552,0.37064,-0.044742,0.9277,3.1122,0,0,0,1
0.93145,0.011874,-0.36369,-0.64939,0.004913,0.99897,0.045198,0.64926,0.36385,-0.043886,0.93042,3.0503,0,0,0,1
0.93408,0.01158,-0.35688,-0.62488,0.0045518,0.99901,0.044328,0.63314,0.35704,-0.043031,0.9331,2.9885,0,0,0,1
0.93666,0.011288,-0.35005,-0.60084,0.004201,0.99905,0.043457,0.61715,0.3502,-0.042175,0.93572,2.9267,0,0,0,1
0.9392,0.010998,-0.3432,-0.57727,0.0038608,0.99909,0.042583,0.6013,0.34336,-0.041319,0.9383,2.865,0,0,0,1
0.94168,0.010712,-0.33634,-0.55418,0.0035311,0.99912,0.041707,0.58559,0.33649,-0.040462,0.94082,2.8035,0,0,0,1
0.94411,0.010428,-0.32945,-0.53155,0.0032119,0.99916,0.040829,0.57001,0.3296,-0.039605,0.94329,2.7419,0,0,0,1
0.9465,0.010146,-0.32255,-0.5094,0.0029032,0.9992,0.039949,0.55456,0.3227,-0.038748,0.94571,2.6805,0,0,0,1
0.94883,0.0098668,-0.31563,-0.48771,0.0026052,0.99923,0.039068,0.53925,0.31578,-0.037891,0.94808,2.6192,0,0,0,1
0.95111,0.0095903,-0.3087,-0.4665,0.0023176,0.99927,0.038185,0.52408,0.30884,-0.037033,0.95039,2.5579,0,0,0,1
0.95334,0.0093163,-0.30175,-0.44576,0.0020407,0.9993,0.0373,0.50905,0.30188,-0.036176,0.95266,2.4967,0,0,0,1
0.95552,0.0090448,-0.29478,-0.42549,0.0017743,0.99934,0.036414,0.49414,0.29491,-0.035318,0.95487,2.4356,0,0,0,1
0.95765,0.0087758,-0.2878,-0.40569,0.0015186,0.99937,0.035527,0.47938,0.28793,-0.034459,0.95703,2.3746,0,0,0,1
0.95973,0.0085093,-0.2808,-0.38636,0.0012735,0.9994,0.034638,0.46475,0.28093,-0.033601,0.95914,2.3136,0,0,0,1
0.96176,0.0082453,-0.27379,-0.3675,0.0010389,0.99943,0.033748,0.45026,0.27391,-0.032742,0.9612,2.2528,0,0,0,1
0.96373,0.0079838,-0.26676,-0.34912,0.00081505,0.99946,0.032857,0.4359,0.26688,-0.031883,0.9632,2.192,0,0,0,1
0.96565,0.0077248,-0.25972,-0.3312,0.0006018,0.99949,0.031966,0.42167,0.25983,-0.031024,0.96516,2.1313,0,0,0,1
0.96753,0.0074683,-0.25266,-0.31376,0.00039919,0.99952,0.031073,0.40759,0.25277,-0.030165,0.96706,2.0707,0,0,0,1
0.96935,0.0072142,-0.24559,-0.29679,0.00020722,0.99954,0.030179,0.39364,0.2457,-0.029305,0.9689,2.0101,0,0,0,1
0.97112,0.0069626,-0.23851,-0.28028,2.5901e-05,0.99957,0.029285,0.37982,0.23861,-0.028445,0.9707,1.9497,0,0,0,1
0.97283,0.0067135,-0.23141,-0.26425,-0.00014476,0.9996,0.02839,0.36614,0.23151,-0.027586,0.97244,1.8893,0,0,0,1
0.9745,0.0064668,-0.22431,-0.24869,-0.00030477,0.99962,0.027495,0.3526,0.2244,-0.026725,0.97413,1.829,0,0,0,1
0.97611,0.0062225,-0.21719,-0.2336,-0.00045411,0.99965,0.026599,0.33919,0.21728,-0.025865,0.97577,1.7688,0,0,0,1
0.97767,0.0059807,-0.21006,-0.21899,-0.0005928,0.99967,0.025703,0.32591,0.21014,-0.025005,0.97735,1.7086,0,0,0,1
0.97918,0.0057413,-0.20292,-0.20484,-0.00072082,0.99969,0.024807,0.31278,0.203,-0.024144,0.97888,1.6486,0,0,0,1
0.98064,0.0055044,-0.19576,-0.19116,-0.00083818,0.99971,0.023911,0.29977,0.19584,-0.023283,0.98036,1.5886,0,0,0,1
0.98204,0.0052698,-0.1886,-0.17796,-0.00094488,0.99973,0.023014,0.28691,0.18867,-0.022423,0.98178,1.5287,0,0,0,1
0.98339,0.0050377,-0.18143,-0.16523,-0.0010409,0.99975,0.022118,0.27418,0.1815,-0.021562,0.98316,1.4689,0,0,0,1
0.98469,0.0048079,-0.17425,-0.15297,-0.0011263,0.99977,0.021222,0.26158,0.17431,-0.0207,0.98447,1.4092,0,0,0,1
0.98594,0.0045806,-0.16706,-0.14117,-0.0012011,0.99979,0.020326,0.24912,0.16711,-0.019839,0.98574,1.3495,0,0,0,1
0.98713,0.0043557,-0.15986,-0.12985,-0.0012651,0.99981,0.01943,0.2368,0.15991,-0.018978,0.98695,1.29,0,0,0,1
0.98827,0.0041331,-0.15265,-0.11901,-0.0013186,0.99983,0.018535,0.22461,0.1527,-0.018116,0.98811,1.2305,0,0,0,1
0.98936,0.0039129,-0.14543,-0.10863,-0.0013614,0.99984,0.01764,0.21256,0.14548,-0.017254,0.98921,1.1711,0,0,0,1
0.9904,0.0036951,-0.13821,-0.098721,-0.0013936,0.99986,0.016746,0.20064,0.13825,-0.016392,0.99026,1.1118,0,0,0,1
0.99138,0.0034796,-0.13097,-0.089286,-0.0014151,0.99987,0.015853,0.18886,0.13101,-0.015531,0.99126,1.0525,0,0,0,1
0.99231,0.0032665,-0.12373,-0.080321,-0.0014261,0.99989,0.01496,0.17722,0.12377,-0.014669,0.9922,0.99335,0,0,0,1
0.99319,0.0030558,-0.11649,-0.071828,-0.0014264,0.9999,0.014068,0.16571,0.11652,-0.013806,0.99309,0.93427,0,0,0,1
0.99401,0.0028474,-0.10924,-0.063805,-0.0014162,0.99991,0.013178,0.15433,0.10927,-0.012944,0.99393,0.87527,0,0,0,1
0.99478,0.0026414,-0.10198,-0.056254,-0.0013953,0.99992,0.012288,0.14309,0.10201,-0.012082,0.99471,0.81635,0,0,0,1
0.9955,0.0024377,-0.094719,-0.049174,-0.0013639,0.99993,0.0114,0.13199,0.094741,-0.011219,0.99544,0.75751,0,0,0,1
0.99617,0.0022363,-0.087452,-0.042565,-0.0013219,0.99994,0.010513,0.12102,0.08747,-0.010357,0.99611,0.69876,0,0,0,1
0.99678,0.0020373,-0.08018,-0.036427,-0.0012694,0.99995,0.0096268,0.11019,0.080196,-0.009494,0.99673,0.64008,0,0,0,1
0.99734,0.0018406,-0.072904,-0.03076,-0.0012063,0.99996,0.0087425,0.099497,0.072917,-0.0086313,0.9973,0.58149,0,0,0,1
0.99784,0.0016462,-0.065624,-0.025564,-0.0011328,0.99997,0.0078598,0.088937,0.065635,-0.0077685,0.99781,0.52297,0,0,0,1
0.9983,0.0014541,-0.058341,-0.020839,-0.0010487,0.99998,0.0069787,0.078513,0.05835,-0.0069056,0.99827,0.46454,0,0,0,1
0.9987,0.0012643,-0.051055,-0.016585,-0.00095411,0.99998,0.0060993,0.068224,0.051062,-0.0060426,0.99868,0.40619,0,0,0,1
0.99904,0.0010768,-0.043766,-0.012803,-0.00084907,0.99999,0.0052218,0.058071,0.043771,-0.0051796,0.99903,0.34792,0,0,0,1
0.99933,0.00089162,-0.036475,-0.0094914,-0.00073358,0.99999,0.0043461,0.048053,0.036479,-0.0043165,0.99933,0.28973,0,0,0,1
0.99957,0.00070873,-0.029182,-0.0066509,-0.00060765,0.99999,0.0034725,0.038171,0.029184,-0.0034533,0.99957,0.23162,0,0,0,1
0.99976,0.00052813,-0.021888,-0.0042816,-0.00047131,1,0.002601,0.028425,0.021889,-0.0025901,0.99976,0.1736,0,0,0,1
0.99989,0.00034981,-0.014592,-0.0023833,-0.00032457,1,0.0017317,0.018814,0.014593,-0.0017268,0.99989,0.11565,0,0,0,1
0.99997,0.00017377,-0.0072964,-0.0009561,-0.00016746,1,0.00086466,0.0093393,0.0072965,-0.00086341,0.99997,0.057784,0,0,0,1
