0.50047,0.049967,0.86431,-5.6233,0.049967,0.995,-0.086455,-0.84178,-0.86431,0.086455,0.49547,-6.5159,0,0,0,1
0.50799,0.049138,0.85996,-5.5319,0.049138,0.99509,-0.085886,-0.83665,-0.85996,0.085886,0.50308,-6.4825,0,0,0,1
0.51547,0.048316,0.85554,-5.4413,0.048316,0.99518,-0.085313,-0.8315,-0.85554,0.085313,0.51065,-6.4488,0,0,0,1
0.52292,0.0475,0.85106,-5.3514,0.0475,0.99527,-0.084733,-0.82631,-0.85106,0.084733,0.51819,-6.4147,0,0,0,1
0.53032,0.046689,0.84651,-5.2623,0.046689,0.99536,-0.084149,-0.82109,-0.84651,0.084149,0.52568,-6.3803,0,0,0,1
0.53769,0.045885,0.84189,-5.1739,0.045885,0.99545,-0.08356,-0.81584,-0.84189,0.08356,0.53313,-6.3455,0,0,0,1
0.54501,0.045088,0.83721,-5.0862,0.045088,0.99553,-0.082966,-0.81055,-0.83721,0.082966,0.54055,-6.3104,0,0,0,1
0.5523,0.044297,0.83247,-4.9994,0.044297,0.99562,-0.082366,-0.80524,-0.83247,0.082366,0.54792,-6.2749,0,0,0,1
0.55954,0.043512,0.82766,-4.9132,0.043512,0.9957,-0.081762,-0.79989,-0.82766,0.081762,0.55524,-6.2391,0,0,0,1
0.56674,0.042733,0.82279,-4.8278,0.042733,0.99579,-0.081153,-0.79451,-0.82279,0.081153,0.56253,-6.2029,0,0,0,1
0.5739,0.041961,0.81785,-4.7432,0.041961,0.99587,-0.08054,-0.7891,-0.81785,0.08054,0.56977,-6.1664,0,0,0,1
0.58101,0.041196,0.81285,-4.6593,0.041196,0.99595,-0.079921,-0.78366,-0.81285,0.079921,0.57696,-6.1295,0,0,0,1
0.58808,0.040437,0.80779,-4.5761,0.040437,0.99603,-0.079298,-0.77818,-0.80779,0.079298,0.58411,-6.0923,0,0,0,1
0.59511,0.039684,0.80266,-4.4937,0.039684,0.99611,-0.078671,-0.77268,-0.80266,0.078671,0.59122,-6.0547,0,0,0,1
0.60209,0.038938,0.79748,-4.4121,0.038938,0.99619,-0.078039,-0.76714,-0.79748,0.078039,0.59828,-6.0167,0,0,0,1
0.60903,0.038199,0.79223,-4.3312,0.038199,0.99627,-0.077402,-0.76157,-0.79223,0.077402,0.60529,-5.9784,0,0,0,1
0.61592,0.037466,0.78692,-4.251,0.037466,0.99635,-0.076762,-0.75597,-0.78692,0.076762,0.61226,-5.9398,0,0,0,1
0.62276,0.03674,0.78155,-4.1716,0.03674,0.99642,-0.076117,-0.75034,-0.78155,0.076117,0.61918,-5.9008,0,0,0,1
0.62955,0.036021,0.77612,-4.093,0.036021,0.9965,-0.075468,-0.74467,-0.77612,0.075468,0.62605,-5.8615,0,0,0,1
0.6363,0.035308,0.77063,-4.015,0.035308,0.99657,-0.074814,-0.73897,-0.77063,0.074814,0.63288,-5.8218,0,0,0,1
0.643,0.034603,0.76508,-3.9379,0.034603,0.99665,-0.074157,-0.73325,-0.76508,0.074157,0.63965,-5.7817,0,0,0,1
0.64965,0.033904,0.75947,-3.8615,0.033904,0.99672,-0.073496,-0.72749,-0.75947,0.073496,0.64637,-5.7413,0,0,0,1
0.65626,0.033211,0.75381,-3.7858,0.033211,0.99679,-0.07283,-0.72169,-0.75381,0.07283,0.65305,-5.7006,0,0,0,1
0.66281,0.032526,0.74808,-3.7109,0.032526,0.99686,-0.072161,-0.71587,-0.74808,0.072161,0.65967,-5.6594,0,0,0,1
0.66931,0.031848,0.7423,-3.6367,0.031848,0.99693,-0.071488,-0.71001,-0.7423,0.071488,0.66625,-5.618,0,0,0,1
0.67576,0.031176,0.73646,-3.5633,0.031176,0.997,-0.070812,-0.70413,-0.73646,0.070812,0.67277,-5.5762,0,0,0,1
0.68216,0.030511,0.73056,-3.4906,0.030511,0.99707,-0.070132,-0.69821,-0.73056,0.070132,0.67924,-5.534,0,0,0,1
0.68851,0.029853,0.72461,-3.4187,0.029853,0.99714,-0.069448,-0.69226,-0.72461,0.069448,0.68565,-5.4915,0,0,0,1
0.69481,0.029203,0.7186,-3.3475,0.029203,0.99721,-0.068761,-0.68628,-0.7186,0.068761,0.69202,-5.4486,0,0,0,1
0.70105,0.028559,0.71254,-3.2771,0.028559,0.99727,-0.06807,-0.68026,-0.71254,0.06807,0.69833,-5.4054,0,0,0,1
0.70725,0.027922,0.70642,-3.2074,0.027922,0.99734,-0.067376,-0.67422,-0.70642,0.067376,0.70458,-5.3619,0,0,0,1
0.71338,0.027292,0.70024,-3.1385,0.027292,0.9974,-0.066678,-0.66814,-0.70024,0.066678,0.71078,-5.3179,0,0,0,1
0.71947,0.026669,0.69402,-3.0703,0.026669,0.99746,-0.065978,-0.66203,-0.69402,0.065978,0.71693,-5.2737,0,0,0,1
0.72549,0.026054,0.68773,-3.0029,0.026054,0.99753,-0.065274,-0.65589,-0.68773,0.065274,0.72302,-5.229,0,0,0,1
0.73147,0.025445,0.6814,-2.9362,0.025445,0.99759,-0.064567,-0.64971,-0.6814,0.064567,0.72906,-5.1841,0,0,0,1
0.73739,0.024844,0.67501,-2.8702,0.024844,0.99765,-0.063857,-0.64351,-0.67501,0.063857,0.73504,-5.1387,0,0,0,1
0.74325,0.024249,0.66858,-2.805,0.024249,0.99771,-0.063145,-0.63727,-0.66858,0.063145,0.74096,-5.0931,0,0,0,1
0.74905,0.023662,0.66209,-2.7406,0.023662,0.99777,-0.062429,-0.631,-0.66209,0.062429,0.74682,-5.047,0,0,0,1
0.7548,0.023082,0.65555,-2.6769,0.023082,0.99783,-0.061711,-0.6247,-0.65555,0.061711,0.75263,-5.0006,0,0,0,1
0.76049,0.022509,0.64895,-2.6139,0.022509,0.99788,-0.06099,-0.61837,-0.64895,0.06099,0.75838,-4.9539,0,0,0,1
0.76613,0.021943,0.64231,-2.5518,0.021943,0.99794,-0.060266,-0.61201,-0.64231,0.060266,0.76407,-4.9068,0,0,0,1
0.7717,0.021385,0.63562,-2.4903,0.021385,0.998,-0.05954,-0.60561,-0.63562,0.05954,0.7697,-4.8594,0,0,0,1
0.77722,0.020833,0.62888,-2.4296,0.020833,0.99805,-0.058811,-0.59919,-0.62888,0.058811,0.77527,-4.8116,0,0,0,1
0.78268,0.020289,0.62209,-2.3696,0.020289,0.99811,-0.05808,-0.59273,-0.62209,0.05808,0.78079,-4.7634,0,0,0,1
0.78808,0.019752,0.61526,-2.3104,0.019752,0.99816,-0.057346,-0.58624,-0.61526,0.057346,0.78624,-4.7149,0,0,0,1
0.79342,0.019223,0.60837,-2.252,0.019223,0.99821,-0.05661,-0.57971,-0.60837,0.05661,0.79163,-4.6661,0,0,0,1
0.7987,0.0187,0.60144,-2.1943,0.0187,0.99826,-0.055872,-0.57316,-0.60144,0.055872,0.79696,-4.6169,0,0,0,1
0.80391,0.018185,0.59447,-2.1373,0.018185,0.99831,-0.055132,-0.56657,-0.59447,0.055132,0.80223,-4.5674,0,0,0,1
0.80907,0.017677,0.58744,-2.0811,0.017677,0.99836,-0.054389,-0.55996,-0.58744,0.054389,0.80743,-4.5175,0,0,0,1
0.81417,0.017177,0.58038,-2.0256,0.017177,0.99841,-0.053645,-0.55331,-0.58038,0.053645,0.81258,-4.4672,0,0,0,1
0.8192,0.016684,0.57326,-1.9709,0.016684,0.99846,-0.052899,-0.54662,-0.57326,0.052899,0.81766,-4.4166,0,0,0,1
0.82417,0.016198,0.56611,-1.9169,0.016198,0.99851,-0.052151,-0.53991,-0.56611,0.052151,0.82268,-4.3656,0,0,0,1
0.82908,0.015719,0.55891,-1.8637,0.015719,0.99855,-0.051401,-0.53317,-0.55891,0.051401,0.82763,-4.3143,0,0,0,1
0.83393,0.015247,0.55167,-1.8113,0.015247,0.9986,-0.050649,-0.52639,-0.55167,0.050649,0.83253,-4.2627,0,0,0,1
0.83871,0.014783,0.54438,-1.7595,0.014783,0.99865,-0.049896,-0.51958,-0.54438,0.049896,0.83735,-4.2107,0,0,0,1
0.84343,0.014327,0.53705,-1.7086,0.014327,0.99869,-0.049141,-0.51274,-0.53705,0.049141,0.84212,-4.1583,0,0,0,1
0.84808,0.013877,0.52968,-1.6583,0.013877,0.99873,-0.048385,-0.50587,-0.52968,0.048385,0.84681,-4.1056,0,0,0,1
0.85267,0.013435,0.52228,-1.6088,0.013435,0.99877,-0.047627,-0.49897,-0.52228,0.047627,0.85145,-4.0525,0,0,0,1
0.8572,0.013,0.51483,-1.5601,0.013,0.99882,-0.046868,-0.49203,-0.51483,0.046868,0.85601,-3.9991,0,0,0,1
0.86166,0.012573,0.50734,-1.5121,0.012573,0.99886,-0.046107,-0.48506,-0.50734,0.046107,0.86051,-3.9453,0,0,0,1
0.86605,0.012153,0.49981,-1.4649,0.012153,0.9989,-0.045346,-0.47806,-0.49981,0.045346,0.86495,-3.8912,0,0,0,1
0.87038,0.01174,0.49224,-1.4184,0.01174,0.99894,-0.044583,-0.47103,-0.49224,0.044583,0.86932,-3.8367,0,0,0,1
0.87464,0.011334,0.48464,-1.3727,0.011334,0.99898,-0.043819,-0.46397,-0.48464,0.043819,0.87362,-3.7819,0,0,0,1
0.87884,0.010936,0.477,-1.3277,0.010936,0.99901,-0.043054,-0.45688,-0.477,0.043054,0.87785,-3.7267,0,0,0,1
0.88297,0.010545,0.46932,-1.2834,0.010545,0.99905,-0.042288,-0.44975,-0.46932,0.042288,0.88202,-3.6712,0,0,0,1
0.88703,0.010162,0.4616,-1.2399,0.010162,0.99909,-0.041522,-0.44259,-0.4616,0.041522,0.88611,-3.6153,0,0,0,1
0.89102,0.0097857,0.45385,-1.1972,0.0097857,0.99912,-0.040754,-0.4354,-0.45385,0.040754,0.89014,-3.5591,0,0,0,1
0.89495,0.0094168,0.44607,-1.1552,0.0094168,0.99916,-0.039986,-0.42818,-0.44607,0.039986,0.89411,-3.5025,0,0,0,1
0.89881,0.0090552,0.43825,-1.114,0.0090552,0.99919,-0.039217,-0.42093,-0.43825,0.039217,0.898,-3.4455,0,0,0,1
0.9026,0.008701,0.4304,-1.0735,0.008701,0.99922,-0.038448,-0.41364,-0.4304,0.038448,0.90182,-3.3883,0,0,0,1
0.90632,0.008354,0.42251,-1.0337,0.008354,0.99926,-0.037678,-0.40633,-0.42251,0.037678,0.90557,-3.3306,0,0,0,1
0.90997,0.0080143,0.41459,-0.99469,0.0080143,0.99929,-0.036907,-0.39898,-0.41459,0.036907,0.90926,-3.2726,0,0,0,1
0.91356,0.007682,0.40664,-0.95644,0.007682,0.99932,-0.036136,-0.3916,-0.40664,0.036136,0.91287,-3.2143,0,0,0,1
0.91707,0.0073568,0.39866,-0.91893,0.0073568,0.99935,-0.035365,-0.38419,-0.39866,0.035365,0.91642,-3.1556,0,0,0,1
0.92051,0.007039,0.39065,-0.88217,0.007039,0.99938,-0.034594,-0.37674,-0.39065,0.034594,0.91989,-3.0965,0,0,0,1
0.92389,0.0067284,0.38261,-0.84616,0.0067284,0.99941,-0.033823,-0.36927,-0.38261,0.033823,0.92329,-3.0371,0,0,0,1
0.92719,0.0064251,0.37453,-0.81089,0.0064251,0.99943,-0.033051,-0.36176,-0.37453,0.033051,0.92662,-2.9774,0,0,0,1
0.93042,0.006129,0.36643,-0.77638,0.006129,0.99946,-0.032279,-0.35422,-0.36643,0.032279,0.92988,-2.9173,0,0,0,1
0.93359,0.0058401,0.35831,-0.74261,0.0058401,0.99949,-0.031508,-0.34665,-0.35831,0.031508,0.93307,-2.8568,0,0,0,1
0.93668,0.0055585,0.35015,-0.70959,0.0055585,0.99951,-0.030736,-0.33905,-0.35015,0.030736,0.93619,-2.796,0,0,0,1
0.9397,0.005284,0.34197,-0.67732,0.005284,0.99954,-0.029965,-0.33142,-0.34197,0.029965,0.93923,-2.7349,0,0,0,1
0.94265,0.0050168,0.33376,-0.6458,0.0050168,0.99956,-0.029194,-0.32375,-0.33376,0.029194,0.94221,-2.6733,0,0,0,1
0.94552,0.0047567,0.32552,-0.61502,0.0047567,0.99958,-0.028423,-0.31605,-0.32552,0.028423,0.94511,-2.6115,0,0,0,1
0.94833,0.0045038,0.31726,-0.585,0.0045038,0.99961,-0.027653,-0.30832,-0.31726,0.027653,0.94793,-2.5493,0,0,0,1
0.95106,0.0042581,0.30898,-0.55572,0.0042581,0.99963,-0.026883,-0.30056,-0.30898,0.026883,0.95069,-2.4867,0,0,0,1
0.95372,0.0040195,0.30067,-0.52719,0.0040195,0.99965,-0.026113,-0.29277,-0.30067,0.026113,0.95337,-2.4238,0,0,0,1
0.95631,0.003788,0.29234,-0.49941,0.003788,0.99967,-0.025344,-0.28494,-0.29234,0.025344,0.95598,-2.3605,0,0,0,1
0.95882,0.0035636,0.28399,-0.47237,0.0035636,0.99969,-0.024576,-0.27709,-0.28399,0.024576,0.95851,-2.2969,0,0,0,1
0.96126,0.0033463,0.27561,-0.44609,0.0033463,0.99971,-0.023809,-0.2692,-0.27561,0.023809,0.96097,-2.2329,0,0,0,1
0.96363,0.003136,0.26721,-0.42055,0.003136,0.99973,-0.023042,-0.26128,-0.26721,0.023042,0.96336,-2.1686,0,0,0,1
0.96593,0.0029328,0.2588,-0.39576,0.0029328,0.99975,-0.022276,-0.25333,-0.2588,0.022276,0.96567,-2.1039,0,0,0,1
0.96815,0.0027367,0.25036,-0.37172,0.0027367,0.99976,-0.021511,-0.24534,-0.25036,0.021511,0.96791,-2.0389,0,0,0,1
0.9703,0.0025475,0.2419,-0.34843,0.0025475,0.99978,-0.020747,-0.23733,-0.2419,0.020747,0.97008,-1.9735,0,0,0,1
0.97237,0.0023653,0.23343,-0.32588,0.0023653,0.9998,-0.019984,-0.22928,-0.23343,0.019984,0.97217,-1.9078,0,0,0,1
0.97437,0.0021901,0.22494,-0.30409,0.0021901,0.99981,-0.019222,-0.2212,-0.22494,0.019222,0.97418,-1.8417,0,0,0,1
0.9763,0.0020219,0.21643,-0.28304,0.0020219,0.99983,-0.018461,-0.21309,-0.21643,0.018461,0.97612,-1.7752,0,0,0,1
0.97815,0.0018606,0.2079,-0.26274,0.0018606,0.99984,-0.017702,-0.20495,-0.2079,0.017702,0.97799,-1.7085,0,0,0,1
0.97993,0.0017062,0.19936,-0.24319,0.0017062,0.99985,-0.016943,-0.19677,-0.19936,0.016943,0.97978,-1.6413,0,0,0,1
0.98163,0.0015586,0.1908,-0.22438,0.0015586,0.99987,-0.016187,-0.18857,-0.1908,0.016187,0.9815,-1.5738,0,0,0,1
0.98326,0.0014179,0.18223,-0.20633,0.0014179,0.99988,-0.015431,-0.18033,-0.18223,0.015431,0.98314,-1.506,0,0,0,1
0.98481,0.0012841,0.17364,-0.18902,0.0012841,0.99989,-0.014677,-0.17206,-0.17364,0.014677,0.9847,-1.4378,0,0,0,1
0.98629,0.0011571,0.16504,-0.17246,0.0011571,0.9999,-0.013925,-0.16376,-0.16504,0.013925,0.98619,-1.3692,0,0,0,1
0.98769,0.0010368,0.15643,-0.15665,0.0010368,0.99991,-0.013174,-0.15543,-0.15643,0.013174,0.9876,-1.3003,0,0,0,1
0.98902,0.00092331,0.14781,-0.14159,0.00092331,0.99992,-0.012425,-0.14706,-0.14781,0.012425,0.98894,-1.2311,0,0,0,1
0.99027,0.00081655,0.13917,-0.12727,0.00081655,0.99993,-0.011677,-0.13866,-0.13917,0.011677,0.9902,-1.1615,0,0,0,1
0.99144,0.00071648,0.13052,-0.11371,0.00071648,0.99994,-0.010931,-0.13024,-0.13052,0.010931,0.99138,-1.0915,0,0,0,1
0.99255,0.0006231,0.12187,-0.10089,0.0006231,0.99995,-0.010187,-0.12178,-0.12187,0.010187,0.99249,-1.0212,0,0,0,1
0.99357,0.00053636,0.1132,-0.08882,0.00053636,0.99996,-0.0094455,-0.11328,-0.1132,0.0094455,0.99353,-0.95057,0,0,0,1
0.99452,0.00045624,0.10453,-0.077499,0.00045624,0.99996,-0.0087055,-0.10476,-0.10453,0.0087055,0.99448,-0.87956,0,0,0,1
0.9954,0.00038271,0.095845,-0.066926,0.00038271,0.99997,-0.0079675,-0.096206,-0.095845,0.0079675,0.99536,-0.8082,0,0,0,1
0.99619,0.00031574,0.087155,-0.0571,0.00031574,0.99997,-0.0072317,-0.087618,-0.087155,0.0072317,0.99617,-0.73648,0,0,0,1
0.99692,0.0002553,0.078459,-0.048024,0.0002553,0.99998,-0.0064979,-0.079,-0.078459,0.0064979,0.9969,-0.66442,0,0,0,1
0.99756,0.00020137,0.069756,-0.039695,0.00020137,0.99998,-0.0057664,-0.070349,-0.069756,0.0057664,0.99755,-0.592,0,0,0,1
0.99813,0.0001539,0.061048,-0.032114,0.0001539,0.99999,-0.0050371,-0.061666,-0.061048,0.0050371,0.99812,-0.51923,0,0,0,1
0.99863,0.00011286,0.052336,-0.025282,0.00011286,0.99999,-0.0043101,-0.052952,-0.052336,0.0043101,0.99862,-0.44611,0,0,0,1
0.99905,7.8236e-05,0.043619,-0.019198,7.8236e-05,0.99999,-0.0035855,-0.044206,-0.043619,0.0035855,0.99904,-0.37264,0,0,0,1
0.99939,4.9979e-05,0.034899,-0.013862,4.9979e-05,1,-0.0028633,-0.035429,-0.034899,0.0028633,0.99939,-0.29882,0,0,0,1
0.99966,2.8061e-05,0.026177,-0.0092741,2.8061e-05,1,-0.0021436,-0.026619,-0.026177,0.0021436,0.99966,-0.22464,0,0,0,1
0.99985,1.2449e-05,0.017452,-0.0054345,1.2449e-05,1,-0.0014265,-0.017778,-0.017452,0.0014265,0.99985,-0.15011,0,0,0,1
0.99996,3.1063e-06,0.0087265,-0.0023432,3.1063e-06,1,-0.00071191,-0.0089048,-0.0087265,0.00071191,0.99996,-0.075232,0,0,0,1
NaN,NaN,NaN,0,NaN,NaN,NaN,0,NaN,NaN,NaN,0,0,0,0,1
0.99996,3.0945e-06,-0.0087265,0.001595,3.0945e-06,1,0.0007092,0.0089365,0.0087265,-0.0007092,0.99996,0.075583,0,0,0,1
0.99985,1.2354e-05,-0.017452,0.0024418,1.2354e-05,1,0.0014156,0.017905,0.017452,-0.0014156,0.99985,0.15152,0,0,0,1
0.99966,2.7743e-05,-0.026177,0.0025403,2.7743e-05,1,0.0021193,0.026905,0.026177,-0.0021193,0.99966,0.22781,0,0,0,1
0.99939,4.9224e-05,-0.034899,0.0018907,4.9224e-05,1,0.00282,0.035937,0.034899,-0.00282,0.99939,0.30444,0,0,0,1
0.99905,7.676e-05,-0.043619,0.00049291,7.676e-05,0.99999,0.0035179,0.045,0.043619,-0.0035179,0.99904,0.38144,0,0,0,1
0.99863,0.00011031,-0.052336,-0.0016531,0.00011031,0.99999,0.0042127,0.054096,0.052336,-0.0042127,0.99862,0.45878,0,0,0,1
0.99813,0.00014985,-0.061048,-0.0045473,0.00014985,0.99999,0.0049046,0.063223,0.061048,-0.0049046,0.99812,0.53647,0,0,0,1
0.99756,0.00019532,-0.069756,-0.0081897,0.00019532,0.99998,0.0055933,0.072382,0.069756,-0.0055933,0.99755,0.61452,0,0,0,1
0.99692,0.0002467,-0.078459,-0.01258,0.0002467,0.99998,0.006279,0.081572,0.078459,-0.006279,0.9969,0.69292,0,0,0,1
0.99619,0.00030394,-0.087155,-0.017719,0.00030394,0.99998,0.0069614,0.090795,0.087155,-0.0069614,0.99617,0.77167,0,0,0,1
0.9954,0.00036701,-0.095845,-0.023606,0.00036701,0.99997,0.0076407,0.10005,0.095845,-0.0076407,0.99537,0.85077,0,0,0,1
0.99452,0.00043586,-0.10453,-0.030241,0.00043586,0.99997,0.0083166,0.10933,0.10453,-0.0083166,0.99449,0.93022,0,0,0,1
0.99357,0.00051045,-0.1132,-0.037625,0.00051045,0.99996,0.0089893,0.11865,0.1132,-0.0089893,0.99353,1.01,0,0,0,1
0.99255,0.00059074,-0.12187,-0.045756,0.00059074,0.99995,0.0096585,0.128,0.12187,-0.0096585,0.9925,1.0902,0,0,0,1
0.99144,0.0006767,-0.13052,-0.054636,0.0006767,0.99995,0.010324,0.13738,0.13052,-0.010324,0.99139,1.1707,0,0,0,1
0.99027,0.00076827,-0.13917,-0.064264,0.00076827,0.99994,0.010987,0.1468,0.13917,-0.010987,0.99021,1.2516,0,0,0,1
0.98902,0.00086542,-0.14781,-0.07464,0.00086542,0.99993,0.011646,0.15624,0.14781,-0.011646,0.98895,1.3328,0,0,0,1
0.98769,0.0009681,-0.15643,-0.085764,0.0009681,0.99992,0.012301,0.16572,0.15643,-0.012301,0.98761,1.4143,0,0,0,1
0.98629,0.0010763,-0.16504,-0.097637,0.0010763,0.99992,0.012952,0.17523,0.16504,-0.012952,0.9862,1.4962,0,0,0,1
0.98481,0.0011899,-0.17364,-0.11026,0.0011899,0.99991,0.0136,0.18477,0.17364,-0.0136,0.98471,1.5785,0,0,0,1
0.98326,0.0013089,-0.18223,-0.12363,0.0013089,0.9999,0.014245,0.19434,0.18223,-0.014245,0.98315,1.6611,0,0,0,1
0.98163,0.0014333,-0.1908,-0.13774,0.0014333,0.99989,0.014885,0.20394,0.1908,-0.014885,0.98152,1.7441,0,0,0,1
0.97993,0.001563,-0.19936,-0.15261,0.001563,0.99988,0.015522,0.21358,0.19936,-0.015522,0.9798,1.8274,0,0,0,1
0.97815,0.001698,-0.2079,-0.16822,0.001698,0.99987,0.016155,0.22324,0.2079,-0.016155,0.97802,1.9111,0,0,0,1
0.9763,0.0018382,-0.21643,-0.18458,0.0018382,0.99986,0.016784,0.23294,0.21643,-0.016784,0.97615,1.9951,0,0,0,1
0.97437,0.0019835,-0.22494,-0.20169,0.0019835,0.99985,0.017409,0.24267,0.22494,-0.017409,0.97422,2.0795,0,0,0,1
0.97237,0.0021341,-0.23343,-0.21955,0.0021341,0.99984,0.01803,0.25244,0.23343,-0.01803,0.97221,2.1642,0,0,0,1
0.9703,0.0022897,-0.24191,-0.23816,0.0022897,0.99982,0.018647,0.26223,0.24191,-0.018647,0.97012,2.2493,0,0,0,1
0.96815,0.0024503,-0.25036,-0.25751,0.0024503,0.99981,0.01926,0.27206,0.25036,-0.01926,0.96796,2.3348,0,0,0,1
0.96593,0.0026159,-0.2588,-0.27762,0.0026159,0.9998,0.019869,0.28191,0.2588,-0.019869,0.96573,2.4205,0,0,0,1
0.96363,0.0027865,-0.26722,-0.29847,0.0027865,0.99979,0.020474,0.2918,0.26722,-0.020474,0.96342,2.5067,0,0,0,1
0.96126,0.002962,-0.27562,-0.32007,0.002962,0.99977,0.021075,0.30172,0.27562,-0.021075,0.96104,2.5932,0,0,0,1
0.95882,0.0031423,-0.28399,-0.34241,0.0031423,0.99976,0.021671,0.31168,0.28399,-0.021671,0.95858,2.68,0,0,0,1
0.95631,0.0033274,-0.29235,-0.36551,0.0033274,0.99975,0.022263,0.32166,0.29235,-0.022263,0.95605,2.7672,0,0,0,1
0.95372,0.0035173,-0.30068,-0.38935,0.0035173,0.99973,0.022851,0.33168,0.30068,-0.022851,0.95345,2.8547,0,0,0,1
0.95106,0.0037119,-0.30899,-0.41394,0.0037119,0.99972,0.023435,0.34173,0.30899,-0.023435,0.95078,2.9426,0,0,0,1
0.94833,0.0039111,-0.31727,-0.43928,0.0039111,0.9997,0.024014,0.35181,0.31727,-0.024014,0.94803,3.0309,0,0,0,1
0.94552,0.004115,-0.32553,-0.46537,0.004115,0.99969,0.024589,0.36192,0.32553,-0.024589,0.94521,3.1195,0,0,0,1
0.94264,0.0043234,-0.33377,-0.49221,0.0043234,0.99967,0.025159,0.37206,0.33377,-0.025159,0.94232,3.2084,0,0,0,1
0.9397,0.0045363,-0.34198,-0.51979,0.0045363,0.99966,0.025725,0.38224,0.34198,-0.025725,0.93935,3.2977,0,0,0,1
0.93668,0.0047536,-0.35016,-0.54813,0.0047536,0.99964,0.026286,0.39244,0.35016,-0.026286,0.93632,3.3874,0,0,0,1
0.93358,0.0049754,-0.35832,-0.57721,0.0049754,0.99963,0.026843,0.40268,0.35832,-0.026843,0.93321,3.4774,0,0,0,1
0.93042,0.0052015,-0.36645,-0.60704,0.0052015,0.99961,0.027395,0.41295,0.36645,-0.027395,0.93003,3.5678,0,0,0,1
0.92719,0.005432,-0.37455,-0.63761,0.005432,0.99959,0.027943,0.42326,0.37455,-0.027943,0.92678,3.6585,0,0,0,1
0.92388,0.0056666,-0.38263,-0.66894,0.0056666,0.99958,0.028486,0.43359,0.38263,-0.028486,0.92346,3.7495,0,0,0,1
0.92051,0.0059055,-0.39067,-0.70101,0.0059055,0.99956,0.029024,0.44396,0.39067,-0.029024,0.92007,3.841,0,0,0,1
0.91707,0.0061486,-0.39869,-0.73384,0.0061486,0.99954,0.029558,0.45435,0.39869,-0.029558,0.91661,3.9327,0,0,0,1
0.91355,0.0063957,-0.40667,-0.76741,0.0063957,0.99953,0.030087,0.46478,0.40667,-0.030087,0.91308,4.0248,0,0,0,1
0.90997,0.0066469,-0.41462,-0.80172,0.0066469,0.99951,0.030611,0.47525,0.41462,-0.030611,0.90948,4.1173,0,0,0,1
0.90632,0.006902,-0.42254,-0.83679,0.006902,0.99949,0.03113,0.48574,0.42254,-0.03113,0.90581,4.2101,0,0,0,1
0.90259,0.0071611,-0.43043,-0.87261,0.0071611,0.99947,0.031645,0.49626,0.43043,-0.031645,0.90207,4.3033,0,0,0,1
0.8988,0.0074241,-0.43829,-0.90917,0.0074241,0.99946,0.032154,0.50682,0.43829,-0.032154,0.89826,4.3968,0,0,0,1
0.89494,0.0076909,-0.44611,-0.94648,0.0076909,0.99944,0.032659,0.51741,0.44611,-0.032659,0.89438,4.4907,0,0,0,1
0.89102,0.0079615,-0.4539,-0.98454,0.0079615,0.99942,0.033159,0.52803,0.4539,-0.033159,0.89044,4.5849,0,0,0,1
0.88702,0.0082359,-0.46165,-1.0233,0.0082359,0.9994,0.033654,0.53868,0.46165,-0.033654,0.88642,4.6795,0,0,0,1
0.88296,0.0085139,-0.46937,-1.0629,0.0085139,0.99938,0.034144,0.54936,0.46937,-0.034144,0.88234,4.7745,0,0,0,1
0.87883,0.0087955,-0.47705,-1.1032,0.0087955,0.99936,0.034628,0.56008,0.47705,-0.034628,0.87819,4.8697,0,0,0,1
0.87463,0.0090807,-0.4847,-1.1443,0.0090807,0.99934,0.035108,0.57083,0.4847,-0.035108,0.87398,4.9654,0,0,0,1
0.87037,0.0093693,-0.49231,-1.1861,0.0093693,0.99932,0.035583,0.5816,0.49231,-0.035583,0.86969,5.0614,0,0,0,1
0.86604,0.0096615,-0.49988,-1.2286,0.0096615,0.9993,0.036053,0.59241,0.49988,-0.036053,0.86534,5.1577,0,0,0,1
0.86165,0.009957,-0.50741,-1.2719,0.009957,0.99928,0.036517,0.60326,0.50741,-0.036517,0.86093,5.2544,0,0,0,1
0.85719,0.010256,-0.51491,-1.3159,0.010256,0.99926,0.036977,0.61413,0.51491,-0.036977,0.85645,5.3514,0,0,0,1
0.85266,0.010558,-0.52236,-1.3607,0.010558,0.99924,0.037431,0.62504,0.52236,-0.037431,0.8519,5.4488,0,0,0,1
0.84807,0.010864,-0.52978,-1.4063,0.010864,0.99922,0.03788,0.63598,0.52978,-0.03788,0.84729,5.5466,0,0,0,1
0.84341,0.011172,-0.53715,-1.4526,0.011172,0.9992,0.038324,0.64694,0.53715,-0.038324,0.84262,5.6447,0,0,0,1
0.83869,0.011484,-0.54448,-1.4996,0.011484,0.99918,0.038763,0.65795,0.54448,-0.038763,0.83788,5.7431,0,0,0,1
0.83391,0.011799,-0.55177,-1.5474,0.011799,0.99916,0.039197,0.66898,0.55177,-0.039197,0.83307,5.8419,0,0,0,1
0.82906,0.012117,-0.55902,-1.5959,0.012117,0.99914,0.039625,0.68004,0.55902,-0.039625,0.8282,5.9411,0,0,0,1
0.82415,0.012437,-0.56623,-1.6452,0.012437,0.99912,0.040048,0.69114,0.56623,-0.040048,0.82327,6.0406,0,0,0,1
0.81918,0.012761,-0.57339,-1.6952,0.012761,0.9991,0.040466,0.70227,0.57339,-0.040466,0.81828,6.1405,0,0,0,1
0.81415,0.013087,-0.58051,-1.746,0.013087,0.99908,0.040878,0.71343,0.58051,-0.040878,0.81322,6.2407,0,0,0,1
0.80905,0.013417,-0.58759,-1.7975,0.013417,0.99906,0.041286,0.72462,0.58759,-0.041286,0.80811,6.3412,0,0,0,1
0.80389,0.013749,-0.59462,-1.8498,0.013749,0.99904,0.041687,0.73584,0.59462,-0.041687,0.80293,6.4421,0,0,0,1
0.79867,0.014084,-0.6016,-1.9028,0.014084,0.99901,0.042084,0.7471,0.6016,-0.042084,0.79768,6.5434,0,0,0,1
0.79339,0.014421,-0.60854,-1.9566,0.014421,0.99899,0.042475,0.75839,0.60854,-0.042475,0.79238,6.645,0,0,0,1
0.78805,0.014761,-0.61544,-2.0111,0.014761,0.99897,0.042861,0.7697,0.61544,-0.042861,0.78702,6.747,0,0,0,1
0.78265,0.015103,-0.62228,-2.0664,0.015103,0.99895,0.043241,0.78106,0.62228,-0.043241,0.7816,6.8493,0,0,0,1
0.77719,0.015448,-0.62908,-2.1224,0.015448,0.99893,0.043616,0.79244,0.62908,-0.043616,0.77612,6.952,0,0,0,1
0.77167,0.015795,-0.63583,-2.1792,0.015795,0.99891,0.043985,0.80385,0.63583,-0.043985,0.77058,7.055,0,0,0,1
0.76609,0.016145,-0.64253,-2.2367,0.016145,0.99889,0.044349,0.8153,0.64253,-0.044349,0.76498,7.1584,0,0,0,1
0.76045,0.016497,-0.64918,-2.295,0.016497,0.99886,0.044708,0.82678,0.64918,-0.044708,0.75932,7.2621,0,0,0,1
0.75476,0.016851,-0.65579,-2.354,0.016851,0.99884,0.045061,0.83828,0.65579,-0.045061,0.7536,7.3662,0,0,0,1
0.74901,0.017207,-0.66234,-2.4137,0.017207,0.99882,0.045408,0.84983,0.66234,-0.045408,0.74783,7.4706,0,0,0,1
0.7432,0.017566,-0.66884,-2.4742,0.017566,0.9988,0.04575,0.8614,0.66884,-0.04575,0.742,7.5754,0,0,0,1
0.73733,0.017926,-0.67529,-2.5355,0.017926,0.99878,0.046087,0.873,0.67529,-0.046087,0.73611,7.6805,0,0,0,1
0.73141,0.018289,-0.68169,-2.5975,0.018289,0.99875,0.046418,0.88464,0.68169,-0.046418,0.73017,7.786,0,0,0,1
0.72544,0.018653,-0.68804,-2.6602,0.018653,0.99873,0.046743,0.89631,0.68804,-0.046743,0.72417,7.8919,0,0,0,1
0.7194,0.019019,-0.69433,-2.7237,0.019019,0.99871,0.047063,0.90801,0.69433,-0.047063,0.71811,7.9981,0,0,0,1
0.71332,0.019388,-0.70057,-2.788,0.019388,0.99869,0.047378,0.91974,0.70057,-0.047378,0.71201,8.1046,0,0,0,1
0.70718,0.019757,-0.70676,-2.853,0.019757,0.99867,0.047687,0.9315,0.70676,-0.047687,0.70584,8.2115,0,0,0,1
0.70098,0.020129,-0.7129,-2.9187,0.020129,0.99864,0.04799,0.9433,0.7129,-0.04799,0.69963,8.3187,0,0,0,1
0.69473,0.020502,-0.71898,-2.9852,0.020502,0.99862,0.048288,0.95513,0.71898,-0.048288,0.69336,8.4263,0,0,0,1
0.68843,0.020877,-0.725,-3.0524,0.020877,0.9986,0.04858,0.96699,0.725,-0.04858,0.68703,8.5343,0,0,0,1
0.68208,0.021254,-0.73097,-3.1204,0.021254,0.99858,0.048867,0.97888,0.73097,-0.048867,0.68066,8.6426,0,0,0,1
0.67567,0.021632,-0.73688,-3.1892,0.021632,0.99856,0.049148,0.9908,0.73688,-0.049148,0.67423,8.7512,0,0,0,1
0.66922,0.022011,-0.74274,-3.2587,0.022011,0.99854,0.049424,1.0028,0.74274,-0.049424,0.66775,8.8602,0,0,0,1
0.66271,0.022392,-0.74854,-3.3289,0.022392,0.99851,0.049693,1.0147,0.74854,-0.049693,0.66122,8.9696,0,0,0,1
0.65615,0.022774,-0.75428,-3.3999,0.022774,0.99849,0.049958,1.0268,0.75428,-0.049958,0.65464,9.0793,0,0,0,1
0.64954,0.023157,-0.75997,-3.4716,0.023157,0.99847,0.050217,1.0388,0.75997,-0.050217,0.64801,9.1894,0,0,0,1
0.64289,0.023542,-0.7656,-3.5441,0.023542,0.99845,0.05047,1.0509,0.7656,-0.05047,0.64134,9.2998,0,0,0,1
0.63618,0.023927,-0.77117,-3.6173,0.023927,0.99843,0.050717,1.063,0.77117,-0.050717,0.63461,9.4106,0,0,0,1
0.62943,0.024314,-0.77668,-3.6913,0.024314,0.9984,0.050959,1.0751,0.77668,-0.050959,0.62783,9.5217,0,0,0,1
0.62263,0.024702,-0.78213,-3.766,0.024702,0.99838,0.051196,1.0873,0.78213,-0.051196,0.62101,9.6331,0,0,0,1
0.61578,0.025091,-0.78752,-3.8415,0.025091,0.99836,0.051427,1.0995,0.78752,-0.051427,0.61414,9.745,0,0,0,1
0.60888,0.02548,-0.79285,-3.9177,0.02548,0.99834,0.051652,1.1118,0.79285,-0.051652,0.60722,9.8571,0,0,0,1
0.60194,0.025871,-0.79812,-3.9946,0.025871,0.99832,0.051872,1.124,0.79812,-0.051872,0.60026,9.9696,0,0,0,1
0.59495,0.026262,-0.80333,-4.0724,0.026262,0.9983,0.052086,1.1363,0.80333,-0.052086,0.59325,10.083,0,0,0,1
0.58791,0.026654,-0.80848,-4.1508,0.026654,0.99828,0.052294,1.1487,0.80848,-0.052294,0.58619,10.196,0,0,0,1
0.58084,0.027047,-0.81357,-4.23,0.027047,0.99825,0.052497,1.161,0.81357,-0.052497,0.57909,10.309,0,0,0,1
0.57371,0.027441,-0.8186,-4.31,0.027441,0.99823,0.052694,1.1734,0.8186,-0.052694,0.57195,10.423,0,0,0,1
0.56655,0.027835,-0.82356,-4.3907,0.027835,0.99821,0.052886,1.1859,0.82356,-0.052886,0.56476,10.538,0,0,0,1
0.55934,0.028229,-0.82846,-4.4721,0.028229,0.99819,0.053072,1.1983,0.82846,-0.053072,0.55753,10.652,0,0,0,1
0.55209,0.028625,-0.83329,-4.5543,0.028625,0.99817,0.053253,1.2108,0.83329,-0.053253,0.55026,10.767,0,0,0,1
0.54479,0.02902,-0.83807,-4.6373,0.02902,0.99815,0.053428,1.2234,0.83807,-0.053428,0.54294,10.882,0,0,0,1
0.53746,0.029416,-0.84278,-4.721,0.029416,0.99813,0.053598,1.2359,0.84278,-0.053598,0.53559,10.998,0,0,0,1
0.53008,0.029812,-0.84742,-4.8054,0.029812,0.99811,0.053762,1.2485,0.84742,-0.053762,0.52819,11.114,0,0,0,1
0.52267,0.030209,-0.852,-4.8906,0.030209,0.99809,0.05392,1.2611,0.852,-0.05392,0.52076,11.231,0,0,0,1
0.51521,0.030605,-0.85652,-4.9766,0.030605,0.99807,0.054073,1.2738,0.85652,-0.054073,0.51328,11.347,0,0,0,1
0.50772,0.031002,-0.86097,-5.0633,0.031002,0.99805,0.054221,1.2865,0.86097,-0.054221,0.50576,11.464,0,0,0,1
0.50018,0.031399,-0.86535,-5.1507,0.031399,0.99803,0.054363,1.2992,0.86535,-0.054363,0.49821,11.582,0,0,0,1
0.50018,0.031399,-0.86535,-5.1507,0.031399,0.99803,0.054363,1.2992,0.86535,-0.054363,0.49821,11.582,0,0,0,1
0.50772,0.031002,-0.86097,-5.0633,0.031002,0.99805,0.054221,1.2865,0.86097,-0.054221,0.50576,11.464,0,0,0,1
0.51521,0.030605,-0.85652,-4.9766,0.030605,0.99807,0.054073,1.2738,0.85652,-0.054073,0.51328,11.347,0,0,0,1
0.52267,0.030209,-0.852,-4.8906,0.030209,0.99809,0.05392,1.2611,0.852,-0.05392,0.52076,11.231,0,0,0,1
0.53008,0.029812,-0.84742,-4.8054,0.029812,0.99811,0.053762,1.2485,0.84742,-0.053762,0.52819,11.114,0,0,0,1
0.53746,0.029416,-0.84278,-4.721,0.029416,0.99813,0.053598,1.2359,0.84278,-0.053598,0.53559,10.998,0,0,0,1
0.54479,0.02902,-0.83807,-4.6373,0.02902,0.99815,0.053428,1.2234,0.83807,-0.053428,0.54294,10.882,0,0,0,1
0.55209,0.028625,-0.83329,-4.5543,0.028625,0.99817,0.053253,1.2108,0.83329,-0.053253,0.55026,10.767,0,0,0,1
0.55934,0.028229,-0.82846,-4.4721,0.028229,0.99819,0.053072,1.1983,0.82846,-0.053072,0.55753,10.652,0,0,0,1
0.56655,0.027835,-0.82356,-4.3907,0.027835,0.99821,0.052886,1.1859,0.82356,-0.052886,0.56476,10.538,0,0,0,1
0.57371,0.027441,-0.8186,-4.31,0.027441,0.99823,0.052694,1.1734,0.8186,-0.052694,0.57195,10.423,0,0,0,1
0.58084,0.027047,-0.81357,-4.23,0.027047,0.99825,0.052497,1.161,0.81357,-0.052497,0.57909,10.309,0,0,0,1
0.58791,0.026654,-0.80848,-4.1508,0.026654,0.99828,0.052294,1.1487,0.80848,-0.052294,0.58619,10.196,0,0,0,1
0.59495,0.026262,-0.80333,-4.0724,0.026262,0.9983,0.052086,1.1363,0.80333,-0.052086,0.59325,10.083,0,0,0,1
0.60194,0.025871,-0.79812,-3.9946,0.025871,0.99832,0.051872,1.124,0.79812,-0.051872,0.60026,9.9696,0,0,0,1
0.60888,0.02548,-0.79285,-3.9177,0.02548,0.99834,0.051652,1.1118,0.79285,-0.051652,0.60722,9.8571,0,0,0,1
0.61578,0.025091,-0.78752,-3.8415,0.025091,0.99836,0.051427,1.0995,0.78752,-0.051427,0.61414,9.745,0,0,0,1
0.62263,0.024702,-0.78213,-3.766,0.024702,0.99838,0.051196,1.0873,0.78213,-0.051196,0.62101,9.6331,0,0,0,1
0.62943,0.024314,-0.77668,-3.6913,0.024314,0.9984,0.050959,1.0751,0.77668,-0.050959,0.62783,9.5217,0,0,0,1
0.63618,0.023927,-0.77117,-3.6173,0.023927,0.99843,0.050717,1.063,0.77117,-0.050717,0.63461,9.4106,0,0,0,1
0.64289,0.023542,-0.7656,-3.5441,0.023542,0.99845,0.05047,1.0509,0.7656,-0.05047,0.64134,9.2998,0,0,0,1
0.64954,0.023157,-0.75997,-3.4716,0.023157,0.99847,0.050217,1.0388,0.75997,-0.050217,0.64801,9.1894,0,0,0,1
0.65615,0.022774,-0.75428,-3.3999,0.022774,0.99849,0.049958,1.0268,0.75428,-0.049958,0.65464,9.0793,0,0,0,1
0.66271,0.022392,-0.74854,-3.3289,0.022392,0.99851,0.049693,1.0147,0.74854,-0.049693,0.66122,8.9696,0,0,0,1
0.66922,0.022011,-0.74274,-3.2587,0.022011,0.99854,0.049424,1.0028,0.74274,-0.049424,0.66775,8.8602,0,0,0,1
0.67567,0.021632,-0.73688,-3.1892,0.021632,0.99856,0.049148,0.9908,0.73688,-0.049148,0.67423,8.7512,0,0,0,1
0.68208,0.021254,-0.73097,-3.1204,0.021254,0.99858,0.048867,0.97888,0.73097,-0.048867,0.68066,8.6426,0,0,0,1
0.68843,0.020877,-0.725,-3.0524,0.020877,0.9986,0.04858,0.96699,0.725,-0.04858,0.68703,8.5343,0,0,0,1
0.69473,0.020502,-0.71898,-2.9852,0.020502,0.99862,0.048288,0.95513,0.71898,-0.048288,0.69336,8.4263,0,0,0,1
0.70098,0.020129,-0.7129,-2.9187,0.020129,0.99864,0.04799,0.9433,0.7129,-0.04799,0.69963,8.3187,0,0,0,1
0.70718,0.019757,-0.70676,-2.853,0.019757,0.99867,0.047687,0.9315,0.70676,-0.047687,0.70584,8.2115,0,0,0,1
0.71332,0.019388,-0.70057,-2.788,0.019388,0.99869,0.047378,0.91974,0.70057,-0.047378,0.71201,8.1046,0,0,0,1
0.7194,0.019019,-0.69433,-2.7237,0.019019,0.99871,0.047063,0.90801,0.69433,-0.047063,0.71811,7.9981,0,0,0,1
0.72544,0.018653,-0.68804,-2.6602,0.018653,0.99873,0.046743,0.89631,0.68804,-0.046743,0.72417,7.8919,0,0,0,1
0.73141,0.018289,-0.68169,-2.5975,0.018289,0.99875,0.046418,0.88464,0.68169,-0.046418,0.73017,7.786,0,0,0,1
0.73733,0.017926,-0.67529,-2.5355,0.017926,0.99878,0.046087,0.873,0.67529,-0.046087,0.73611,7.6805,0,0,0,1
0.7432,0.017566,-0.66884,-2.4742,0.017566,0.9988,0.04575,0.8614,0.66884,-0.04575,0.742,7.5754,0,0,0,1
0.74901,0.017207,-0.66234,-2.4137,0.017207,0.99882,0.045408,0.84983,0.66234,-0.045408,0.74783,7.4706,0,0,0,1
0.75476,0.016851,-0.65579,-2.354,0.016851,0.99884,0.045061,0.83828,0.65579,-0.045061,0.7536,7.3662,0,0,0,1
0.76045,0.016497,-0.64918,-2.295,0.016497,0.99886,0.044708,0.82678,0.64918,-0.044708,0.75932,7.2621,0,0,0,1
0.76609,0.016145,-0.64253,-2.2367,0.016145,0.99889,0.044349,0.8153,0.64253,-0.044349,0.76498,7.1584,0,0,0,1
0.77167,0.015795,-0.63583,-2.1792,0.015795,0.99891,0.043985,0.80385,0.63583,-0.043985,0.77058,7.055,0,0,0,1
0.77719,0.015448,-0.62908,-2.1224,0.015448,0.99893,0.043616,0.79244,0.62908,-0.043616,0.77612,6.952,0,0,0,1
0.78265,0.015103,-0.62228,-2.0664,0.015103,0.99895,0.043241,0.78106,0.62228,-0.043241,0.7816,6.8493,0,0,0,1
0.78805,0.014761,-0.61544,-2.0111,0.014761,0.99897,0.042861,0.7697,0.61544,-0.042861,0.78702,6.747,0,0,0,1
0.79339,0.014421,-0.60854,-1.9566,0.014421,0.99899,0.042475,0.75839,0.60854,-0.042475,0.79238,6.645,0,0,0,1
0.79867,0.014084,-0.6016,-1.9028,0.014084,0.99901,0.042084,0.7471,0.6016,-0.042084,0.79768,6.5434,0,0,0,1
0.80389,0.013749,-0.59462,-1.8498,0.013749,0.99904,0.041687,0.73584,0.59462,-0.041687,0.80293,6.4421,0,0,0,1
0.80905,0.013417,-0.58759,-1.7975,0.013417,0.99906,0.041286,0.72462,0.58759,-0.041286,0.80811,6.3412,0,0,0,1
0.81415,0.013087,-0.58051,-1.746,0.013087,0.99908,0.040878,0.71343,0.58051,-0.040878,0.81322,6.2407,0,0,0,1
0.81918,0.012761,-0.57339,-1.6952,0.012761,0.9991,0.040466,0.70227,0.57339,-0.040466,0.81828,6.1405,0,0,0,1
0.82415,0.012437,-0.56623,-1.6452,0.012437,0.99912,0.040048,0.69114,0.56623,-0.040048,0.82327,6.0406,0,0,0,1
0.82906,0.012117,-0.55902,-1.5959,0.012117,0.99914,0.039625,0.68004,0.55902,-0.039625,0.8282,5.9411,0,0,0,1
0.83391,0.011799,-0.55177,-1.5474,0.011799,0.99916,0.039197,0.66898,0.55177,-0.039197,0.83307,5.8419,0,0,0,1
0.83869,0.011484,-0.54448,-1.4996,0.011484,0.99918,0.038763,0.65795,0.54448,-0.038763,0.83788,5.7431,0,0,0,1
0.84341,0.011172,-0.53715,-1.4526,0.011172,0.9992,0.038324,0.64694,0.53715,-0.038324,0.84262,5.6447,0,0,0,1
0.84807,0.010864,-0.52978,-1.4063,0.010864,0.99922,0.03788,0.63598,0.52978,-0.03788,0.84729,5.5466,0,0,0,1
0.85266,0.010558,-0.52236,-1.3607,0.010558,0.99924,0.037431,0.62504,0.52236,-0.037431,0.8519,5.4488,0,0,0,1
0.85719,0.010256,-0.51491,-1.3159,0.010256,0.99926,0.036977,0.61413,0.51491,-0.036977,0.85645,5.3514,0,0,0,1
0.86165,0.009957,-0.50741,-1.2719,0.009957,0.99928,0.036517,0.60326,0.50741,-0.036517,0.86093,5.2544,0,0,0,1
0.86604,0.0096615,-0.49988,-1.2286,0.0096615,0.9993,0.036053,0.59241,0.49988,-0.036053,0.86534,5.1577,0,0,0,1
0.87037,0.0093693,-0.49231,-1.1861,0.0093693,0.99932,0.035583,0.5816,0.49231,-0.035583,0.86969,5.0614,0,0,0,1
0.87463,0.0090807,-0.4847,-1.1443,0.0090807,0.99934,0.035108,0.57083,0.4847,-0.035108,0.87398,4.9654,0,0,0,1
0.87883,0.0087955,-0.47705,-1.1032,0.0087955,0.99936,0.034628,0.56008,0.47705,-0.034628,0.87819,4.8697,0,0,0,1
0.88296,0.0085139,-0.46937,-1.0629,0.0085139,0.99938,0.034144,0.54936,0.46937,-0.034144,0.88234,4.7745,0,0,0,1
0.88702,0.0082359,-0.46165,-1.0233,0.0082359,0.9994,0.033654,0.53868,0.46165,-0.033654,0.88642,4.6795,0,0,0,1
0.89102,0.0079615,-0.4539,-0.98454,0.0079615,0.99942,0.033159,0.52803,0.4539,-0.033159,0.89044,4.5849,0,0,0,1
0.89494,0.0076909,-0.44611,-0.94648,0.0076909,0.99944,0.032659,0.51741,0.44611,-0.032659,0.89438,4.4907,0,0,0,1
0.8988,0.0074241,-0.43829,-0.90917,0.0074241,0.99946,0.032154,0.50682,0.43829,-0.032154,0.89826,4.3968,0,0,0,1
0.90259,0.0071611,-0.43043,-0.87261,0.0071611,0.99947,0.031645,0.49626,0.43043,-0.031645,0.90207,4.3033,0,0,0,1
0.90632,0.006902,-0.42254,-0.83679,0.006902,0.99949,0.03113,0.48574,0.42254,-0.03113,0.90581,4.2101,0,0,0,1
0.90997,0.0066469,-0.41462,-0.80172,0.0066469,0.99951,0.030611,0.47525,0.41462,-0.030611,0.90948,4.1173,0,0,0,1
0.91355,0.0063957,-0.40667,-0.76741,0.0063957,0.99953,0.030087,0.46478,0.40667,-0.030087,0.91308,4.0248,0,0,0,1
0.91707,0.0061486,-0.39869,-0.73384,0.0061486,0.99954,0.029558,0.45435,0.39869,-0.029558,0.91661,3.9327,0,0,0,1
0.92051,0.0059055,-0.39067,-0.70101,0.0059055,0.99956,0.029024,0.44396,0.39067,-0.029024,0.92007,3.841,0,0,0,1
0.92388,0.0056666,-0.38263,-0.66894,0.0056666,0.99958,0.028486,0.43359,0.38263,-0.028486,0.92346,3.7495,0,0,0,1
0.92719,0.005432,-0.37455,-0.63761,0.005432,0.99959,0.027943,0.42326,0.37455,-0.027943,0.92678,3.6585,0,0,0,1
0.93042,0.0052015,-0.36645,-0.60704,0.0052015,0.99961,0.027395,0.41295,0.36645,-0.027395,0.93003,3.5678,0,0,0,1
0.93358,0.0049754,-0.35832,-0.57721,0.0049754,0.99963,0.026843,0.40268,0.35832,-0.026843,0.93321,3.4774,0,0,0,1
0.93668,0.0047536,-0.35016,-0.54813,0.0047536,0.99964,0.026286,0.39244,0.35016,-0.026286,0.93632,3.3874,0,0,0,1
0.9397,0.0045363,-0.34198,-0.51979,0.0045363,0.99966,0.025725,0.38224,0.34198,-0.025725,0.93935,3.2977,0,0,0,1
0.94264,0.0043234,-0.33377,-0.49221,0.0043234,0.99967,0.025159,0.37206,0.33377,-0.025159,0.94232,3.2084,0,0,0,1
0.94552,0.004115,-0.32553,-0.46537,0.004115,0.99969,0.024589,0.36192,0.32553,-0.024589,0.94521,3.1195,0,0,0,1
0.94833,0.0039111,-0.31727,-0.43928,0.0039111,0.9997,0.024014,0.35181,0.31727,-0.024014,0.94803,3.0309,0,0,0,1
0.95106,0.0037119,-0.30899,-0.41394,0.0037119,0.99972,0.023435,0.34173,0.30899,-0.023435,0.95078,2.9426,0,0,0,1
0.95372,0.0035173,-0.30068,-0.38935,0.0035173,0.99973,0.022851,0.33168,0.30068,-0.022851,0.95345,2.8547,0,0,0,1
0.95631,0.0033274,-0.29235,-0.36551,0.0033274,0.99975,0.022263,0.32166,0.29235,-0.022263,0.95605,2.7672,0,0,0,1
0.95882,0.0031423,-0.28399,-0.34241,0.0031423,0.99976,0.021671,0.31168,0.28399,-0.021671,0.95858,2.68,0,0,0,1
0.96126,0.002962,-0.27562,-0.32007,0.002962,0.99977,0.021075,0.30172,0.27562,-0.021075,0.96104,2.5932,0,0,0,1
0.96363,0.0027865,-0.26722,-0.29847,0.0027865,0.99979,0.020474,0.2918,0.26722,-0.020474,0.96342,2.5067,0,0,0,1
0.96593,0.0026159,-0.2588,-0.27762,0.0026159,0.9998,0.019869,0.28191,0.2588,-0.019869,0.96573,2.4205,0,0,0,1
0.96815,0.0024503,-0.25036,-0.25751,0.0024503,0.99981,0.01926,0.27206,0.25036,-0.01926,0.96796,2.3348,0,0,0,1
0.9703,0.0022897,-0.24191,-0.23816,0.0022897,0.99982,0.018647,0.26223,0.24191,-0.018647,0.97012,2.2493,0,0,0,1
0.97237,0.0021341,-0.23343,-0.21955,0.0021341,0.99984,0.01803,0.25244,0.23343,-0.01803,0.97221,2.1642,0,0,0,1
0.97437,0.0019835,-0.22494,-0.20169,0.0019835,0.99985,0.017409,0.24267,0.22494,-0.017409,0.97422,2.0795,0,0,0,1
0.9763,0.0018382,-0.21643,-0.18458,0.0018382,0.99986,0.016784,0.23294,0.21643,-0.016784,0.97615,1.9951,0,0,0,1
0.97815,0.001698,-0.2079,-0.16822,0.001698,0.99987,0.016155,0.22324,0.2079,-0.016155,0.97802,1.9111,0,0,0,1
0.97993,0.001563,-0.19936,-0.15261,0.001563,0.99988,0.015522,0.21358,0.19936,-0.015522,0.9798,1.8274,0,0,0,1
0.98163,0.0014333,-0.1908,-0.13774,0.0014333,0.99989,0.014885,0.20394,0.1908,-0.014885,0.98152,1.7441,0,0,0,1
0.98326,0.0013089,-0.18223,-0.12363,0.0013089,0.9999,0.014245,0.19434,0.18223,-0.014245,0.98315,1.6611,0,0,0,1
0.98481,0.0011899,-0.17364,-0.11026,0.0011899,0.99991,0.0136,0.18477,0.17364,-0.0136,0.98471,1.5785,0,0,0,1
0.98629,0.0010763,-0.16504,-0.097637,0.0010763,0.99992,0.012952,0.17523,0.16504,-0.012952,0.9862,1.4962,0,0,0,1
0.98769,0.0009681,-0.15643,-0.085764,0.0009681,0.99992,0.012301,0.16572,0.15643,-0.012301,0.98761,1.4143,0,0,0,1
0.98902,0.00086542,-0.14781,-0.07464,0.00086542,0.99993,0.011646,0.15624,0.14781,-0.011646,0.98895,1.3328,0,0,0,1
0.99027,0.00076827,-0.13917,-0.064264,0.00076827,0.99994,0.010987,0.1468,0.13917,-0.010987,0.99021,1.2516,0,0,0,1
0.99144,0.0006767,-0.13052,-0.054636,0.0006767,0.99995,0.010324,0.13738,0.13052,-0.010324,0.99139,1.1707,0,0,0,1
0.99255,0.00059074,-0.12187,-0.045756,0.00059074,0.99995,0.0096585,0.128,0.12187,-0.0096585,0.9925,1.0902,0,0,0,1
0.99357,0.00051045,-0.1132,-0.037625,0.00051045,0.99996,0.0089893,0.11865,0.1132,-0.0089893,0.99353,1.01,0,0,0,1
0.99452,0.00043586,-0.10453,-0.030241,0.00043586,0.99997,0.0083166,0.10933,0.10453,-0.0083166,0.99449,0.93022,0,0,0,1
0.9954,0.00036701,-0.095845,-0.023606,0.00036701,0.99997,0.0076407,0.10005,0.095845,-0.0076407,0.99537,0.85077,0,0,0,1
0.99619,0.00030394,-0.087155,-0.017719,0.00030394,0.99998,0.0069614,0.090795,0.087155,-0.0069614,0.99617,0.77167,0,0,0,1
0.99692,0.0002467,-0.078459,-0.01258,0.0002467,0.99998,0.006279,0.081572,0.078459,-0.006279,0.9969,0.69292,0,0,0,1
0.99756,0.00019532,-0.069756,-0.0081897,0.00019532,0.99998,0.0055933,0.072382,0.069756,-0.0055933,0.99755,0.61452,0,0,0,1
0.99813,0.00014985,-0.061048,-0.0045473,0.00014985,0.99999,0.0049046,0.063223,0.061048,-0.0049046,0.99812,0.53647,0,0,0,1
0.99863,0.00011031,-0.052336,-0.0016531,0.00011031,0.99999,0.0042127,0.054096,0.052336,-0.0042127,0.99862,0.45878,0,0,0,1
0.99905,7.676e-05,-0.043619,0.00049291,7.676e-05,0.99999,0.0035179,0.045,0.043619,-0.0035179,0.99904,0.38144,0,0,0,1
0.99939,4.9224e-05,-0.034899,0.0018907,4.9224e-05,1,0.00282,0.035937,0.034899,-0.00282,0.99939,0.30444,0,0,0,1
0.99966,2.7743e-05,-0.026177,0.0025403,2.7743e-05,1,0.0021193,0.026905,0.026177,-0.0021193,0.99966,0.22781,0,0,0,1
0.99985,1.2354e-05,-0.017452,0.0024418,1.2354e-05,1,0.0014156,0.017905,0.017452,-0.0014156,0.99985,0.15152,0,0,0,1
0.99996,3.0945e-06,-0.0087265,0.001595,3.0945e-06,1,0.0007092,0.0089365,0.0087265,-0.0007092,0.99996,0.075583,0,0,0,1
NaN,NaN,NaN,0,NaN,NaN,NaN,0,NaN,NaN,NaN,0,0,0,0,1
NaN,NaN,NaN,0,NaN,NaN,NaN,0,NaN,NaN,NaN,0,0,0,0,1
