0.50047,0.049967,0.86431,-5.3503,0.049967,0.995,-0.086455,-0.80091,-0.86431,0.086455,0.49547,-6.1995,0,0,0,1
0.50799,0.049138,0.85996,-5.2633,0.049138,0.99509,-0.085886,-0.79603,-0.85996,0.085886,0.50308,-6.1678,0,0,0,1
0.51547,0.048316,0.85554,-5.1771,0.048316,0.99518,-0.085313,-0.79113,-0.85554,0.085313,0.51065,-6.1357,0,0,0,1
0.52292,0.0475,0.85106,-5.0916,0.0475,0.99527,-0.084733,-0.78619,-0.85106,0.084733,0.51819,-6.1033,0,0,0,1
0.53032,0.046689,0.84651,-5.0068,0.046689,0.99536,-0.084149,-0.78122,-0.84651,0.084149,0.52568,-6.0705,0,0,0,1
0.53769,0.045885,0.84189,-4.9227,0.045885,0.99545,-0.08356,-0.77623,-0.84189,0.08356,0.53313,-6.0374,0,0,0,1
0.54501,0.045088,0.83721,-4.8393,0.045088,0.99553,-0.082966,-0.7712,-0.83721,0.082966,0.54055,-6.004,0,0,0,1
0.5523,0.044297,0.83247,-4.7566,0.044297,0.99562,-0.082366,-0.76614,-0.83247,0.082366,0.54792,-5.9703,0,0,0,1
0.55954,0.043512,0.82766,-4.6747,0.043512,0.9957,-0.081762,-0.76105,-0.82766,0.081762,0.55524,-5.9362,0,0,0,1
0.56674,0.042733,0.82279,-4.5934,0.042733,0.99579,-0.081153,-0.75594,-0.82279,0.081153,0.56253,-5.9018,0,0,0,1
0.5739,0.041961,0.81785,-4.5129,0.041961,0.99587,-0.08054,-0.75079,-0.81785,0.08054,0.56977,-5.867,0,0,0,1
0.58101,0.041196,0.81285,-4.4331,0.041196,0.99595,-0.079921,-0.74561,-0.81285,0.079921,0.57696,-5.8319,0,0,0,1
0.58808,0.040437,0.80779,-4.354,0.040437,0.99603,-0.079298,-0.7404,-0.80779,0.079298,0.58411,-5.7965,0,0,0,1
0.59511,0.039684,0.80266,-4.2756,0.039684,0.99611,-0.078671,-0.73516,-0.80266,0.078671,0.59122,-5.7607,0,0,0,1
0.60209,0.038938,0.79748,-4.1979,0.038938,0.99619,-0.078039,-0.72989,-0.79748,0.078039,0.59828,-5.7246,0,0,0,1
0.60903,0.038199,0.79223,-4.1209,0.038199,0.99627,-0.077402,-0.72459,-0.79223,0.077402,0.60529,-5.6882,0,0,0,1
0.61592,0.037466,0.78692,-4.0446,0.037466,0.99635,-0.076762,-0.71926,-0.78692,0.076762,0.61226,-5.6514,0,0,0,1
0.62276,0.03674,0.78155,-3.9691,0.03674,0.99642,-0.076117,-0.71391,-0.78155,0.076117,0.61918,-5.6143,0,0,0,1
0.62955,0.036021,0.77612,-3.8942,0.036021,0.9965,-0.075468,-0.70852,-0.77612,0.075468,0.62605,-5.5769,0,0,0,1
0.6363,0.035308,0.77063,-3.8201,0.035308,0.99657,-0.074814,-0.7031,-0.77063,0.074814,0.63288,-5.5391,0,0,0,1
0.643,0.034603,0.76508,-3.7467,0.034603,0.99665,-0.074157,-0.69765,-0.76508,0.074157,0.63965,-5.501,0,0,0,1
0.64965,0.033904,0.75947,-3.674,0.033904,0.99672,-0.073496,-0.69216,-0.75947,0.073496,0.64637,-5.4626,0,0,0,1
0.65626,0.033211,0.75381,-3.602,0.033211,0.99679,-0.07283,-0.68665,-0.75381,0.07283,0.65305,-5.4238,0,0,0,1
0.66281,0.032526,0.74808,-3.5307,0.032526,0.99686,-0.072161,-0.68111,-0.74808,0.072161,0.65967,-5.3847,0,0,0,1
0.66931,0.031848,0.7423,-3.4601,0.031848,0.99693,-0.071488,-0.67554,-0.7423,0.071488,0.66625,-5.3452,0,0,0,1
0.67576,0.031176,0.73646,-3.3903,0.031176,0.997,-0.070812,-0.66994,-0.73646,0.070812,0.67277,-5.3054,0,0,0,1
0.68216,0.030511,0.73056,-3.3211,0.030511,0.99707,-0.070132,-0.66431,-0.73056,0.070132,0.67924,-5.2653,0,0,0,1
0.68851,0.029853,0.72461,-3.2527,0.029853,0.99714,-0.069448,-0.65865,-0.72461,0.069448,0.68565,-5.2249,0,0,0,1
0.69481,0.029203,0.7186,-3.185,0.029203,0.99721,-0.068761,-0.65296,-0.7186,0.068761,0.69202,-5.1841,0,0,0,1
0.70105,0.028559,0.71254,-3.118,0.028559,0.99727,-0.06807,-0.64723,-0.71254,0.06807,0.69833,-5.143,0,0,0,1
0.70725,0.027922,0.70642,-3.0517,0.027922,0.99734,-0.067376,-0.64148,-0.70642,0.067376,0.70458,-5.1015,0,0,0,1
0.71338,0.027292,0.70024,-2.9861,0.027292,0.9974,-0.066678,-0.6357,-0.70024,0.066678,0.71078,-5.0597,0,0,0,1
0.71947,0.026669,0.69402,-2.9212,0.026669,0.99746,-0.065978,-0.62988,-0.69402,0.065978,0.71693,-5.0176,0,0,0,1
0.72549,0.026054,0.68773,-2.8571,0.026054,0.99753,-0.065274,-0.62404,-0.68773,0.065274,0.72302,-4.9752,0,0,0,1
0.73147,0.025445,0.6814,-2.7936,0.025445,0.99759,-0.064567,-0.61817,-0.6814,0.064567,0.72906,-4.9324,0,0,0,1
0.73739,0.024844,0.67501,-2.7309,0.024844,0.99765,-0.063857,-0.61226,-0.67501,0.063857,0.73504,-4.8892,0,0,0,1
0.74325,0.024249,0.66858,-2.6688,0.024249,0.99771,-0.063145,-0.60633,-0.66858,0.063145,0.74096,-4.8458,0,0,0,1
0.74905,0.023662,0.66209,-2.6075,0.023662,0.99777,-0.062429,-0.60037,-0.66209,0.062429,0.74682,-4.802,0,0,0,1
0.7548,0.023082,0.65555,-2.5469,0.023082,0.99783,-0.061711,-0.59437,-0.65555,0.061711,0.75263,-4.7578,0,0,0,1
0.76049,0.022509,0.64895,-2.487,0.022509,0.99788,-0.06099,-0.58835,-0.64895,0.06099,0.75838,-4.7134,0,0,0,1
0.76613,0.021943,0.64231,-2.4279,0.021943,0.99794,-0.060266,-0.58229,-0.64231,0.060266,0.76407,-4.6686,0,0,0,1
0.7717,0.021385,0.63562,-2.3694,0.021385,0.998,-0.05954,-0.57621,-0.63562,0.05954,0.7697,-4.6234,0,0,0,1
0.77722,0.020833,0.62888,-2.3116,0.020833,0.99805,-0.058811,-0.57009,-0.62888,0.058811,0.77527,-4.578,0,0,0,1
0.78268,0.020289,0.62209,-2.2546,0.020289,0.99811,-0.05808,-0.56395,-0.62209,0.05808,0.78079,-4.5322,0,0,0,1
0.78808,0.019752,0.61526,-2.1983,0.019752,0.99816,-0.057346,-0.55777,-0.61526,0.057346,0.78624,-4.486,0,0,0,1
0.79342,0.019223,0.60837,-2.1426,0.019223,0.99821,-0.05661,-0.55157,-0.60837,0.05661,0.79163,-4.4396,0,0,0,1
0.7987,0.0187,0.60144,-2.0877,0.0187,0.99826,-0.055872,-0.54533,-0.60144,0.055872,0.79696,-4.3927,0,0,0,1
0.80391,0.018185,0.59447,-2.0335,0.018185,0.99831,-0.055132,-0.53906,-0.59447,0.055132,0.80223,-4.3456,0,0,0,1
0.80907,0.017677,0.58744,-1.9801,0.017677,0.99836,-0.054389,-0.53277,-0.58744,0.054389,0.80743,-4.2981,0,0,0,1
0.81417,0.017177,0.58038,-1.9273,0.017177,0.99841,-0.053645,-0.52644,-0.58038,0.053645,0.81258,-4.2503,0,0,0,1
0.8192,0.016684,0.57326,-1.8752,0.016684,0.99846,-0.052899,-0.52008,-0.57326,0.052899,0.81766,-4.2022,0,0,0,1
0.82417,0.016198,0.56611,-1.8239,0.016198,0.99851,-0.052151,-0.5137,-0.56611,0.052151,0.82268,-4.1537,0,0,0,1
0.82908,0.015719,0.55891,-1.7732,0.015719,0.99855,-0.051401,-0.50728,-0.55891,0.051401,0.82763,-4.1049,0,0,0,1
0.83393,0.015247,0.55167,-1.7233,0.015247,0.9986,-0.050649,-0.50083,-0.55167,0.050649,0.83253,-4.0557,0,0,0,1
0.83871,0.014783,0.54438,-1.6741,0.014783,0.99865,-0.049896,-0.49435,-0.54438,0.049896,0.83735,-4.0062,0,0,0,1
0.84343,0.014327,0.53705,-1.6256,0.014327,0.99869,-0.049141,-0.48785,-0.53705,0.049141,0.84212,-3.9564,0,0,0,1
0.84808,0.013877,0.52968,-1.5778,0.013877,0.99873,-0.048385,-0.48131,-0.52968,0.048385,0.84681,-3.9062,0,0,0,1
0.85267,0.013435,0.52228,-1.5307,0.013435,0.99877,-0.047627,-0.47474,-0.52228,0.047627,0.85145,-3.8558,0,0,0,1
0.8572,0.013,0.51483,-1.4844,0.013,0.99882,-0.046868,-0.46814,-0.51483,0.046868,0.85601,-3.8049,0,0,0,1
0.86166,0.012573,0.50734,-1.4387,0.012573,0.99886,-0.046107,-0.46151,-0.50734,0.046107,0.86051,-3.7538,0,0,0,1
0.86605,0.012153,0.49981,-1.3938,0.012153,0.9989,-0.045346,-0.45485,-0.49981,0.045346,0.86495,-3.7023,0,0,0,1
0.87038,0.01174,0.49224,-1.3495,0.01174,0.99894,-0.044583,-0.44816,-0.49224,0.044583,0.86932,-3.6504,0,0,0,1
0.87464,0.011334,0.48464,-1.306,0.011334,0.99898,-0.043819,-0.44144,-0.48464,0.043819,0.87362,-3.5983,0,0,0,1
0.87884,0.010936,0.477,-1.2632,0.010936,0.99901,-0.043054,-0.43469,-0.477,0.043054,0.87785,-3.5458,0,0,0,1
0.88297,0.010545,0.46932,-1.2211,0.010545,0.99905,-0.042288,-0.42791,-0.46932,0.042288,0.88202,-3.4929,0,0,0,1
0.88703,0.010162,0.4616,-1.1797,0.010162,0.99909,-0.041522,-0.4211,-0.4616,0.041522,0.88611,-3.4398,0,0,0,1
0.89102,0.0097857,0.45385,-1.1391,0.0097857,0.99912,-0.040754,-0.41426,-0.45385,0.040754,0.89014,-3.3863,0,0,0,1
0.89495,0.0094168,0.44607,-1.0991,0.0094168,0.99916,-0.039986,-0.40739,-0.44607,0.039986,0.89411,-3.3324,0,0,0,1
0.89881,0.0090552,0.43825,-1.0599,0.0090552,0.99919,-0.039217,-0.40049,-0.43825,0.039217,0.898,-3.2783,0,0,0,1
0.9026,0.008701,0.4304,-1.0213,0.008701,0.99922,-0.038448,-0.39356,-0.4304,0.038448,0.90182,-3.2237,0,0,0,1
0.90632,0.008354,0.42251,-0.98351,0.008354,0.99926,-0.037678,-0.3866,-0.42251,0.037678,0.90557,-3.1689,0,0,0,1
0.90997,0.0080143,0.41459,-0.9464,0.0080143,0.99929,-0.036907,-0.37961,-0.41459,0.036907,0.90926,-3.1137,0,0,0,1
0.91356,0.007682,0.40664,-0.91,0.007682,0.99932,-0.036136,-0.37259,-0.40664,0.036136,0.91287,-3.0582,0,0,0,1
0.91707,0.0073568,0.39866,-0.87431,0.0073568,0.99935,-0.035365,-0.36553,-0.39866,0.035365,0.91642,-3.0024,0,0,0,1
0.92051,0.007039,0.39065,-0.83934,0.007039,0.99938,-0.034594,-0.35845,-0.39065,0.034594,0.91989,-2.9462,0,0,0,1
0.92389,0.0067284,0.38261,-0.80507,0.0067284,0.99941,-0.033823,-0.35134,-0.38261,0.033823,0.92329,-2.8897,0,0,0,1
0.92719,0.0064251,0.37453,-0.77152,0.0064251,0.99943,-0.033051,-0.3442,-0.37453,0.033051,0.92662,-2.8328,0,0,0,1
0.93042,0.006129,0.36643,-0.73868,0.006129,0.99946,-0.032279,-0.33702,-0.36643,0.032279,0.92988,-2.7756,0,0,0,1
0.93359,0.0058401,0.35831,-0.70655,0.0058401,0.99949,-0.031508,-0.32982,-0.35831,0.031508,0.93307,-2.7181,0,0,0,1
0.93668,0.0055585,0.35015,-0.67514,0.0055585,0.99951,-0.030736,-0.32259,-0.35015,0.030736,0.93619,-2.6603,0,0,0,1
0.9397,0.005284,0.34197,-0.64443,0.005284,0.99954,-0.029965,-0.31532,-0.34197,0.029965,0.93923,-2.6021,0,0,0,1
0.94265,0.0050168,0.33376,-0.61444,0.0050168,0.99956,-0.029194,-0.30803,-0.33376,0.029194,0.94221,-2.5435,0,0,0,1
0.94552,0.0047567,0.32552,-0.58516,0.0047567,0.99958,-0.028423,-0.30071,-0.32552,0.028423,0.94511,-2.4847,0,0,0,1
0.94833,0.0045038,0.31726,-0.55659,0.0045038,0.99961,-0.027653,-0.29335,-0.31726,0.027653,0.94793,-2.4255,0,0,0,1
0.95106,0.0042581,0.30898,-0.52874,0.0042581,0.99963,-0.026883,-0.28597,-0.30898,0.026883,0.95069,-2.366,0,0,0,1
0.95372,0.0040195,0.30067,-0.50159,0.0040195,0.99965,-0.026113,-0.27855,-0.30067,0.026113,0.95337,-2.3061,0,0,0,1
0.95631,0.003788,0.29234,-0.47516,0.003788,0.99967,-0.025344,-0.27111,-0.29234,0.025344,0.95598,-2.2459,0,0,0,1
0.95882,0.0035636,0.28399,-0.44944,0.0035636,0.99969,-0.024576,-0.26363,-0.28399,0.024576,0.95851,-2.1854,0,0,0,1
0.96126,0.0033463,0.27561,-0.42443,0.0033463,0.99971,-0.023809,-0.25613,-0.27561,0.023809,0.96097,-2.1245,0,0,0,1
0.96363,0.003136,0.26721,-0.40013,0.003136,0.99973,-0.023042,-0.24859,-0.26721,0.023042,0.96336,-2.0633,0,0,0,1
0.96593,0.0029328,0.2588,-0.37654,0.0029328,0.99975,-0.022276,-0.24103,-0.2588,0.022276,0.96567,-2.0018,0,0,0,1
0.96815,0.0027367,0.25036,-0.35367,0.0027367,0.99976,-0.021511,-0.23343,-0.25036,0.021511,0.96791,-1.9399,0,0,0,1
0.9703,0.0025475,0.2419,-0.33151,0.0025475,0.99978,-0.020747,-0.2258,-0.2419,0.020747,0.97008,-1.8777,0,0,0,1
0.97237,0.0023653,0.23343,-0.31006,0.0023653,0.9998,-0.019984,-0.21815,-0.23343,0.019984,0.97217,-1.8151,0,0,0,1
0.97437,0.0021901,0.22494,-0.28932,0.0021901,0.99981,-0.019222,-0.21046,-0.22494,0.019222,0.97418,-1.7523,0,0,0,1
0.9763,0.0020219,0.21643,-0.2693,0.0020219,0.99983,-0.018461,-0.20274,-0.21643,0.018461,0.97612,-1.6891,0,0,0,1
0.97815,0.0018606,0.2079,-0.24998,0.0018606,0.99984,-0.017702,-0.195,-0.2079,0.017702,0.97799,-1.6255,0,0,0,1
0.97993,0.0017062,0.19936,-0.23138,0.0017062,0.99985,-0.016943,-0.18722,-0.19936,0.016943,0.97978,-1.5616,0,0,0,1
0.98163,0.0015586,0.1908,-0.21349,0.0015586,0.99987,-0.016187,-0.17941,-0.1908,0.016187,0.9815,-1.4974,0,0,0,1
0.98326,0.0014179,0.18223,-0.19631,0.0014179,0.99988,-0.015431,-0.17157,-0.18223,0.015431,0.98314,-1.4329,0,0,0,1
0.98481,0.0012841,0.17364,-0.17984,0.0012841,0.99989,-0.014677,-0.16371,-0.17364,0.014677,0.9847,-1.368,0,0,0,1
0.98629,0.0011571,0.16504,-0.16409,0.0011571,0.9999,-0.013925,-0.15581,-0.16504,0.013925,0.98619,-1.3028,0,0,0,1
0.98769,0.0010368,0.15643,-0.14905,0.0010368,0.99991,-0.013174,-0.14788,-0.15643,0.013174,0.9876,-1.2372,0,0,0,1
0.98902,0.00092331,0.14781,-0.13471,0.00092331,0.99992,-0.012425,-0.13992,-0.14781,0.012425,0.98894,-1.1713,0,0,0,1
0.99027,0.00081655,0.13917,-0.12109,0.00081655,0.99993,-0.011677,-0.13193,-0.13917,0.011677,0.9902,-1.1051,0,0,0,1
0.99144,0.00071648,0.13052,-0.10819,0.00071648,0.99994,-0.010931,-0.12391,-0.13052,0.010931,0.99138,-1.0385,0,0,0,1
0.99255,0.0006231,0.12187,-0.095992,0.0006231,0.99995,-0.010187,-0.11586,-0.12187,0.010187,0.99249,-0.97164,0,0,0,1
0.99357,0.00053636,0.1132,-0.084508,0.00053636,0.99996,-0.0094455,-0.10778,-0.1132,0.0094455,0.99353,-0.90442,0,0,0,1
0.99452,0.00045624,0.10453,-0.073736,0.00045624,0.99996,-0.0087055,-0.099675,-0.10453,0.0087055,0.99448,-0.83685,0,0,0,1
0.9954,0.00038271,0.095845,-0.063676,0.00038271,0.99997,-0.0079675,-0.091535,-0.095845,0.0079675,0.99536,-0.76896,0,0,0,1
0.99619,0.00031574,0.087155,-0.054328,0.00031574,0.99997,-0.0072317,-0.083364,-0.087155,0.0072317,0.99617,-0.70073,0,0,0,1
0.99692,0.0002553,0.078459,-0.045692,0.0002553,0.99998,-0.0064979,-0.075164,-0.078459,0.0064979,0.9969,-0.63216,0,0,0,1
0.99756,0.00020137,0.069756,-0.037768,0.00020137,0.99998,-0.0057664,-0.066933,-0.069756,0.0057664,0.99755,-0.56326,0,0,0,1
0.99813,0.0001539,0.061048,-0.030555,0.0001539,0.99999,-0.0050371,-0.058672,-0.061048,0.0050371,0.99812,-0.49402,0,0,0,1
0.99863,0.00011286,0.052336,-0.024054,0.00011286,0.99999,-0.0043101,-0.050381,-0.052336,0.0043101,0.99862,-0.42445,0,0,0,1
0.99905,7.8236e-05,0.043619,-0.018266,7.8236e-05,0.99999,-0.0035855,-0.04206,-0.043619,0.0035855,0.99904,-0.35455,0,0,0,1
0.99939,4.9979e-05,0.034899,-0.013189,4.9979e-05,1,-0.0028633,-0.033708,-0.034899,0.0028633,0.99939,-0.28431,0,0,0,1
0.99966,2.8061e-05,0.026177,-0.0088238,2.8061e-05,1,-0.0021436,-0.025327,-0.026177,0.0021436,0.99966,-0.21373,0,0,0,1
0.99985,1.2449e-05,0.017452,-0.0051707,1.2449e-05,1,-0.0014265,-0.016915,-0.017452,0.0014265,0.99985,-0.14282,0,0,0,1
0.99996,3.1063e-06,0.0087265,-0.0022294,3.1063e-06,1,-0.00071191,-0.0084724,-0.0087265,0.00071191,0.99996,-0.071579,0,0,0,1
NaN,NaN,NaN,0,NaN,NaN,NaN,0,NaN,NaN,NaN,0,0,0,0,1
0.99996,3.0945e-06,-0.0087265,0.0015175,3.0945e-06,1,0.0007092,0.0085027,0.0087265,-0.0007092,0.99996,0.071914,0,0,0,1
0.99985,1.2354e-05,-0.017452,0.0023232,1.2354e-05,1,0.0014156,0.017036,0.017452,-0.0014156,0.99985,0.14416,0,0,0,1
0.99966,2.7743e-05,-0.026177,0.002417,2.7743e-05,1,0.0021193,0.025599,0.026177,-0.0021193,0.99966,0.21675,0,0,0,1
0.99939,4.9224e-05,-0.034899,0.0017989,4.9224e-05,1,0.00282,0.034192,0.034899,-0.00282,0.99939,0.28966,0,0,0,1
0.99905,7.676e-05,-0.043619,0.00046898,7.676e-05,0.99999,0.0035179,0.042815,0.043619,-0.0035179,0.99904,0.36292,0,0,0,1
0.99863,0.00011031,-0.052336,-0.0015728,0.00011031,0.99999,0.0042127,0.051469,0.052336,-0.0042127,0.99862,0.4365,0,0,0,1
0.99813,0.00014985,-0.061048,-0.0043265,0.00014985,0.99999,0.0049046,0.060153,0.061048,-0.0049046,0.99812,0.51042,0,0,0,1
0.99756,0.00019532,-0.069756,-0.0077921,0.00019532,0.99998,0.0055933,0.068867,0.069756,-0.0055933,0.99755,0.58468,0,0,0,1
0.99692,0.0002467,-0.078459,-0.011969,0.0002467,0.99998,0.006279,0.077612,0.078459,-0.006279,0.9969,0.65927,0,0,0,1
0.99619,0.00030394,-0.087155,-0.016859,0.00030394,0.99998,0.0069614,0.086387,0.087155,-0.0069614,0.99617,0.7342,0,0,0,1
0.9954,0.00036701,-0.095845,-0.02246,0.00036701,0.99997,0.0076407,0.095191,0.095845,-0.0076407,0.99537,0.80946,0,0,0,1
0.99452,0.00043586,-0.10453,-0.028773,0.00043586,0.99997,0.0083166,0.10403,0.10453,-0.0083166,0.99449,0.88506,0,0,0,1
0.99357,0.00051045,-0.1132,-0.035798,0.00051045,0.99996,0.0089893,0.11289,0.1132,-0.0089893,0.99353,0.96099,0,0,0,1
0.99255,0.00059074,-0.12187,-0.043535,0.00059074,0.99995,0.0096585,0.12179,0.12187,-0.0096585,0.9925,1.0373,0,0,0,1
0.99144,0.0006767,-0.13052,-0.051983,0.0006767,0.99995,0.010324,0.13071,0.13052,-0.010324,0.99139,1.1139,0,0,0,1
0.99027,0.00076827,-0.13917,-0.061144,0.00076827,0.99994,0.010987,0.13967,0.13917,-0.010987,0.99021,1.1908,0,0,0,1
0.98902,0.00086542,-0.14781,-0.071016,0.00086542,0.99993,0.011646,0.14866,0.14781,-0.011646,0.98895,1.2681,0,0,0,1
0.98769,0.0009681,-0.15643,-0.0816,0.0009681,0.99992,0.012301,0.15767,0.15643,-0.012301,0.98761,1.3457,0,0,0,1
0.98629,0.0010763,-0.16504,-0.092896,0.0010763,0.99992,0.012952,0.16672,0.16504,-0.012952,0.9862,1.4236,0,0,0,1
0.98481,0.0011899,-0.17364,-0.1049,0.0011899,0.99991,0.0136,0.1758,0.17364,-0.0136,0.98471,1.5019,0,0,0,1
0.98326,0.0013089,-0.18223,-0.11762,0.0013089,0.9999,0.014245,0.1849,0.18223,-0.014245,0.98315,1.5805,0,0,0,1
0.98163,0.0014333,-0.1908,-0.13106,0.0014333,0.99989,0.014885,0.19404,0.1908,-0.014885,0.98152,1.6594,0,0,0,1
0.97993,0.001563,-0.19936,-0.1452,0.001563,0.99988,0.015522,0.20321,0.19936,-0.015522,0.9798,1.7387,0,0,0,1
0.97815,0.001698,-0.2079,-0.16005,0.001698,0.99987,0.016155,0.2124,0.2079,-0.016155,0.97802,1.8183,0,0,0,1
0.9763,0.0018382,-0.21643,-0.17562,0.0018382,0.99986,0.016784,0.22163,0.21643,-0.016784,0.97615,1.8983,0,0,0,1
0.97437,0.0019835,-0.22494,-0.1919,0.0019835,0.99985,0.017409,0.23089,0.22494,-0.017409,0.97422,1.9785,0,0,0,1
0.97237,0.0021341,-0.23343,-0.20889,0.0021341,0.99984,0.01803,0.24018,0.23343,-0.01803,0.97221,2.0592,0,0,0,1
0.9703,0.0022897,-0.24191,-0.2266,0.0022897,0.99982,0.018647,0.2495,0.24191,-0.018647,0.97012,2.1401,0,0,0,1
0.96815,0.0024503,-0.25036,-0.24501,0.0024503,0.99981,0.01926,0.25885,0.25036,-0.01926,0.96796,2.2214,0,0,0,1
0.96593,0.0026159,-0.2588,-0.26414,0.0026159,0.9998,0.019869,0.26823,0.2588,-0.019869,0.96573,2.303,0,0,0,1
0.96363,0.0027865,-0.26722,-0.28398,0.0027865,0.99979,0.020474,0.27764,0.26722,-0.020474,0.96342,2.385,0,0,0,1
0.96126,0.002962,-0.27562,-0.30453,0.002962,0.99977,0.021075,0.28707,0.27562,-0.021075,0.96104,2.4673,0,0,0,1
0.95882,0.0031423,-0.28399,-0.32579,0.0031423,0.99976,0.021671,0.29654,0.28399,-0.021671,0.95858,2.5499,0,0,0,1
0.95631,0.0033274,-0.29235,-0.34776,0.0033274,0.99975,0.022263,0.30604,0.29235,-0.022263,0.95605,2.6328,0,0,0,1
0.95372,0.0035173,-0.30068,-0.37045,0.0035173,0.99973,0.022851,0.31557,0.30068,-0.022851,0.95345,2.7161,0,0,0,1
0.95106,0.0037119,-0.30899,-0.39385,0.0037119,0.99972,0.023435,0.32514,0.30899,-0.023435,0.95078,2.7998,0,0,0,1
0.94833,0.0039111,-0.31727,-0.41796,0.0039111,0.9997,0.024014,0.33473,0.31727,-0.024014,0.94803,2.8837,0,0,0,1
0.94552,0.004115,-0.32553,-0.44278,0.004115,0.99969,0.024589,0.34435,0.32553,-0.024589,0.94521,2.968,0,0,0,1
0.94264,0.0043234,-0.33377,-0.46831,0.0043234,0.99967,0.025159,0.354,0.33377,-0.025159,0.94232,3.0527,0,0,0,1
0.9397,0.0045363,-0.34198,-0.49456,0.0045363,0.99966,0.025725,0.36368,0.34198,-0.025725,0.93935,3.1376,0,0,0,1
0.93668,0.0047536,-0.35016,-0.52151,0.0047536,0.99964,0.026286,0.37339,0.35016,-0.026286,0.93632,3.2229,0,0,0,1
0.93358,0.0049754,-0.35832,-0.54918,0.0049754,0.99963,0.026843,0.38313,0.35832,-0.026843,0.93321,3.3086,0,0,0,1
0.93042,0.0052015,-0.36645,-0.57756,0.0052015,0.99961,0.027395,0.3929,0.36645,-0.027395,0.93003,3.3945,0,0,0,1
0.92719,0.005432,-0.37455,-0.60666,0.005432,0.99959,0.027943,0.40271,0.37455,-0.027943,0.92678,3.4809,0,0,0,1
0.92388,0.0056666,-0.38263,-0.63646,0.0056666,0.99958,0.028486,0.41254,0.38263,-0.028486,0.92346,3.5675,0,0,0,1
0.92051,0.0059055,-0.39067,-0.66698,0.0059055,0.99956,0.029024,0.4224,0.39067,-0.029024,0.92007,3.6545,0,0,0,1
0.91707,0.0061486,-0.39869,-0.69821,0.0061486,0.99954,0.029558,0.43229,0.39869,-0.029558,0.91661,3.7418,0,0,0,1
0.91355,0.0063957,-0.40667,-0.73015,0.0063957,0.99953,0.030087,0.44222,0.40667,-0.030087,0.91308,3.8294,0,0,0,1
0.90997,0.0066469,-0.41462,-0.7628,0.0066469,0.99951,0.030611,0.45217,0.41462,-0.030611,0.90948,3.9174,0,0,0,1
0.90632,0.006902,-0.42254,-0.79616,0.006902,0.99949,0.03113,0.46215,0.42254,-0.03113,0.90581,4.0057,0,0,0,1
0.90259,0.0071611,-0.43043,-0.83024,0.0071611,0.99947,0.031645,0.47217,0.43043,-0.031645,0.90207,4.0944,0,0,0,1
0.8988,0.0074241,-0.43829,-0.86503,0.0074241,0.99946,0.032154,0.48221,0.43829,-0.032154,0.89826,4.1834,0,0,0,1
0.89494,0.0076909,-0.44611,-0.90053,0.0076909,0.99944,0.032659,0.49229,0.44611,-0.032659,0.89438,4.2727,0,0,0,1
0.89102,0.0079615,-0.4539,-0.93674,0.0079615,0.99942,0.033159,0.50239,0.4539,-0.033159,0.89044,4.3623,0,0,0,1
0.88702,0.0082359,-0.46165,-0.97366,0.0082359,0.9994,0.033654,0.51253,0.46165,-0.033654,0.88642,4.4523,0,0,0,1
0.88296,0.0085139,-0.46937,-1.0113,0.0085139,0.99938,0.034144,0.52269,0.46937,-0.034144,0.88234,4.5426,0,0,0,1
0.87883,0.0087955,-0.47705,-1.0496,0.0087955,0.99936,0.034628,0.53289,0.47705,-0.034628,0.87819,4.6333,0,0,0,1
0.87463,0.0090807,-0.4847,-1.0887,0.0090807,0.99934,0.035108,0.54311,0.4847,-0.035108,0.87398,4.7243,0,0,0,1
0.87037,0.0093693,-0.49231,-1.1285,0.0093693,0.99932,0.035583,0.55337,0.49231,-0.035583,0.86969,4.8156,0,0,0,1
0.86604,0.0096615,-0.49988,-1.169,0.0096615,0.9993,0.036053,0.56365,0.49988,-0.036053,0.86534,4.9073,0,0,0,1
0.86165,0.009957,-0.50741,-1.2102,0.009957,0.99928,0.036517,0.57397,0.50741,-0.036517,0.86093,4.9993,0,0,0,1
0.85719,0.010256,-0.51491,-1.2521,0.010256,0.99926,0.036977,0.58431,0.51491,-0.036977,0.85645,5.0916,0,0,0,1
0.85266,0.010558,-0.52236,-1.2947,0.010558,0.99924,0.037431,0.59469,0.52236,-0.037431,0.8519,5.1843,0,0,0,1
0.84807,0.010864,-0.52978,-1.338,0.010864,0.99922,0.03788,0.6051,0.52978,-0.03788,0.84729,5.2773,0,0,0,1
0.84341,0.011172,-0.53715,-1.382,0.011172,0.9992,0.038324,0.61553,0.53715,-0.038324,0.84262,5.3706,0,0,0,1
0.83869,0.011484,-0.54448,-1.4268,0.011484,0.99918,0.038763,0.626,0.54448,-0.038763,0.83788,5.4643,0,0,0,1
0.83391,0.011799,-0.55177,-1.4723,0.011799,0.99916,0.039197,0.6365,0.55177,-0.039197,0.83307,5.5583,0,0,0,1
0.82906,0.012117,-0.55902,-1.5184,0.012117,0.99914,0.039625,0.64703,0.55902,-0.039625,0.8282,5.6526,0,0,0,1
0.82415,0.012437,-0.56623,-1.5653,0.012437,0.99912,0.040048,0.65758,0.56623,-0.040048,0.82327,5.7473,0,0,0,1
0.81918,0.012761,-0.57339,-1.6129,0.012761,0.9991,0.040466,0.66817,0.57339,-0.040466,0.81828,5.8423,0,0,0,1
0.81415,0.013087,-0.58051,-1.6612,0.013087,0.99908,0.040878,0.67879,0.58051,-0.040878,0.81322,5.9377,0,0,0,1
0.80905,0.013417,-0.58759,-1.7103,0.013417,0.99906,0.041286,0.68944,0.58759,-0.041286,0.80811,6.0333,0,0,0,1
0.80389,0.013749,-0.59462,-1.76,0.013749,0.99904,0.041687,0.70012,0.59462,-0.041687,0.80293,6.1294,0,0,0,1
0.79867,0.014084,-0.6016,-1.8105,0.014084,0.99901,0.042084,0.71083,0.6016,-0.042084,0.79768,6.2257,0,0,0,1
0.79339,0.014421,-0.60854,-1.8616,0.014421,0.99899,0.042475,0.72156,0.60854,-0.042475,0.79238,6.3224,0,0,0,1
0.78805,0.014761,-0.61544,-1.9135,0.014761,0.99897,0.042861,0.73233,0.61544,-0.042861,0.78702,6.4194,0,0,0,1
0.78265,0.015103,-0.62228,-1.9661,0.015103,0.99895,0.043241,0.74313,0.62228,-0.043241,0.7816,6.5168,0,0,0,1
0.77719,0.015448,-0.62908,-2.0194,0.015448,0.99893,0.043616,0.75396,0.62908,-0.043616,0.77612,6.6144,0,0,0,1
0.77167,0.015795,-0.63583,-2.0734,0.015795,0.99891,0.043985,0.76482,0.63583,-0.043985,0.77058,6.7125,0,0,0,1
0.76609,0.016145,-0.64253,-2.1281,0.016145,0.99889,0.044349,0.77571,0.64253,-0.044349,0.76498,6.8108,0,0,0,1
0.76045,0.016497,-0.64918,-2.1835,0.016497,0.99886,0.044708,0.78663,0.64918,-0.044708,0.75932,6.9095,0,0,0,1
0.75476,0.016851,-0.65579,-2.2397,0.016851,0.99884,0.045061,0.79758,0.65579,-0.045061,0.7536,7.0085,0,0,0,1
0.74901,0.017207,-0.66234,-2.2965,0.017207,0.99882,0.045408,0.80856,0.66234,-0.045408,0.74783,7.1079,0,0,0,1
0.7432,0.017566,-0.66884,-2.3541,0.017566,0.9988,0.04575,0.81958,0.66884,-0.04575,0.742,7.2076,0,0,0,1
0.73733,0.017926,-0.67529,-2.4124,0.017926,0.99878,0.046087,0.83062,0.67529,-0.046087,0.73611,7.3076,0,0,0,1
0.73141,0.018289,-0.68169,-2.4714,0.018289,0.99875,0.046418,0.84169,0.68169,-0.046418,0.73017,7.408,0,0,0,1
0.72544,0.018653,-0.68804,-2.5311,0.018653,0.99873,0.046743,0.85279,0.68804,-0.046743,0.72417,7.5087,0,0,0,1
0.7194,0.019019,-0.69433,-2.5915,0.019019,0.99871,0.047063,0.86392,0.69433,-0.047063,0.71811,7.6097,0,0,0,1
0.71332,0.019388,-0.70057,-2.6526,0.019388,0.99869,0.047378,0.87508,0.70057,-0.047378,0.71201,7.7111,0,0,0,1
0.70718,0.019757,-0.70676,-2.7145,0.019757,0.99867,0.047687,0.88628,0.70676,-0.047687,0.70584,7.8128,0,0,0,1
0.70098,0.020129,-0.7129,-2.777,0.020129,0.99864,0.04799,0.8975,0.7129,-0.04799,0.69963,7.9148,0,0,0,1
0.69473,0.020502,-0.71898,-2.8403,0.020502,0.99862,0.048288,0.90875,0.71898,-0.048288,0.69336,8.0172,0,0,0,1
0.68843,0.020877,-0.725,-2.9042,0.020877,0.9986,0.04858,0.92004,0.725,-0.04858,0.68703,8.1199,0,0,0,1
0.68208,0.021254,-0.73097,-2.9689,0.021254,0.99858,0.048867,0.93135,0.73097,-0.048867,0.68066,8.223,0,0,0,1
0.67567,0.021632,-0.73688,-3.0343,0.021632,0.99856,0.049148,0.94269,0.73688,-0.049148,0.67423,8.3263,0,0,0,1
0.66922,0.022011,-0.74274,-3.1004,0.022011,0.99854,0.049424,0.95407,0.74274,-0.049424,0.66775,8.4301,0,0,0,1
0.66271,0.022392,-0.74854,-3.1673,0.022392,0.99851,0.049693,0.96547,0.74854,-0.049693,0.66122,8.5341,0,0,0,1
0.65615,0.022774,-0.75428,-3.2348,0.022774,0.99849,0.049958,0.9769,0.75428,-0.049958,0.65464,8.6385,0,0,0,1
0.64954,0.023157,-0.75997,-3.303,0.023157,0.99847,0.050217,0.98837,0.75997,-0.050217,0.64801,8.7432,0,0,0,1
0.64289,0.023542,-0.7656,-3.372,0.023542,0.99845,0.05047,0.99986,0.7656,-0.05047,0.64134,8.8483,0,0,0,1
0.63618,0.023927,-0.77117,-3.4417,0.023927,0.99843,0.050717,1.0114,0.77117,-0.050717,0.63461,8.9536,0,0,0,1
0.62943,0.024314,-0.77668,-3.512,0.024314,0.9984,0.050959,1.0229,0.77668,-0.050959,0.62783,9.0594,0,0,0,1
0.62263,0.024702,-0.78213,-3.5831,0.024702,0.99838,0.051196,1.0345,0.78213,-0.051196,0.62101,9.1654,0,0,0,1
0.61578,0.025091,-0.78752,-3.6549,0.025091,0.99836,0.051427,1.0461,0.78752,-0.051427,0.61414,9.2718,0,0,0,1
0.60888,0.02548,-0.79285,-3.7275,0.02548,0.99834,0.051652,1.0578,0.79285,-0.051652,0.60722,9.3785,0,0,0,1
0.60194,0.025871,-0.79812,-3.8007,0.025871,0.99832,0.051872,1.0695,0.79812,-0.051872,0.60026,9.4856,0,0,0,1
0.59495,0.026262,-0.80333,-3.8746,0.026262,0.9983,0.052086,1.0812,0.80333,-0.052086,0.59325,9.593,0,0,0,1
0.58791,0.026654,-0.80848,-3.9493,0.026654,0.99828,0.052294,1.0929,0.80848,-0.052294,0.58619,9.7007,0,0,0,1
0.58084,0.027047,-0.81357,-4.0246,0.027047,0.99825,0.052497,1.1047,0.81357,-0.052497,0.57909,9.8088,0,0,0,1
0.57371,0.027441,-0.8186,-4.1007,0.027441,0.99823,0.052694,1.1165,0.8186,-0.052694,0.57195,9.9172,0,0,0,1
0.56655,0.027835,-0.82356,-4.1775,0.027835,0.99821,0.052886,1.1283,0.82356,-0.052886,0.56476,10.026,0,0,0,1
0.55934,0.028229,-0.82846,-4.255,0.028229,0.99819,0.053072,1.1402,0.82846,-0.053072,0.55753,10.135,0,0,0,1
0.55209,0.028625,-0.83329,-4.3332,0.028625,0.99817,0.053253,1.152,0.83329,-0.053253,0.55026,10.244,0,0,0,1
0.54479,0.02902,-0.83807,-4.4121,0.02902,0.99815,0.053428,1.164,0.83807,-0.053428,0.54294,10.354,0,0,0,1
0.53746,0.029416,-0.84278,-4.4918,0.029416,0.99813,0.053598,1.1759,0.84278,-0.053598,0.53559,10.464,0,0,0,1
0.53008,0.029812,-0.84742,-4.5721,0.029812,0.99811,0.053762,1.1879,0.84742,-0.053762,0.52819,10.575,0,0,0,1
0.52267,0.030209,-0.852,-4.6532,0.030209,0.99809,0.05392,1.1999,0.852,-0.05392,0.52076,10.685,0,0,0,1
0.51521,0.030605,-0.85652,-4.735,0.030605,0.99807,0.054073,1.2119,0.85652,-0.054073,0.51328,10.796,0,0,0,1
0.50772,0.031002,-0.86097,-4.8174,0.031002,0.99805,0.054221,1.224,0.86097,-0.054221,0.50576,10.908,0,0,0,1
0.50018,0.031399,-0.86535,-4.9006,0.031399,0.99803,0.054363,1.2361,0.86535,-0.054363,0.49821,11.02,0,0,0,1
0.50018,0.031399,-0.86535,-4.9006,0.031399,0.99803,0.054363,1.2361,0.86535,-0.054363,0.49821,11.02,0,0,0,1
0.50772,0.031002,-0.86097,-4.8174,0.031002,0.99805,0.054221,1.224,0.86097,-0.054221,0.50576,10.908,0,0,0,1
0.51521,0.030605,-0.85652,-4.735,0.030605,0.99807,0.054073,1.2119,0.85652,-0.054073,0.51328,10.796,0,0,0,1
0.52267,0.030209,-0.852,-4.6532,0.030209,0.99809,0.05392,1.1999,0.852,-0.05392,0.52076,10.685,0,0,0,1
0.53008,0.029812,-0.84742,-4.5721,0.029812,0.99811,0.053762,1.1879,0.84742,-0.053762,0.52819,10.575,0,0,0,1
0.53746,0.029416,-0.84278,-4.4918,0.029416,0.99813,0.053598,1.1759,0.84278,-0.053598,0.53559,10.464,0,0,0,1
0.54479,0.02902,-0.83807,-4.4121,0.02902,0.99815,0.053428,1.164,0.83807,-0.053428,0.54294,10.354,0,0,0,1
0.55209,0.028625,-0.83329,-4.3332,0.028625,0.99817,0.053253,1.152,0.83329,-0.053253,0.55026,10.244,0,0,0,1
0.55934,0.028229,-0.82846,-4.255,0.028229,0.99819,0.053072,1.1402,0.82846,-0.053072,0.55753,10.135,0,0,0,1
0.56655,0.027835,-0.82356,-4.1775,0.027835,0.99821,0.052886,1.1283,0.82356,-0.052886,0.56476,10.026,0,0,0,1
0.57371,0.027441,-0.8186,-4.1007,0.027441,0.99823,0.052694,1.1165,0.8186,-0.052694,0.57195,9.9172,0,0,0,1
0.58084,0.027047,-0.81357,-4.0246,0.027047,0.99825,0.052497,1.1047,0.81357,-0.052497,0.57909,9.8088,0,0,0,1
0.58791,0.026654,-0.80848,-3.9493,0.026654,0.99828,0.052294,1.0929,0.80848,-0.052294,0.58619,9.7007,0,0,0,1
0.59495,0.026262,-0.80333,-3.8746,0.026262,0.9983,0.052086,1.0812,0.80333,-0.052086,0.59325,9.593,0,0,0,1
0.60194,0.025871,-0.79812,-3.8007,0.025871,0.99832,0.051872,1.0695,0.79812,-0.051872,0.60026,9.4856,0,0,0,1
0.60888,0.02548,-0.79285,-3.7275,0.02548,0.99834,0.051652,1.0578,0.79285,-0.051652,0.60722,9.3785,0,0,0,1
0.61578,0.025091,-0.78752,-3.6549,0.025091,0.99836,0.051427,1.0461,0.78752,-0.051427,0.61414,9.2718,0,0,0,1
0.62263,0.024702,-0.78213,-3.5831,0.024702,0.99838,0.051196,1.0345,0.78213,-0.051196,0.62101,9.1654,0,0,0,1
0.62943,0.024314,-0.77668,-3.512,0.024314,0.9984,0.050959,1.0229,0.77668,-0.050959,0.62783,9.0594,0,0,0,1
0.63618,0.023927,-0.77117,-3.4417,0.023927,0.99843,0.050717,1.0114,0.77117,-0.050717,0.63461,8.9536,0,0,0,1
0.64289,0.023542,-0.7656,-3.372,0.023542,0.99845,0.05047,0.99986,0.7656,-0.05047,0.64134,8.8483,0,0,0,1
0.64954,0.023157,-0.75997,-3.303,0.023157,0.99847,0.050217,0.98837,0.75997,-0.050217,0.64801,8.7432,0,0,0,1
0.65615,0.022774,-0.75428,-3.2348,0.022774,0.99849,0.049958,0.9769,0.75428,-0.049958,0.65464,8.6385,0,0,0,1
0.66271,0.022392,-0.74854,-3.1673,0.022392,0.99851,0.049693,0.96547,0.74854,-0.049693,0.66122,8.5341,0,0,0,1
0.66922,0.022011,-0.74274,-3.1004,0.022011,0.99854,0.049424,0.95407,0.74274,-0.049424,0.66775,8.4301,0,0,0,1
0.67567,0.021632,-0.73688,-3.0343,0.021632,0.99856,0.049148,0.94269,0.73688,-0.049148,0.67423,8.3263,0,0,0,1
0.68208,0.021254,-0.73097,-2.9689,0.021254,0.99858,0.048867,0.93135,0.73097,-0.048867,0.68066,8.223,0,0,0,1
0.68843,0.020877,-0.725,-2.9042,0.020877,0.9986,0.04858,0.92004,0.725,-0.04858,0.68703,8.1199,0,0,0,1
0.69473,0.020502,-0.71898,-2.8403,0.020502,0.99862,0.048288,0.90875,0.71898,-0.048288,0.69336,8.0172,0,0,0,1
0.70098,0.020129,-0.7129,-2.777,0.020129,0.99864,0.04799,0.8975,0.7129,-0.04799,0.69963,7.9148,0,0,0,1
0.70718,0.019757,-0.70676,-2.7145,0.019757,0.99867,0.047687,0.88628,0.70676,-0.047687,0.70584,7.8128,0,0,0,1
0.71332,0.019388,-0.70057,-2.6526,0.019388,0.99869,0.047378,0.87508,0.70057,-0.047378,0.71201,7.7111,0,0,0,1
0.7194,0.019019,-0.69433,-2.5915,0.019019,0.99871,0.047063,0.86392,0.69433,-0.047063,0.71811,7.6097,0,0,0,1
0.72544,0.018653,-0.68804,-2.5311,0.018653,0.99873,0.046743,0.85279,0.68804,-0.046743,0.72417,7.5087,0,0,0,1
0.73141,0.018289,-0.68169,-2.4714,0.018289,0.99875,0.046418,0.84169,0.68169,-0.046418,0.73017,7.408,0,0,0,1
0.73733,0.017926,-0.67529,-2.4124,0.017926,0.99878,0.046087,0.83062,0.67529,-0.046087,0.73611,7.3076,0,0,0,1
0.7432,0.017566,-0.66884,-2.3541,0.017566,0.9988,0.04575,0.81958,0.66884,-0.04575,0.742,7.2076,0,0,0,1
0.74901,0.017207,-0.66234,-2.2965,0.017207,0.99882,0.045408,0.80856,0.66234,-0.045408,0.74783,7.1079,0,0,0,1
0.75476,0.016851,-0.65579,-2.2397,0.016851,0.99884,0.045061,0.79758,0.65579,-0.045061,0.7536,7.0085,0,0,0,1
0.76045,0.016497,-0.64918,-2.1835,0.016497,0.99886,0.044708,0.78663,0.64918,-0.044708,0.75932,6.9095,0,0,0,1
0.76609,0.016145,-0.64253,-2.1281,0.016145,0.99889,0.044349,0.77571,0.64253,-0.044349,0.76498,6.8108,0,0,0,1
0.77167,0.015795,-0.63583,-2.0734,0.015795,0.99891,0.043985,0.76482,0.63583,-0.043985,0.77058,6.7125,0,0,0,1
0.77719,0.015448,-0.62908,-2.0194,0.015448,0.99893,0.043616,0.75396,0.62908,-0.043616,0.77612,6.6144,0,0,0,1
0.78265,0.015103,-0.62228,-1.9661,0.015103,0.99895,0.043241,0.74313,0.62228,-0.043241,0.7816,6.5168,0,0,0,1
0.78805,0.014761,-0.61544,-1.9135,0.014761,0.99897,0.042861,0.73233,0.61544,-0.042861,0.78702,6.4194,0,0,0,1
0.79339,0.014421,-0.60854,-1.8616,0.014421,0.99899,0.042475,0.72156,0.60854,-0.042475,0.79238,6.3224,0,0,0,1
0.79867,0.014084,-0.6016,-1.8105,0.014084,0.99901,0.042084,0.71083,0.6016,-0.042084,0.79768,6.2257,0,0,0,1
0.80389,0.013749,-0.59462,-1.76,0.013749,0.99904,0.041687,0.70012,0.59462,-0.041687,0.80293,6.1294,0,0,0,1
0.80905,0.013417,-0.58759,-1.7103,0.013417,0.99906,0.041286,0.68944,0.58759,-0.041286,0.80811,6.0333,0,0,0,1
0.81415,0.013087,-0.58051,-1.6612,0.013087,0.99908,0.040878,0.67879,0.58051,-0.040878,0.81322,5.9377,0,0,0,1
0.81918,0.012761,-0.57339,-1.6129,0.012761,0.9991,0.040466,0.66817,0.57339,-0.040466,0.81828,5.8423,0,0,0,1
0.82415,0.012437,-0.56623,-1.5653,0.012437,0.99912,0.040048,0.65758,0.56623,-0.040048,0.82327,5.7473,0,0,0,1
0.82906,0.012117,-0.55902,-1.5184,0.012117,0.99914,0.039625,0.64703,0.55902,-0.039625,0.8282,5.6526,0,0,0,1
0.83391,0.011799,-0.55177,-1.4723,0.011799,0.99916,0.039197,0.6365,0.55177,-0.039197,0.83307,5.5583,0,0,0,1
0.83869,0.011484,-0.54448,-1.4268,0.011484,0.99918,0.038763,0.626,0.54448,-0.038763,0.83788,5.4643,0,0,0,1
0.84341,0.011172,-0.53715,-1.382,0.011172,0.9992,0.038324,0.61553,0.53715,-0.038324,0.84262,5.3706,0,0,0,1
0.84807,0.010864,-0.52978,-1.338,0.010864,0.99922,0.03788,0.6051,0.52978,-0.03788,0.84729,5.2773,0,0,0,1
0.85266,0.010558,-0.52236,-1.2947,0.010558,0.99924,0.037431,0.59469,0.52236,-0.037431,0.8519,5.1843,0,0,0,1
0.85719,0.010256,-0.51491,-1.2521,0.010256,0.99926,0.036977,0.58431,0.51491,-0.036977,0.85645,5.0916,0,0,0,1
0.86165,0.009957,-0.50741,-1.2102,0.009957,0.99928,0.036517,0.57397,0.50741,-0.036517,0.86093,4.9993,0,0,0,1
0.86604,0.0096615,-0.49988,-1.169,0.0096615,0.9993,0.036053,0.56365,0.49988,-0.036053,0.86534,4.9073,0,0,0,1
0.87037,0.0093693,-0.49231,-1.1285,0.0093693,0.99932,0.035583,0.55337,0.49231,-0.035583,0.86969,4.8156,0,0,0,1
0.87463,0.0090807,-0.4847,-1.0887,0.0090807,0.99934,0.035108,0.54311,0.4847,-0.035108,0.87398,4.7243,0,0,0,1
0.87883,0.0087955,-0.47705,-1.0496,0.0087955,0.99936,0.034628,0.53289,0.47705,-0.034628,0.87819,4.6333,0,0,0,1
0.88296,0.0085139,-0.46937,-1.0113,0.0085139,0.99938,0.034144,0.52269,0.46937,-0.034144,0.88234,4.5426,0,0,0,1
0.88702,0.0082359,-0.46165,-0.97366,0.0082359,0.9994,0.033654,0.51253,0.46165,-0.033654,0.88642,4.4523,0,0,0,1
0.89102,0.0079615,-0.4539,-0.93674,0.0079615,0.99942,0.033159,0.50239,0.4539,-0.033159,0.89044,4.3623,0,0,0,1
0.89494,0.0076909,-0.44611,-0.90053,0.0076909,0.99944,0.032659,0.49229,0.44611,-0.032659,0.89438,4.2727,0,0,0,1
0.8988,0.0074241,-0.43829,-0.86503,0.0074241,0.99946,0.032154,0.48221,0.43829,-0.032154,0.89826,4.1834,0,0,0,1
0.90259,0.0071611,-0.43043,-0.83024,0.0071611,0.99947,0.031645,0.47217,0.43043,-0.031645,0.90207,4.0944,0,0,0,1
0.90632,0.006902,-0.42254,-0.79616,0.006902,0.99949,0.03113,0.46215,0.42254,-0.03113,0.90581,4.0057,0,0,0,1
0.90997,0.0066469,-0.41462,-0.7628,0.0066469,0.99951,0.030611,0.45217,0.41462,-0.030611,0.90948,3.9174,0,0,0,1
0.91355,0.0063957,-0.40667,-0.73015,0.0063957,0.99953,0.030087,0.44222,0.40667,-0.030087,0.91308,3.8294,0,0,0,1
0.91707,0.0061486,-0.39869,-0.69821,0.0061486,0.99954,0.029558,0.43229,0.39869,-0.029558,0.91661,3.7418,0,0,0,1
0.92051,0.0059055,-0.39067,-0.66698,0.0059055,0.99956,0.029024,0.4224,0.39067,-0.029024,0.92007,3.6545,0,0,0,1
0.92388,0.0056666,-0.38263,-0.63646,0.0056666,0.99958,0.028486,0.41254,0.38263,-0.028486,0.92346,3.5675,0,0,0,1
0.92719,0.005432,-0.37455,-0.60666,0.005432,0.99959,0.027943,0.40271,0.37455,-0.027943,0.92678,3.4809,0,0,0,1
0.93042,0.0052015,-0.36645,-0.57756,0.0052015,0.99961,0.027395,0.3929,0.36645,-0.027395,0.93003,3.3945,0,0,0,1
0.93358,0.0049754,-0.35832,-0.54918,0.0049754,0.99963,0.026843,0.38313,0.35832,-0.026843,0.93321,3.3086,0,0,0,1
0.93668,0.0047536,-0.35016,-0.52151,0.0047536,0.99964,0.026286,0.37339,0.35016,-0.026286,0.93632,3.2229,0,0,0,1
0.9397,0.0045363,-0.34198,-0.49456,0.0045363,0.99966,0.025725,0.36368,0.34198,-0.025725,0.93935,3.1376,0,0,0,1
0.94264,0.0043234,-0.33377,-0.46831,0.0043234,0.99967,0.025159,0.354,0.33377,-0.025159,0.94232,3.0527,0,0,0,1
0.94552,0.004115,-0.32553,-0.44278,0.004115,0.99969,0.024589,0.34435,0.32553,-0.024589,0.94521,2.968,0,0,0,1
0.94833,0.0039111,-0.31727,-0.41796,0.0039111,0.9997,0.024014,0.33473,0.31727,-0.024014,0.94803,2.8837,0,0,0,1
0.95106,0.0037119,-0.30899,-0.39385,0.0037119,0.99972,0.023435,0.32514,0.30899,-0.023435,0.95078,2.7998,0,0,0,1
0.95372,0.0035173,-0.30068,-0.37045,0.0035173,0.99973,0.022851,0.31557,0.30068,-0.022851,0.95345,2.7161,0,0,0,1
0.95631,0.0033274,-0.29235,-0.34776,0.0033274,0.99975,0.022263,0.30604,0.29235,-0.022263,0.95605,2.6328,0,0,0,1
0.95882,0.0031423,-0.28399,-0.32579,0.0031423,0.99976,0.021671,0.29654,0.28399,-0.021671,0.95858,2.5499,0,0,0,1
0.96126,0.002962,-0.27562,-0.30453,0.002962,0.99977,0.021075,0.28707,0.27562,-0.021075,0.96104,2.4673,0,0,0,1
0.96363,0.0027865,-0.26722,-0.28398,0.0027865,0.99979,0.020474,0.27764,0.26722,-0.020474,0.96342,2.385,0,0,0,1
0.96593,0.0026159,-0.2588,-0.26414,0.0026159,0.9998,0.019869,0.26823,0.2588,-0.019869,0.96573,2.303,0,0,0,1
0.96815,0.0024503,-0.25036,-0.24501,0.0024503,0.99981,0.01926,0.25885,0.25036,-0.01926,0.96796,2.2214,0,0,0,1
0.9703,0.0022897,-0.24191,-0.2266,0.0022897,0.99982,0.018647,0.2495,0.24191,-0.018647,0.97012,2.1401,0,0,0,1
0.97237,0.0021341,-0.23343,-0.20889,0.0021341,0.99984,0.01803,0.24018,0.23343,-0.01803,0.97221,2.0592,0,0,0,1
0.97437,0.0019835,-0.22494,-0.1919,0.0019835,0.99985,0.017409,0.23089,0.22494,-0.017409,0.97422,1.9785,0,0,0,1
0.9763,0.0018382,-0.21643,-0.17562,0.0018382,0.99986,0.016784,0.22163,0.21643,-0.016784,0.97615,1.8983,0,0,0,1
0.97815,0.001698,-0.2079,-0.16005,0.001698,0.99987,0.016155,0.2124,0.2079,-0.016155,0.97802,1.8183,0,0,0,1
0.97993,0.001563,-0.19936,-0.1452,0.001563,0.99988,0.015522,0.20321,0.19936,-0.015522,0.9798,1.7387,0,0,0,1
0.98163,0.0014333,-0.1908,-0.13106,0.0014333,0.99989,0.014885,0.19404,0.1908,-0.014885,0.98152,1.6594,0,0,0,1
0.98326,0.0013089,-0.18223,-0.11762,0.0013089,0.9999,0.014245,0.1849,0.18223,-0.014245,0.98315,1.5805,0,0,0,1
0.98481,0.0011899,-0.17364,-0.1049,0.0011899,0.99991,0.0136,0.1758,0.17364,-0.0136,0.98471,1.5019,0,0,0,1
0.98629,0.0010763,-0.16504,-0.092896,0.0010763,0.99992,0.012952,0.16672,0.16504,-0.012952,0.9862,1.4236,0,0,0,1
0.98769,0.0009681,-0.15643,-0.0816,0.0009681,0.99992,0.012301,0.15767,0.15643,-0.012301,0.98761,1.3457,0,0,0,1
0.98902,0.00086542,-0.14781,-0.071016,0.00086542,0.99993,0.011646,0.14866,0.14781,-0.011646,0.98895,1.2681,0,0,0,1
0.99027,0.00076827,-0.13917,-0.061144,0.00076827,0.99994,0.010987,0.13967,0.13917,-0.010987,0.99021,1.1908,0,0,0,1
0.99144,0.0006767,-0.13052,-0.051983,0.0006767,0.99995,0.010324,0.13071,0.13052,-0.010324,0.99139,1.1139,0,0,0,1
0.99255,0.00059074,-0.12187,-0.043535,0.00059074,0.99995,0.0096585,0.12179,0.12187,-0.0096585,0.9925,1.0373,0,0,0,1
0.99357,0.00051045,-0.1132,-0.035798,0.00051045,0.99996,0.0089893,0.11289,0.1132,-0.0089893,0.99353,0.96099,0,0,0,1
0.99452,0.00043586,-0.10453,-0.028773,0.00043586,0.99997,0.0083166,0.10403,0.10453,-0.0083166,0.99449,0.88506,0,0,0,1
0.9954,0.00036701,-0.095845,-0.02246,0.00036701,0.99997,0.0076407,0.095191,0.095845,-0.0076407,0.99537,0.80946,0,0,0,1
0.99619,0.00030394,-0.087155,-0.016859,0.00030394,0.99998,0.0069614,0.086387,0.087155,-0.0069614,0.99617,0.7342,0,0,0,1
0.99692,0.0002467,-0.078459,-0.011969,0.0002467,0.99998,0.006279,0.077612,0.078459,-0.006279,0.9969,0.65927,0,0,0,1
0.99756,0.00019532,-0.069756,-0.0077921,0.00019532,0.99998,0.0055933,0.068867,0.069756,-0.0055933,0.99755,0.58468,0,0,0,1
0.99813,0.00014985,-0.061048,-0.0043265,0.00014985,0.99999,0.0049046,0.060153,0.061048,-0.0049046,0.99812,0.51042,0,0,0,1
0.99863,0.00011031,-0.052336,-0.0015728,0.00011031,0.99999,0.0042127,0.051469,0.052336,-0.0042127,0.99862,0.4365,0,0,0,1
0.99905,7.676e-05,-0.043619,0.00046898,7.676e-05,0.99999,0.0035179,0.042815,0.043619,-0.0035179,0.99904,0.36292,0,0,0,1
0.99939,4.9224e-05,-0.034899,0.0017989,4.9224e-05,1,0.00282,0.034192,0.034899,-0.00282,0.99939,0.28966,0,0,0,1
0.99966,2.7743e-05,-0.026177,0.002417,2.7743e-05,1,0.0021193,0.025599,0.026177,-0.0021193,0.99966,0.21675,0,0,0,1
0.99985,1.2354e-05,-0.017452,0.0023232,1.2354e-05,1,0.0014156,0.017036,0.017452,-0.0014156,0.99985,0.14416,0,0,0,1
0.99996,3.0945e-06,-0.0087265,0.0015175,3.0945e-06,1,0.0007092,0.0085027,0.0087265,-0.0007092,0.99996,0.071914,0,0,0,1
NaN,NaN,NaN,0,NaN,NaN,NaN,0,NaN,NaN,NaN,0,0,0,0,1
NaN,NaN,NaN,0,NaN,NaN,NaN,0,NaN,NaN,NaN,0,0,0,0,1
