0.64116,-0.0046916,0.7674,-3.4883,0.082411,0.99462,-0.062773,-0.14341,-0.76297,0.10349,0.63809,-6.6971,0,0,0,1
0.64673,-0.0047895,0.76271,-3.4297,0.081361,0.99471,-0.062743,-0.15074,-0.75837,0.10263,0.6437,-6.6464,0,0,0,1
0.65227,-0.004885,0.75797,-3.3715,0.080315,0.9948,-0.062703,-0.15792,-0.75372,0.10178,0.64926,-6.5955,0,0,0,1
0.65777,-0.004978,0.7532,-3.3139,0.079272,0.99488,-0.062653,-0.16495,-0.74904,0.10092,0.6548,-6.5447,0,0,0,1
0.66324,-0.0050685,0.74839,-3.2567,0.078232,0.99497,-0.062592,-0.17185,-0.74431,0.10006,0.6603,-6.4937,0,0,0,1
0.66867,-0.0051565,0.74354,-3.2,0.077195,0.99505,-0.062521,-0.1786,-0.73954,0.099204,0.66576,-6.4426,0,0,0,1
0.67407,-0.0052421,0.73865,-3.1439,0.076162,0.99514,-0.062441,-0.1852,-0.73473,0.098346,0.67119,-6.3915,0,0,0,1
0.67943,-0.0053252,0.73372,-3.0882,0.075132,0.99522,-0.06235,-0.19167,-0.72988,0.097489,0.67658,-6.3402,0,0,0,1
0.68476,-0.0054058,0.72875,-3.033,0.074106,0.99531,-0.062249,-0.19799,-0.725,0.096631,0.68194,-6.2889,0,0,0,1
0.69005,-0.0054841,0.72375,-2.9784,0.073084,0.99539,-0.062138,-0.20417,-0.72007,0.095772,0.68726,-6.2375,0,0,0,1
0.6953,-0.0055598,0.7187,-2.9242,0.072065,0.99547,-0.062018,-0.2102,-0.7151,0.094914,0.69255,-6.186,0,0,0,1
0.70052,-0.0056332,0.71362,-2.8705,0.07105,0.99555,-0.061887,-0.21609,-0.71009,0.094055,0.6978,-6.1344,0,0,0,1
0.70569,-0.0057041,0.70849,-2.8173,0.070039,0.99563,-0.061747,-0.22184,-0.70505,0.093196,0.70301,-6.0828,0,0,0,1
0.71084,-0.0057726,0.70333,-2.7646,0.069032,0.99571,-0.061596,-0.22745,-0.69996,0.092337,0.70819,-6.031,0,0,0,1
0.71594,-0.0058387,0.69814,-2.7125,0.068029,0.99579,-0.061436,-0.23291,-0.69484,0.091478,0.71332,-5.9792,0,0,0,1
0.72101,-0.0059024,0.6929,-2.6608,0.06703,0.99587,-0.061266,-0.23823,-0.68968,0.090619,0.71842,-5.9273,0,0,0,1
0.72604,-0.0059637,0.68763,-2.6096,0.066036,0.99595,-0.061087,-0.2434,-0.68448,0.089759,0.72349,-5.8753,0,0,0,1
0.73103,-0.0060226,0.68232,-2.5589,0.065046,0.99602,-0.060897,-0.24843,-0.67924,0.0889,0.72851,-5.8232,0,0,0,1
0.73598,-0.0060792,0.67698,-2.5087,0.06406,0.9961,-0.060698,-0.25332,-0.67397,0.08804,0.73349,-5.771,0,0,0,1
0.74089,-0.0061333,0.6716,-2.459,0.063079,0.99617,-0.06049,-0.25807,-0.66866,0.08718,0.73844,-5.7188,0,0,0,1
0.74576,-0.0061851,0.66618,-2.4098,0.062103,0.99625,-0.060272,-0.26267,-0.66331,0.08632,0.74335,-5.6664,0,0,0,1
0.7506,-0.0062345,0.66073,-2.3611,0.061131,0.99632,-0.060044,-0.26713,-0.65793,0.08546,0.74822,-5.614,0,0,0,1
0.75539,-0.0062815,0.65525,-2.3129,0.060164,0.9964,-0.059807,-0.27145,-0.65251,0.084599,0.75304,-5.5615,0,0,0,1
0.76014,-0.0063262,0.64973,-2.2651,0.059201,0.99647,-0.05956,-0.27562,-0.64705,0.083739,0.75783,-5.5089,0,0,0,1
0.76486,-0.0063685,0.64417,-2.2179,0.058244,0.99654,-0.059304,-0.27965,-0.64156,0.082878,0.76258,-5.4562,0,0,0,1
0.76953,-0.0064085,0.63858,-2.1712,0.057292,0.99661,-0.059039,-0.28354,-0.63604,0.082017,0.76729,-5.4034,0,0,0,1
0.77416,-0.0064462,0.63296,-2.125,0.056345,0.99668,-0.058764,-0.28728,-0.63048,0.081157,0.77195,-5.3506,0,0,0,1
0.77875,-0.0064815,0.6273,-2.0793,0.055403,0.99675,-0.05848,-0.29088,-0.62488,0.080296,0.77658,-5.2976,0,0,0,1
0.7833,-0.0065145,0.62161,-2.034,0.054466,0.99682,-0.058187,-0.29434,-0.61925,0.079434,0.78116,-5.2446,0,0,0,1
0.78781,-0.0065452,0.61588,-1.9893,0.053535,0.99689,-0.057885,-0.29766,-0.61359,0.078573,0.78571,-5.1915,0,0,0,1
0.79228,-0.0065735,0.61013,-1.9451,0.052609,0.99695,-0.057573,-0.30083,-0.60789,0.077712,0.79021,-5.1383,0,0,0,1
0.7967,-0.0065996,0.60434,-1.9013,0.051688,0.99702,-0.057253,-0.30386,-0.60216,0.07685,0.79467,-5.085,0,0,0,1
0.80108,-0.0066233,0.59852,-1.8581,0.050773,0.99709,-0.056923,-0.30674,-0.5964,0.075989,0.79909,-5.0316,0,0,0,1
0.80542,-0.0066447,0.59266,-1.8154,0.049864,0.99715,-0.056585,-0.30948,-0.5906,0.075127,0.80346,-4.9781,0,0,0,1
0.80972,-0.0066639,0.58678,-1.7731,0.04896,0.99722,-0.056237,-0.31208,-0.58477,0.074265,0.80779,-4.9246,0,0,0,1
0.81397,-0.0066807,0.58086,-1.7314,0.048063,0.99728,-0.055881,-0.31454,-0.57891,0.073404,0.81208,-4.871,0,0,0,1
0.81819,-0.0066953,0.57491,-1.6901,0.047171,0.99734,-0.055516,-0.31685,-0.57302,0.072542,0.81633,-4.8173,0,0,0,1
0.82235,-0.0067075,0.56894,-1.6494,0.046285,0.99741,-0.055142,-0.31902,-0.56709,0.07168,0.82053,-4.7635,0,0,0,1
0.82648,-0.0067175,0.56293,-1.6091,0.045405,0.99747,-0.05476,-0.32104,-0.56114,0.070817,0.82469,-4.7096,0,0,0,1
0.83056,-0.0067252,0.55689,-1.5693,0.044531,0.99753,-0.054368,-0.32293,-0.55515,0.069955,0.8288,-4.6556,0,0,0,1
0.83459,-0.0067307,0.55082,-1.5301,0.043664,0.99759,-0.053969,-0.32467,-0.54913,0.069093,0.83287,-4.6016,0,0,0,1
0.83859,-0.0067339,0.54473,-1.4913,0.042803,0.99765,-0.05356,-0.32626,-0.54308,0.068231,0.8369,-4.5474,0,0,0,1
0.84253,-0.0067348,0.5386,-1.4531,0.041948,0.99771,-0.053143,-0.32772,-0.53701,0.067368,0.84088,-4.4932,0,0,0,1
0.84644,-0.0067334,0.53245,-1.4153,0.041099,0.99776,-0.052718,-0.32903,-0.5309,0.066506,0.84482,-4.4389,0,0,0,1
0.8503,-0.0067298,0.52626,-1.378,0.040257,0.99782,-0.052284,-0.33019,-0.52476,0.065643,0.84871,-4.3845,0,0,0,1
0.85411,-0.006724,0.52005,-1.3412,0.039422,0.99788,-0.051842,-0.33122,-0.5186,0.06478,0.85256,-4.33,0,0,0,1
0.85788,-0.0067159,0.51381,-1.305,0.038593,0.99793,-0.051392,-0.3321,-0.51241,0.063918,0.85636,-4.2754,0,0,0,1
0.8616,-0.0067056,0.50755,-1.2692,0.037771,0.99799,-0.050934,-0.33284,-0.50618,0.063055,0.86012,-4.2208,0,0,0,1
0.86527,-0.006693,0.50125,-1.2339,0.036956,0.99804,-0.050467,-0.33343,-0.49993,0.062192,0.86383,-4.166,0,0,0,1
0.8689,-0.0066782,0.49493,-1.1991,0.036147,0.9981,-0.049993,-0.33388,-0.49366,0.061329,0.86749,-4.1112,0,0,0,1
0.87249,-0.0066611,0.48859,-1.1648,0.035346,0.99815,-0.04951,-0.33419,-0.48735,0.060466,0.87111,-4.0563,0,0,0,1
0.87603,-0.0066418,0.48222,-1.131,0.034551,0.9982,-0.049019,-0.33435,-0.48102,0.059603,0.87468,-4.0013,0,0,0,1
0.87952,-0.0066203,0.47582,-1.0977,0.033764,0.99825,-0.048521,-0.33438,-0.47466,0.05874,0.8782,-3.9462,0,0,0,1
0.88296,-0.0065966,0.46939,-1.0649,0.032983,0.9983,-0.048014,-0.33425,-0.46828,0.057877,0.88168,-3.891,0,0,0,1
0.88636,-0.0065707,0.46295,-1.0326,0.03221,0.99835,-0.0475,-0.33399,-0.46187,0.057014,0.88511,-3.8358,0,0,0,1
0.88971,-0.0065425,0.45647,-1.0008,0.031444,0.9984,-0.046978,-0.33358,-0.45544,0.056151,0.8885,-3.7805,0,0,0,1
0.89302,-0.0065121,0.44998,-0.96952,0.030686,0.99845,-0.046449,-0.33303,-0.44898,0.055287,0.89183,-3.725,0,0,0,1
0.89627,-0.0064795,0.44345,-0.93871,0.029934,0.9985,-0.045912,-0.33234,-0.44249,0.054424,0.89512,-3.6695,0,0,0,1
0.89948,-0.0064447,0.43691,-0.9084,0.029191,0.99854,-0.045367,-0.3315,-0.43598,0.053561,0.89836,-3.6139,0,0,0,1
0.90264,-0.0064077,0.43034,-0.87858,0.028455,0.99859,-0.044815,-0.33052,-0.42945,0.052697,0.90155,-3.5582,0,0,0,1
0.90576,-0.0063685,0.42375,-0.84927,0.027726,0.99864,-0.044256,-0.3294,-0.42289,0.051834,0.9047,-3.5025,0,0,0,1
0.90882,-0.006327,0.41713,-0.82045,0.027005,0.99868,-0.043689,-0.32813,-0.41631,0.05097,0.90779,-3.4466,0,0,0,1
0.91184,-0.0062834,0.4105,-0.79212,0.026292,0.99872,-0.043115,-0.32672,-0.4097,0.050107,0.91084,-3.3907,0,0,0,1
0.91481,-0.0062376,0.40384,-0.7643,0.025587,0.99877,-0.042534,-0.32517,-0.40308,0.049243,0.91384,-3.3347,0,0,0,1
0.91773,-0.0061896,0.39716,-0.73697,0.024889,0.99881,-0.041946,-0.32347,-0.39643,0.04838,0.91679,-3.2786,0,0,0,1
0.9206,-0.0061393,0.39046,-0.71013,0.024199,0.99885,-0.04135,-0.32163,-0.38976,0.047516,0.91969,-3.2224,0,0,0,1
0.92342,-0.0060869,0.38374,-0.6838,0.023518,0.99889,-0.040748,-0.31965,-0.38306,0.046652,0.92254,-3.1661,0,0,0,1
0.9262,-0.0060323,0.377,-0.65796,0.022844,0.99893,-0.040139,-0.31752,-0.37635,0.045789,0.92534,-3.1097,0,0,0,1
0.92892,-0.0059755,0.37023,-0.63262,0.022179,0.99897,-0.039523,-0.31525,-0.36962,0.044925,0.9281,-3.0533,0,0,0,1
0.93159,-0.0059165,0.36345,-0.60778,0.021521,0.99901,-0.0389,-0.31284,-0.36286,0.044061,0.9308,-2.9967,0,0,0,1
0.93422,-0.0058553,0.35665,-0.58343,0.020872,0.99905,-0.038271,-0.31029,-0.35609,0.043197,0.93345,-2.9401,0,0,0,1
0.9368,-0.005792,0.34983,-0.55958,0.020231,0.99909,-0.037635,-0.30759,-0.34929,0.042333,0.93606,-2.8834,0,0,0,1
0.93932,-0.0057264,0.34299,-0.53623,0.019598,0.99912,-0.036992,-0.30475,-0.34248,0.04147,0.93861,-2.8266,0,0,0,1
0.9418,-0.0056587,0.33613,-0.51338,0.018974,0.99916,-0.036343,-0.30176,-0.33564,0.040606,0.94111,-2.7697,0,0,0,1
0.94422,-0.0055888,0.32926,-0.49102,0.018359,0.99919,-0.035688,-0.29863,-0.32879,0.039742,0.94357,-2.7128,0,0,0,1
0.9466,-0.0055166,0.32236,-0.46916,0.017751,0.99923,-0.035026,-0.29536,-0.32192,0.038878,0.94597,-2.6557,0,0,0,1
0.94893,-0.0054424,0.31545,-0.44779,0.017153,0.99926,-0.034358,-0.29195,-0.31503,0.038014,0.94832,-2.5986,0,0,0,1
0.9512,-0.0053659,0.30852,-0.42693,0.016563,0.9993,-0.033684,-0.28839,-0.30813,0.03715,0.95062,-2.5414,0,0,0,1
0.95343,-0.0052872,0.30158,-0.40656,0.015981,0.99933,-0.033003,-0.28469,-0.3012,0.036286,0.95287,-2.4841,0,0,0,1
0.9556,-0.0052064,0.29462,-0.38669,0.015408,0.99936,-0.032317,-0.28085,-0.29426,0.035422,0.95507,-2.4267,0,0,0,1
0.95772,-0.0051233,0.28764,-0.36731,0.014845,0.99939,-0.031625,-0.27686,-0.28731,0.034558,0.95722,-2.3692,0,0,0,1
0.9598,-0.0050381,0.28065,-0.34843,0.014289,0.99942,-0.030927,-0.27273,-0.28033,0.033694,0.95931,-2.3116,0,0,0,1
0.96182,-0.0049507,0.27365,-0.33005,0.013743,0.99945,-0.030223,-0.26846,-0.27335,0.03283,0.96136,-2.254,0,0,0,1
0.96379,-0.0048612,0.26662,-0.31217,0.013206,0.99948,-0.029514,-0.26404,-0.26634,0.031966,0.96335,-2.1963,0,0,0,1
0.96571,-0.0047694,0.25959,-0.29479,0.012678,0.9995,-0.028798,-0.25948,-0.25932,0.031102,0.96529,-2.1384,0,0,0,1
0.96758,-0.0046754,0.25254,-0.2779,0.012158,0.99953,-0.028078,-0.25478,-0.25229,0.030238,0.96718,-2.0805,0,0,0,1
0.96939,-0.0045793,0.24548,-0.2615,0.011648,0.99956,-0.027352,-0.24993,-0.24524,0.029374,0.96902,-2.0225,0,0,0,1
0.97116,-0.004481,0.2384,-0.24561,0.011147,0.99958,-0.02662,-0.24495,-0.23818,0.02851,0.9708,-1.9645,0,0,0,1
0.97287,-0.0043805,0.23131,-0.23021,0.010655,0.99961,-0.025883,-0.23981,-0.23111,0.027645,0.97254,-1.9063,0,0,0,1
0.97453,-0.0042778,0.22421,-0.21531,0.010172,0.99963,-0.025141,-0.23454,-0.22402,0.026781,0.97422,-1.8481,0,0,0,1
0.97614,-0.0041729,0.2171,-0.20091,0.0096987,0.99966,-0.024394,-0.22912,-0.21692,0.025917,0.97584,-1.7897,0,0,0,1
0.9777,-0.0040659,0.20997,-0.187,0.0092346,0.99968,-0.023641,-0.22356,-0.20981,0.025053,0.97742,-1.7313,0,0,0,1
0.9792,-0.0039566,0.20284,-0.1736,0.0087797,0.9997,-0.022884,-0.21785,-0.20269,0.024189,0.97894,-1.6728,0,0,0,1
0.98066,-0.0038452,0.19569,-0.16068,0.0083343,0.99972,-0.022122,-0.21201,-0.19555,0.023325,0.98042,-1.6142,0,0,0,1
0.98206,-0.0037315,0.18853,-0.14827,0.0078983,0.99974,-0.021355,-0.20602,-0.1884,0.022461,0.98183,-1.5555,0,0,0,1
0.98341,-0.0036157,0.18137,-0.13635,0.0074718,0.99976,-0.020583,-0.19988,-0.18125,0.021597,0.9832,-1.4968,0,0,0,1
0.98471,-0.0034976,0.17419,-0.12493,0.0070549,0.99978,-0.019807,-0.1936,-0.17408,0.020733,0.98451,-1.4379,0,0,0,1
0.98595,-0.0033774,0.167,-0.11401,0.0066474,0.9998,-0.019026,-0.18718,-0.1669,0.019869,0.98577,-1.379,0,0,0,1
0.98714,-0.003255,0.15981,-0.10358,0.0062496,0.99981,-0.01824,-0.18062,-0.15972,0.019004,0.98698,-1.32,0,0,0,1
0.98828,-0.0031304,0.1526,-0.093655,0.0058615,0.99983,-0.01745,-0.17391,-0.15252,0.01814,0.98813,-1.2609,0,0,0,1
0.98937,-0.0030035,0.14539,-0.084224,0.005483,0.99985,-0.016656,-0.16706,-0.14532,0.017276,0.98923,-1.2017,0,0,0,1
0.9904,-0.0028745,0.13817,-0.075289,0.0051142,0.99986,-0.015858,-0.16007,-0.1381,0.016412,0.99028,-1.1424,0,0,0,1
0.99139,-0.0027432,0.13094,-0.066852,0.0047552,0.99988,-0.015055,-0.15293,-0.13088,0.015548,0.99128,-1.0831,0,0,0,1
0.99232,-0.0026098,0.1237,-0.058912,0.004406,0.99989,-0.014249,-0.14565,-0.12365,0.014684,0.99222,-1.0236,0,0,0,1
0.99319,-0.0024741,0.11646,-0.05147,0.0040666,0.9999,-0.013438,-0.13823,-0.11642,0.01382,0.9931,-0.9641,0,0,0,1
0.99402,-0.0023362,0.10922,-0.044524,0.0037371,0.99991,-0.012624,-0.13067,-0.10918,0.012956,0.99394,-0.90448,0,0,0,1
0.99479,-0.0021961,0.10196,-0.038076,0.0034175,0.99992,-0.011805,-0.12296,-0.10193,0.012092,0.99472,-0.84478,0,0,0,1
0.9955,-0.0020538,0.094702,-0.032124,0.0031078,0.99993,-0.010983,-0.1151,-0.094673,0.011228,0.99545,-0.785,0,0,0,1
0.99617,-0.0019092,0.087437,-0.02667,0.0028081,0.99994,-0.010158,-0.10711,-0.087413,0.010364,0.99612,-0.72513,0,0,0,1
0.99678,-0.0017625,0.080167,-0.021713,0.0025183,0.99995,-0.0093287,-0.098971,-0.080147,0.0095005,0.99674,-0.66517,0,0,0,1
0.99734,-0.0016135,0.072894,-0.017254,0.0022387,0.99996,-0.0084961,-0.09069,-0.072877,0.0086367,0.9973,-0.60513,0,0,0,1
0.99784,-0.0014622,0.065616,-0.013291,0.001969,0.99997,-0.0076601,-0.082265,-0.065603,0.0077728,0.99782,-0.545,0,0,0,1
0.9983,-0.0013087,0.058334,-0.0098256,0.0017095,0.99998,-0.0068209,-0.073697,-0.058324,0.006909,0.99827,-0.48479,0,0,0,1
0.9987,-0.001153,0.05105,-0.0068573,0.0014601,0.99998,-0.0059785,-0.064986,-0.051042,0.0060452,0.99868,-0.42449,0,0,0,1
0.99904,-0.00099506,0.043762,-0.0043862,0.0012209,0.99999,-0.005133,-0.056132,-0.043757,0.0051815,0.99903,-0.3641,0,0,0,1
0.99933,-0.00083486,0.036472,-0.0024123,0.00099178,0.99999,-0.0042845,-0.047134,-0.036468,0.0043178,0.99933,-0.30363,0,0,0,1
0.99957,-0.0006724,0.02918,-0.00093549,0.00077291,0.99999,-0.0034331,-0.037994,-0.029178,0.0034542,0.99957,-0.24308,0,0,0,1
0.99976,-0.00050769,0.021887,4.413e-05,0.00056427,1,-0.0025788,-0.02871,-0.021885,0.0025906,0.99976,-0.18244,0,0,0,1
0.99989,-0.00034073,0.014592,0.00052658,0.00036589,1,-0.0017218,-0.019283,-0.014591,0.001727,0.99989,-0.12171,0,0,0,1
0.99997,-0.0001715,0.0072962,0.00051187,0.00017779,1,-0.00086219,-0.0097132,-0.0072961,0.00086347,0.99997,-0.060898,0,0,0,1
NaN,NaN,NaN,0,NaN,NaN,NaN,0,NaN,NaN,NaN,0,0,0,0,1
0.99997,0.00017377,-0.0072964,-0.001009,-0.00016746,1,0.00086466,0.0098563,0.0072965,-0.00086341,0.99997,0.060983,0,0,0,1
0.99989,0.00034981,-0.014592,-0.0025152,-0.00032457,1,0.0017317,0.019856,0.014593,-0.0017268,0.99989,0.12205,0,0,0,1
0.99976,0.00052813,-0.021888,-0.0045186,-0.00047131,1,0.002601,0.029999,0.021889,-0.0025901,0.99976,0.18321,0,0,0,1
0.99957,0.00070873,-0.029182,-0.0070191,-0.00060765,0.99999,0.0034725,0.040284,0.029184,-0.0034533,0.99957,0.24445,0,0,0,1
0.99933,0.00089162,-0.036475,-0.010017,-0.00073358,0.99999,0.0043461,0.050713,0.036479,-0.0043165,0.99933,0.30577,0,0,0,1
0.99904,0.0010768,-0.043766,-0.013512,-0.00084907,0.99999,0.0052218,0.061285,0.043771,-0.0051796,0.99903,0.36718,0,0,0,1
0.9987,0.0012643,-0.051055,-0.017504,-0.00095411,0.99998,0.0060993,0.072001,0.051062,-0.0060426,0.99868,0.42868,0,0,0,1
0.9983,0.0014541,-0.058341,-0.021993,-0.0010487,0.99998,0.0069787,0.082859,0.05835,-0.0069056,0.99827,0.49026,0,0,0,1
0.99784,0.0016462,-0.065624,-0.026979,-0.0011328,0.99997,0.0078598,0.093861,0.065635,-0.0077685,0.99781,0.55193,0,0,0,1
0.99734,0.0018406,-0.072904,-0.032463,-0.0012063,0.99996,0.0087425,0.10501,0.072917,-0.0086313,0.9973,0.61368,0,0,0,1
0.99678,0.0020373,-0.08018,-0.038443,-0.0012694,0.99995,0.0096268,0.11629,0.080196,-0.009494,0.99673,0.67552,0,0,0,1
0.99617,0.0022363,-0.087452,-0.044921,-0.0013219,0.99994,0.010513,0.12772,0.08747,-0.010357,0.99611,0.73744,0,0,0,1
0.9955,0.0024377,-0.094719,-0.051896,-0.0013639,0.99993,0.0114,0.1393,0.094741,-0.011219,0.99544,0.79945,0,0,0,1
0.99478,0.0026414,-0.10198,-0.059368,-0.0013953,0.99992,0.012288,0.15102,0.10201,-0.012082,0.99471,0.86155,0,0,0,1
0.99401,0.0028474,-0.10924,-0.067338,-0.0014162,0.99991,0.013178,0.16288,0.10927,-0.012944,0.99393,0.92373,0,0,0,1
0.99319,0.0030558,-0.11649,-0.075804,-0.0014264,0.9999,0.014068,0.17488,0.11652,-0.013806,0.99309,0.98599,0,0,0,1
0.99231,0.0032665,-0.12373,-0.084768,-0.0014261,0.99989,0.01496,0.18703,0.12377,-0.014669,0.9922,1.0483,0,0,0,1
0.99138,0.0034796,-0.13097,-0.094229,-0.0014151,0.99987,0.015853,0.19932,0.13101,-0.015531,0.99126,1.1108,0,0,0,1
0.9904,0.0036951,-0.13821,-0.10419,-0.0013936,0.99986,0.016746,0.21175,0.13825,-0.016392,0.99026,1.1733,0,0,0,1
0.98936,0.0039129,-0.14543,-0.11464,-0.0013614,0.99984,0.01764,0.22433,0.14548,-0.017254,0.98921,1.2359,0,0,0,1
0.98827,0.0041331,-0.15265,-0.12559,-0.0013186,0.99983,0.018535,0.23705,0.1527,-0.018116,0.98811,1.2986,0,0,0,1
0.98713,0.0043557,-0.15986,-0.13704,-0.0012651,0.99981,0.01943,0.24991,0.15991,-0.018978,0.98695,1.3614,0,0,0,1
0.98594,0.0045806,-0.16706,-0.14899,-0.0012011,0.99979,0.020326,0.26292,0.16711,-0.019839,0.98574,1.4242,0,0,0,1
0.98469,0.0048079,-0.17425,-0.16143,-0.0011263,0.99977,0.021222,0.27606,0.17431,-0.0207,0.98447,1.4872,0,0,0,1
0.98339,0.0050377,-0.18143,-0.17437,-0.0010409,0.99975,0.022118,0.28936,0.1815,-0.021562,0.98316,1.5502,0,0,0,1
0.98204,0.0052698,-0.1886,-0.18781,-0.00094488,0.99973,0.023014,0.30279,0.18867,-0.022423,0.98178,1.6134,0,0,0,1
0.98064,0.0055044,-0.19576,-0.20175,-0.00083818,0.99971,0.023911,0.31637,0.19584,-0.023283,0.98036,1.6766,0,0,0,1
0.97918,0.0057413,-0.20292,-0.21618,-0.00072082,0.99969,0.024807,0.33009,0.203,-0.024144,0.97888,1.7399,0,0,0,1
0.97767,0.0059807,-0.21006,-0.23111,-0.0005928,0.99967,0.025703,0.34396,0.21014,-0.025005,0.97735,1.8032,0,0,0,1
0.97611,0.0062225,-0.21719,-0.24654,-0.00045411,0.99965,0.026599,0.35797,0.21728,-0.025865,0.97577,1.8667,0,0,0,1
0.9745,0.0064668,-0.22431,-0.26246,-0.00030477,0.99962,0.027495,0.37212,0.2244,-0.026725,0.97413,1.9302,0,0,0,1
0.97283,0.0067135,-0.23141,-0.27888,-0.00014476,0.9996,0.02839,0.38641,0.23151,-0.027586,0.97244,1.9939,0,0,0,1
0.97112,0.0069626,-0.23851,-0.2958,2.5901e-05,0.99957,0.029285,0.40085,0.23861,-0.028445,0.9707,2.0576,0,0,0,1
0.96935,0.0072142,-0.24559,-0.31322,0.00020722,0.99954,0.030179,0.41543,0.2457,-0.029305,0.9689,2.1214,0,0,0,1
0.96753,0.0074683,-0.25266,-0.33113,0.00039919,0.99952,0.031073,0.43015,0.25277,-0.030165,0.96706,2.1853,0,0,0,1
0.96565,0.0077248,-0.25972,-0.34954,0.0006018,0.99949,0.031966,0.44502,0.25983,-0.031024,0.96516,2.2493,0,0,0,1
0.96373,0.0079838,-0.26676,-0.36845,0.00081505,0.99946,0.032857,0.46003,0.26688,-0.031883,0.9632,2.3133,0,0,0,1
0.96176,0.0082453,-0.27379,-0.38785,0.0010389,0.99943,0.033748,0.47518,0.27391,-0.032742,0.9612,2.3775,0,0,0,1
0.95973,0.0085093,-0.2808,-0.40775,0.0012735,0.9994,0.034638,0.49048,0.28093,-0.033601,0.95914,2.4417,0,0,0,1
0.95765,0.0087758,-0.2878,-0.42815,0.0015186,0.99937,0.035527,0.50592,0.28793,-0.034459,0.95703,2.506,0,0,0,1
0.95552,0.0090448,-0.29478,-0.44904,0.0017743,0.99934,0.036414,0.5215,0.29491,-0.035318,0.95487,2.5704,0,0,0,1
0.95334,0.0093163,-0.30175,-0.47044,0.0020407,0.9993,0.0373,0.53723,0.30188,-0.036176,0.95266,2.6349,0,0,0,1
0.95111,0.0095903,-0.3087,-0.49233,0.0023176,0.99927,0.038185,0.5531,0.30884,-0.037033,0.95039,2.6995,0,0,0,1
0.94883,0.0098668,-0.31563,-0.51471,0.0026052,0.99923,0.039068,0.56911,0.31578,-0.037891,0.94808,2.7642,0,0,0,1
0.9465,0.010146,-0.32255,-0.5376,0.0029032,0.9992,0.039949,0.58526,0.3227,-0.038748,0.94571,2.8289,0,0,0,1
0.94411,0.010428,-0.32945,-0.56098,0.0032119,0.99916,0.040829,0.60156,0.3296,-0.039605,0.94329,2.8937,0,0,0,1
0.94168,0.010712,-0.33634,-0.58486,0.0035311,0.99912,0.041707,0.618,0.33649,-0.040462,0.94082,2.9587,0,0,0,1
0.9392,0.010998,-0.3432,-0.60923,0.0038608,0.99909,0.042583,0.63459,0.34336,-0.041319,0.9383,3.0237,0,0,0,1
0.93666,0.011288,-0.35005,-0.63411,0.004201,0.99905,0.043457,0.65132,0.3502,-0.042175,0.93572,3.0887,0,0,0,1
0.93408,0.01158,-0.35688,-0.65948,0.0045518,0.99901,0.044328,0.66819,0.35704,-0.043031,0.9331,3.1539,0,0,0,1
0.93145,0.011874,-0.36369,-0.68534,0.004913,0.99897,0.045198,0.6852,0.36385,-0.043886,0.93042,3.2192,0,0,0,1
0.92876,0.012171,-0.37048,-0.71171,0.0052846,0.99892,0.046065,0.70236,0.37064,-0.044742,0.9277,3.2845,0,0,0,1
0.92603,0.012471,-0.37725,-0.73857,0.0056668,0.99888,0.04693,0.71966,0.37741,-0.045597,0.92492,3.35,0,0,0,1
0.92325,0.012773,-0.384,-0.76593,0.0060593,0.99884,0.047793,0.73711,0.38416,-0.046451,0.9221,3.4155,0,0,0,1
0.92041,0.013078,-0.39073,-0.79378,0.0064623,0.99879,0.048653,0.75469,0.39089,-0.047306,0.91922,3.4811,0,0,0,1
0.91753,0.013385,-0.39743,-0.82214,0.0068756,0.99875,0.04951,0.77242,0.3976,-0.04816,0.91629,3.5468,0,0,0,1
0.9146,0.013695,-0.40412,-0.85099,0.0072993,0.9987,0.050365,0.7903,0.40429,-0.049013,0.91332,3.6125,0,0,0,1
0.91162,0.014008,-0.41079,-0.88034,0.0077333,0.99866,0.051216,0.80831,0.41095,-0.049867,0.91029,3.6784,0,0,0,1
0.9086,0.014323,-0.41743,-0.91018,0.0081777,0.99861,0.052065,0.82647,0.4176,-0.05072,0.90722,3.7443,0,0,0,1
0.90552,0.014641,-0.42405,-0.94052,0.0086324,0.99856,0.052911,0.84478,0.42422,-0.051572,0.90409,3.8104,0,0,0,1
0.90239,0.014962,-0.43065,-0.97136,0.0090973,0.99851,0.053754,0.86322,0.43082,-0.052425,0.90092,3.8765,0,0,0,1
0.89922,0.015285,-0.43723,-1.0027,0.0095725,0.99846,0.054593,0.88181,0.43739,-0.053276,0.89769,3.9427,0,0,0,1
0.896,0.015611,-0.44378,-1.0345,0.010058,0.99841,0.055429,0.90054,0.44394,-0.054128,0.89442,4.009,0,0,0,1
0.89273,0.01594,-0.45031,-1.0669,0.010553,0.99836,0.056262,0.91942,0.45047,-0.054979,0.8911,4.0753,0,0,0,1
0.88941,0.016271,-0.45682,-1.0997,0.011059,0.99831,0.057091,0.93844,0.45697,-0.05583,0.88773,4.1418,0,0,0,1
0.88605,0.016606,-0.4633,-1.133,0.011575,0.99825,0.057917,0.9576,0.46345,-0.05668,0.88431,4.2083,0,0,0,1
0.88264,0.016942,-0.46975,-1.1668,0.012101,0.9982,0.058739,0.9769,0.4699,-0.057529,0.88084,4.275,0,0,0,1
0.87918,0.017282,-0.47618,-1.2012,0.012637,0.99814,0.059557,0.99635,0.47633,-0.058379,0.87733,4.3417,0,0,0,1
0.87567,0.017624,-0.48259,-1.236,0.013183,0.99809,0.060371,1.0159,0.48273,-0.059228,0.87376,4.4085,0,0,0,1
0.87212,0.017969,-0.48897,-1.2713,0.013739,0.99803,0.061182,1.0357,0.48911,-0.060076,0.87015,4.4754,0,0,0,1
0.86852,0.018317,-0.49532,-1.3071,0.014306,0.99797,0.061989,1.0556,0.49545,-0.060924,0.8665,4.5423,0,0,0,1
0.86487,0.018667,-0.50165,-1.3434,0.014882,0.99792,0.062791,1.0756,0.50178,-0.061771,0.86279,4.6094,0,0,0,1
0.86118,0.01902,-0.50795,-1.3802,0.015468,0.99786,0.063589,1.0957,0.50807,-0.062618,0.85904,4.6765,0,0,0,1
0.85744,0.019376,-0.51422,-1.4175,0.016063,0.9978,0.064383,1.116,0.51434,-0.063465,0.85524,4.7438,0,0,0,1
0.85365,0.019735,-0.52047,-1.4553,0.016669,0.99773,0.065173,1.1365,0.52057,-0.06431,0.85139,4.8111,0,0,0,1
0.84982,0.020097,-0.52668,-1.4936,0.017285,0.99767,0.065958,1.1571,0.52678,-0.065156,0.8475,4.8785,0,0,0,1
0.84595,0.020461,-0.53287,-1.5324,0.01791,0.99761,0.066738,1.1778,0.53297,-0.066001,0.84356,4.9459,0,0,0,1
0.84203,0.020828,-0.53903,-1.5717,0.018545,0.99755,0.067514,1.1987,0.53912,-0.066845,0.83957,5.0135,0,0,0,1
0.83806,0.021198,-0.54517,-1.6115,0.01919,0.99748,0.068285,1.2197,0.54524,-0.067689,0.83554,5.0812,0,0,0,1
0.83405,0.021571,-0.55127,-1.6518,0.019844,0.99742,0.069051,1.2409,0.55133,-0.068532,0.83147,5.1489,0,0,0,1
0.82999,0.021946,-0.55734,-1.6925,0.020508,0.99735,0.069813,1.2622,0.5574,-0.069374,0.82734,5.2167,0,0,0,1
0.82589,0.022325,-0.56338,-1.7338,0.021181,0.99728,0.070569,1.2837,0.56343,-0.070216,0.82318,5.2846,0,0,0,1
0.82175,0.022706,-0.5694,-1.7756,0.021865,0.99721,0.071321,1.3053,0.56943,-0.071057,0.81896,5.3526,0,0,0,1
0.81756,0.02309,-0.57538,-1.8179,0.022557,0.99714,0.072067,1.327,0.5754,-0.071898,0.8147,5.4207,0,0,0,1
0.81333,0.023477,-0.58133,-1.8606,0.023259,0.99707,0.072808,1.3489,0.58134,-0.072738,0.8104,5.4889,0,0,0,1
0.80905,0.023867,-0.58725,-1.9039,0.023971,0.997,0.073544,1.3709,0.58725,-0.073578,0.80606,5.5571,0,0,0,1
0.80473,0.024259,-0.59314,-1.9477,0.024691,0.99693,0.074274,1.3931,0.59312,-0.074416,0.80167,5.6255,0,0,0,1
0.80037,0.024655,-0.599,-1.9919,0.025421,0.99686,0.074999,1.4154,0.59897,-0.075254,0.79723,5.6939,0,0,0,1
0.79597,0.025053,-0.60482,-2.0367,0.026161,0.99679,0.075718,1.4378,0.60478,-0.076092,0.79275,5.7624,0,0,0,1
0.79152,0.025455,-0.61062,-2.082,0.026909,0.99671,0.076432,1.4604,0.61055,-0.076928,0.78823,5.831,0,0,0,1
0.78703,0.025859,-0.61638,-2.1277,0.027667,0.99664,0.077139,1.4832,0.6163,-0.077764,0.78367,5.8997,0,0,0,1
0.7825,0.026266,-0.6221,-2.174,0.028434,0.99656,0.077841,1.5061,0.62201,-0.078599,0.77906,5.9685,0,0,0,1
0.77792,0.026676,-0.6278,-2.2207,0.02921,0.99648,0.078537,1.5291,0.62768,-0.079434,0.77441,6.0373,0,0,0,1
0.77331,0.027089,-0.63345,-2.268,0.029995,0.99641,0.079228,1.5523,0.63332,-0.080268,0.76971,6.1062,0,0,0,1
0.76865,0.027505,-0.63908,-2.3157,0.030789,0.99633,0.079912,1.5756,0.63893,-0.0811,0.76498,6.1753,0,0,0,1
0.76395,0.027924,-0.64467,-2.3639,0.031592,0.99625,0.080589,1.599,0.6445,-0.081933,0.7602,6.2444,0,0,0,1
0.75921,0.028346,-0.65023,-2.4127,0.032404,0.99617,0.081261,1.6226,0.65004,-0.082764,0.75538,6.3136,0,0,0,1
0.75443,0.028771,-0.65575,-2.4619,0.033224,0.99608,0.081926,1.6464,0.65554,-0.083594,0.75052,6.3828,0,0,0,1
0.74961,0.029198,-0.66124,-2.5116,0.034054,0.996,0.082585,1.6703,0.661,-0.084424,0.74562,6.4522,0,0,0,1
0.74475,0.029629,-0.66669,-2.5619,0.034892,0.99592,0.083238,1.6943,0.66643,-0.085253,0.74067,6.5217,0,0,0,1
0.73985,0.030063,-0.6721,-2.6126,0.035738,0.99583,0.083884,1.7185,0.67182,-0.086081,0.73569,6.5912,0,0,0,1
0.73491,0.030499,-0.67748,-2.6638,0.036594,0.99575,0.084523,1.7428,0.67718,-0.086908,0.73067,6.6608,0,0,0,1
0.72993,0.030939,-0.68282,-2.7155,0.037458,0.99566,0.085155,1.7672,0.6825,-0.087734,0.7256,6.7305,0,0,0,1
0.72491,0.031382,-0.68813,-2.7677,0.03833,0.99558,0.085781,1.7918,0.68778,-0.08856,0.7205,6.8003,0,0,0,1
0.71985,0.031827,-0.6934,-2.8205,0.039211,0.99549,0.0864,1.8166,0.69302,-0.089384,0.71536,6.8702,0,0,0,1
0.71475,0.032276,-0.69863,-2.8737,0.0401,0.9954,0.087012,1.8415,0.69822,-0.090207,0.71017,6.9402,0,0,0,1
0.70962,0.032728,-0.70382,-2.9274,0.040997,0.99531,0.087617,1.8665,0.70339,-0.09103,0.70495,7.0102,0,0,0,1
0.70445,0.033183,-0.70898,-2.9816,0.041903,0.99522,0.088215,1.8917,0.70852,-0.091851,0.69969,7.0803,0,0,0,1
0.69924,0.03364,-0.7141,-3.0363,0.042817,0.99513,0.088806,1.917,0.71361,-0.092672,0.69439,7.1506,0,0,0,1
0.69399,0.034101,-0.71918,-3.0915,0.043739,0.99504,0.089389,1.9424,0.71866,-0.093491,0.68905,7.2209,0,0,0,1
0.6887,0.034565,-0.72422,-3.1472,0.044669,0.99494,0.089965,1.9681,0.72367,-0.09431,0.68368,7.2913,0,0,0,1
0.68338,0.035032,-0.72922,-3.2034,0.045608,0.99485,0.090534,1.9938,0.72864,-0.095127,0.67826,7.3617,0,0,0,1
0.67802,0.035502,-0.73418,-3.2601,0.046554,0.99475,0.091095,2.0197,0.73356,-0.095944,0.67281,7.4323,0,0,0,1
0.67263,0.035975,-0.73911,-3.3173,0.047508,0.99466,0.091649,2.0457,0.73845,-0.096759,0.66733,7.5029,0,0,0,1
0.6672,0.036452,-0.74399,-3.3749,0.04847,0.99456,0.092195,2.0719,0.7433,-0.097573,0.6618,7.5737,0,0,0,1
0.66173,0.036931,-0.74883,-3.4331,0.049439,0.99446,0.092734,2.0982,0.74811,-0.098386,0.65624,7.6445,0,0,0,1
0.65623,0.037413,-0.75363,-3.4918,0.050417,0.99436,0.093264,2.1247,0.75288,-0.099198,0.65064,7.7154,0,0,0,1
0.65069,0.037899,-0.7584,-3.551,0.051401,0.99426,0.093787,2.1513,0.7576,-0.10001,0.64501,7.7864,0,0,0,1
0.64512,0.038387,-0.76312,-3.6107,0.052394,0.99416,0.094302,2.178,0.76228,-0.10082,0.63934,7.8575,0,0,0,1
0.63951,0.038879,-0.7678,-3.6708,0.053394,0.99406,0.094809,2.2049,0.76693,-0.10163,0.63364,7.9286,0,0,0,1
0.63951,0.038879,-0.7678,-3.6708,0.053394,0.99406,0.094809,2.2049,0.76693,-0.10163,0.63364,7.9286,0,0,0,1
0.64512,0.038387,-0.76312,-3.6107,0.052394,0.99416,0.094302,2.178,0.76228,-0.10082,0.63934,7.8575,0,0,0,1
0.65069,0.037899,-0.7584,-3.551,0.051401,0.99426,0.093787,2.1513,0.7576,-0.10001,0.64501,7.7864,0,0,0,1
0.65623,0.037413,-0.75363,-3.4918,0.050417,0.99436,0.093264,2.1247,0.75288,-0.099198,0.65064,7.7154,0,0,0,1
0.66173,0.036931,-0.74883,-3.4331,0.049439,0.99446,0.092734,2.0982,0.74811,-0.098386,0.65624,7.6445,0,0,0,1
0.6672,0.036452,-0.74399,-3.3749,0.04847,0.99456,0.092195,2.0719,0.7433,-0.097573,0.6618,7.5737,0,0,0,1
0.67263,0.035975,-0.73911,-3.3173,0.047508,0.99466,0.091649,2.0457,0.73845,-0.096759,0.66733,7.5029,0,0,0,1
0.67802,0.035502,-0.73418,-3.2601,0.046554,0.99475,0.091095,2.0197,0.73356,-0.095944,0.67281,7.4323,0,0,0,1
0.68338,0.035032,-0.72922,-3.2034,0.045608,0.99485,0.090534,1.9938,0.72864,-0.095127,0.67826,7.3617,0,0,0,1
0.6887,0.034565,-0.72422,-3.1472,0.044669,0.99494,0.089965,1.9681,0.72367,-0.09431,0.68368,7.2913,0,0,0,1
0.69399,0.034101,-0.71918,-3.0915,0.043739,0.99504,0.089389,1.9424,0.71866,-0.093491,0.68905,7.2209,0,0,0,1
0.69924,0.03364,-0.7141,-3.0363,0.042817,0.99513,0.088806,1.917,0.71361,-0.092672,0.69439,7.1506,0,0,0,1
0.70445,0.033183,-0.70898,-2.9816,0.041903,0.99522,0.088215,1.8917,0.70852,-0.091851,0.69969,7.0803,0,0,0,1
0.70962,0.032728,-0.70382,-2.9274,0.040997,0.99531,0.087617,1.8665,0.70339,-0.09103,0.70495,7.0102,0,0,0,1
0.71475,0.032276,-0.69863,-2.8737,0.0401,0.9954,0.087012,1.8415,0.69822,-0.090207,0.71017,6.9402,0,0,0,1
0.71985,0.031827,-0.6934,-2.8205,0.039211,0.99549,0.0864,1.8166,0.69302,-0.089384,0.71536,6.8702,0,0,0,1
0.72491,0.031382,-0.68813,-2.7677,0.03833,0.99558,0.085781,1.7918,0.68778,-0.08856,0.7205,6.8003,0,0,0,1
0.72993,0.030939,-0.68282,-2.7155,0.037458,0.99566,0.085155,1.7672,0.6825,-0.087734,0.7256,6.7305,0,0,0,1
0.73491,0.030499,-0.67748,-2.6638,0.036594,0.99575,0.084523,1.7428,0.67718,-0.086908,0.73067,6.6608,0,0,0,1
0.73985,0.030063,-0.6721,-2.6126,0.035738,0.99583,0.083884,1.7185,0.67182,-0.086081,0.73569,6.5912,0,0,0,1
0.74475,0.029629,-0.66669,-2.5619,0.034892,0.99592,0.083238,1.6943,0.66643,-0.085253,0.74067,6.5217,0,0,0,1
0.74961,0.029198,-0.66124,-2.5116,0.034054,0.996,0.082585,1.6703,0.661,-0.084424,0.74562,6.4522,0,0,0,1
0.75443,0.028771,-0.65575,-2.4619,0.033224,0.99608,0.081926,1.6464,0.65554,-0.083594,0.75052,6.3828,0,0,0,1
0.75921,0.028346,-0.65023,-2.4127,0.032404,0.99617,0.081261,1.6226,0.65004,-0.082764,0.75538,6.3136,0,0,0,1
0.76395,0.027924,-0.64467,-2.3639,0.031592,0.99625,0.080589,1.599,0.6445,-0.081933,0.7602,6.2444,0,0,0,1
0.76865,0.027505,-0.63908,-2.3157,0.030789,0.99633,0.079912,1.5756,0.63893,-0.0811,0.76498,6.1753,0,0,0,1
0.77331,0.027089,-0.63345,-2.268,0.029995,0.99641,0.079228,1.5523,0.63332,-0.080268,0.76971,6.1062,0,0,0,1
0.77792,0.026676,-0.6278,-2.2207,0.02921,0.99648,0.078537,1.5291,0.62768,-0.079434,0.77441,6.0373,0,0,0,1
0.7825,0.026266,-0.6221,-2.174,0.028434,0.99656,0.077841,1.5061,0.62201,-0.078599,0.77906,5.9685,0,0,0,1
0.78703,0.025859,-0.61638,-2.1277,0.027667,0.99664,0.077139,1.4832,0.6163,-0.077764,0.78367,5.8997,0,0,0,1
0.79152,0.025455,-0.61062,-2.082,0.026909,0.99671,0.076432,1.4604,0.61055,-0.076928,0.78823,5.831,0,0,0,1
0.79597,0.025053,-0.60482,-2.0367,0.026161,0.99679,0.075718,1.4378,0.60478,-0.076092,0.79275,5.7624,0,0,0,1
0.80037,0.024655,-0.599,-1.9919,0.025421,0.99686,0.074999,1.4154,0.59897,-0.075254,0.79723,5.6939,0,0,0,1
0.80473,0.024259,-0.59314,-1.9477,0.024691,0.99693,0.074274,1.3931,0.59312,-0.074416,0.80167,5.6255,0,0,0,1
0.80905,0.023867,-0.58725,-1.9039,0.023971,0.997,0.073544,1.3709,0.58725,-0.073578,0.80606,5.5571,0,0,0,1
0.81333,0.023477,-0.58133,-1.8606,0.023259,0.99707,0.072808,1.3489,0.58134,-0.072738,0.8104,5.4889,0,0,0,1
0.81756,0.02309,-0.57538,-1.8179,0.022557,0.99714,0.072067,1.327,0.5754,-0.071898,0.8147,5.4207,0,0,0,1
0.82175,0.022706,-0.5694,-1.7756,0.021865,0.99721,0.071321,1.3053,0.56943,-0.071057,0.81896,5.3526,0,0,0,1
0.82589,0.022325,-0.56338,-1.7338,0.021181,0.99728,0.070569,1.2837,0.56343,-0.070216,0.82318,5.2846,0,0,0,1
0.82999,0.021946,-0.55734,-1.6925,0.020508,0.99735,0.069813,1.2622,0.5574,-0.069374,0.82734,5.2167,0,0,0,1
0.83405,0.021571,-0.55127,-1.6518,0.019844,0.99742,0.069051,1.2409,0.55133,-0.068532,0.83147,5.1489,0,0,0,1
0.83806,0.021198,-0.54517,-1.6115,0.01919,0.99748,0.068285,1.2197,0.54524,-0.067689,0.83554,5.0812,0,0,0,1
0.84203,0.020828,-0.53903,-1.5717,0.018545,0.99755,0.067514,1.1987,0.53912,-0.066845,0.83957,5.0135,0,0,0,1
0.84595,0.020461,-0.53287,-1.5324,0.01791,0.99761,0.066738,1.1778,0.53297,-0.066001,0.84356,4.9459,0,0,0,1
0.84982,0.020097,-0.52668,-1.4936,0.017285,0.99767,0.065958,1.1571,0.52678,-0.065156,0.8475,4.8785,0,0,0,1
0.85365,0.019735,-0.52047,-1.4553,0.016669,0.99773,0.065173,1.1365,0.52057,-0.06431,0.85139,4.8111,0,0,0,1
0.85744,0.019376,-0.51422,-1.4175,0.016063,0.9978,0.064383,1.116,0.51434,-0.063465,0.85524,4.7438,0,0,0,1
0.86118,0.01902,-0.50795,-1.3802,0.015468,0.99786,0.063589,1.0957,0.50807,-0.062618,0.85904,4.6765,0,0,0,1
0.86487,0.018667,-0.50165,-1.3434,0.014882,0.99792,0.062791,1.0756,0.50178,-0.061771,0.86279,4.6094,0,0,0,1
0.86852,0.018317,-0.49532,-1.3071,0.014306,0.99797,0.061989,1.0556,0.49545,-0.060924,0.8665,4.5423,0,0,0,1
0.87212,0.017969,-0.48897,-1.2713,0.013739,0.99803,0.061182,1.0357,0.48911,-0.060076,0.87015,4.4754,0,0,0,1
0.87567,0.017624,-0.48259,-1.236,0.013183,0.99809,0.060371,1.0159,0.48273,-0.059228,0.87376,4.4085,0,0,0,1
0.87918,0.017282,-0.47618,-1.2012,0.012637,0.99814,0.059557,0.99635,0.47633,-0.058379,0.87733,4.3417,0,0,0,1
0.88264,0.016942,-0.46975,-1.1668,0.012101,0.9982,0.058739,0.9769,0.4699,-0.057529,0.88084,4.275,0,0,0,1
0.88605,0.016606,-0.4633,-1.133,0.011575,0.99825,0.057917,0.9576,0.46345,-0.05668,0.88431,4.2083,0,0,0,1
0.88941,0.016271,-0.45682,-1.0997,0.011059,0.99831,0.057091,0.93844,0.45697,-0.05583,0.88773,4.1418,0,0,0,1
0.89273,0.01594,-0.45031,-1.0669,0.010553,0.99836,0.056262,0.91942,0.45047,-0.054979,0.8911,4.0753,0,0,0,1
0.896,0.015611,-0.44378,-1.0345,0.010058,0.99841,0.055429,0.90054,0.44394,-0.054128,0.89442,4.009,0,0,0,1
0.89922,0.015285,-0.43723,-1.0027,0.0095725,0.99846,0.054593,0.88181,0.43739,-0.053276,0.89769,3.9427,0,0,0,1
0.90239,0.014962,-0.43065,-0.97136,0.0090973,0.99851,0.053754,0.86322,0.43082,-0.052425,0.90092,3.8765,0,0,0,1
0.90552,0.014641,-0.42405,-0.94052,0.0086324,0.99856,0.052911,0.84478,0.42422,-0.051572,0.90409,3.8104,0,0,0,1
0.9086,0.014323,-0.41743,-0.91018,0.0081777,0.99861,0.052065,0.82647,0.4176,-0.05072,0.90722,3.7443,0,0,0,1
0.91162,0.014008,-0.41079,-0.88034,0.0077333,0.99866,0.051216,0.80831,0.41095,-0.049867,0.91029,3.6784,0,0,0,1
0.9146,0.013695,-0.40412,-0.85099,0.0072993,0.9987,0.050365,0.7903,0.40429,-0.049013,0.91332,3.6125,0,0,0,1
0.91753,0.013385,-0.39743,-0.82214,0.0068756,0.99875,0.04951,0.77242,0.3976,-0.04816,0.91629,3.5468,0,0,0,1
0.92041,0.013078,-0.39073,-0.79378,0.0064623,0.99879,0.048653,0.75469,0.39089,-0.047306,0.91922,3.4811,0,0,0,1
0.92325,0.012773,-0.384,-0.76593,0.0060593,0.99884,0.047793,0.73711,0.38416,-0.046451,0.9221,3.4155,0,0,0,1
0.92603,0.012471,-0.37725,-0.73857,0.0056668,0.99888,0.04693,0.71966,0.37741,-0.045597,0.92492,3.35,0,0,0,1
0.92876,0.012171,-0.37048,-0.71171,0.0052846,0.99892,0.046065,0.70236,0.37064,-0.044742,0.9277,3.2845,0,0,0,1
0.93145,0.011874,-0.36369,-0.68534,0.004913,0.99897,0.045198,0.6852,0.36385,-0.043886,0.93042,3.2192,0,0,0,1
0.93408,0.01158,-0.35688,-0.65948,0.0045518,0.99901,0.044328,0.66819,0.35704,-0.043031,0.9331,3.1539,0,0,0,1
0.93666,0.011288,-0.35005,-0.63411,0.004201,0.99905,0.043457,0.65132,0.3502,-0.042175,0.93572,3.0887,0,0,0,1
0.9392,0.010998,-0.3432,-0.60923,0.0038608,0.99909,0.042583,0.63459,0.34336,-0.041319,0.9383,3.0237,0,0,0,1
0.94168,0.010712,-0.33634,-0.58486,0.0035311,0.99912,0.041707,0.618,0.33649,-0.040462,0.94082,2.9587,0,0,0,1
0.94411,0.010428,-0.32945,-0.56098,0.0032119,0.99916,0.040829,0.60156,0.3296,-0.039605,0.94329,2.8937,0,0,0,1
0.9465,0.010146,-0.32255,-0.5376,0.0029032,0.9992,0.039949,0.58526,0.3227,-0.038748,0.94571,2.8289,0,0,0,1
0.94883,0.0098668,-0.31563,-0.51471,0.0026052,0.99923,0.039068,0.56911,0.31578,-0.037891,0.94808,2.7642,0,0,0,1
0.95111,0.0095903,-0.3087,-0.49233,0.0023176,0.99927,0.038185,0.5531,0.30884,-0.037033,0.95039,2.6995,0,0,0,1
0.95334,0.0093163,-0.30175,-0.47044,0.0020407,0.9993,0.0373,0.53723,0.30188,-0.036176,0.95266,2.6349,0,0,0,1
0.95552,0.0090448,-0.29478,-0.44904,0.0017743,0.99934,0.036414,0.5215,0.29491,-0.035318,0.95487,2.5704,0,0,0,1
0.95765,0.0087758,-0.2878,-0.42815,0.0015186,0.99937,0.035527,0.50592,0.28793,-0.034459,0.95703,2.506,0,0,0,1
0.95973,0.0085093,-0.2808,-0.40775,0.0012735,0.9994,0.034638,0.49048,0.28093,-0.033601,0.95914,2.4417,0,0,0,1
0.96176,0.0082453,-0.27379,-0.38785,0.0010389,0.99943,0.033748,0.47518,0.27391,-0.032742,0.9612,2.3775,0,0,0,1
0.96373,0.0079838,-0.26676,-0.36845,0.00081505,0.99946,0.032857,0.46003,0.26688,-0.031883,0.9632,2.3133,0,0,0,1
0.96565,0.0077248,-0.25972,-0.34954,0.0006018,0.99949,0.031966,0.44502,0.25983,-0.031024,0.96516,2.2493,0,0,0,1
0.96753,0.0074683,-0.25266,-0.33113,0.00039919,0.99952,0.031073,0.43015,0.25277,-0.030165,0.96706,2.1853,0,0,0,1
0.96935,0.0072142,-0.24559,-0.31322,0.00020722,0.99954,0.030179,0.41543,0.2457,-0.029305,0.9689,2.1214,0,0,0,1
0.97112,0.0069626,-0.23851,-0.2958,2.5901e-05,0.99957,0.029285,0.40085,0.23861,-0.028445,0.9707,2.0576,0,0,0,1
0.97283,0.0067135,-0.23141,-0.27888,-0.00014476,0.9996,0.02839,0.38641,0.23151,-0.027586,0.97244,1.9939,0,0,0,1
0.9745,0.0064668,-0.22431,-0.26246,-0.00030477,0.99962,0.027495,0.37212,0.2244,-0.026725,0.97413,1.9302,0,0,0,1
0.97611,0.0062225,-0.21719,-0.24654,-0.00045411,0.99965,0.026599,0.35797,0.21728,-0.025865,0.97577,1.8667,0,0,0,1
0.97767,0.0059807,-0.21006,-0.23111,-0.0005928,0.99967,0.025703,0.34396,0.21014,-0.025005,0.97735,1.8032,0,0,0,1
0.97918,0.0057413,-0.20292,-0.21618,-0.00072082,0.99969,0.024807,0.33009,0.203,-0.024144,0.97888,1.7399,0,0,0,1
0.98064,0.0055044,-0.19576,-0.20175,-0.00083818,0.99971,0.023911,0.31637,0.19584,-0.023283,0.98036,1.6766,0,0,0,1
0.98204,0.0052698,-0.1886,-0.18781,-0.00094488,0.99973,0.023014,0.30279,0.18867,-0.022423,0.98178,1.6134,0,0,0,1
0.98339,0.0050377,-0.18143,-0.17437,-0.0010409,0.99975,0.022118,0.28936,0.1815,-0.021562,0.98316,1.5502,0,0,0,1
0.98469,0.0048079,-0.17425,-0.16143,-0.0011263,0.99977,0.021222,0.27606,0.17431,-0.0207,0.98447,1.4872,0,0,0,1
0.98594,0.0045806,-0.16706,-0.14899,-0.0012011,0.99979,0.020326,0.26292,0.16711,-0.019839,0.98574,1.4242,0,0,0,1
0.98713,0.0043557,-0.15986,-0.13704,-0.0012651,0.99981,0.01943,0.24991,0.15991,-0.018978,0.98695,1.3614,0,0,0,1
0.98827,0.0041331,-0.15265,-0.12559,-0.0013186,0.99983,0.018535,0.23705,0.1527,-0.018116,0.98811,1.2986,0,0,0,1
0.98936,0.0039129,-0.14543,-0.11464,-0.0013614,0.99984,0.01764,0.22433,0.14548,-0.017254,0.98921,1.2359,0,0,0,1
0.9904,0.0036951,-0.13821,-0.10419,-0.0013936,0.99986,0.016746,0.21175,0.13825,-0.016392,0.99026,1.1733,0,0,0,1
0.99138,0.0034796,-0.13097,-0.094229,-0.0014151,0.99987,0.015853,0.19932,0.13101,-0.015531,0.99126,1.1108,0,0,0,1
0.99231,0.0032665,-0.12373,-0.084768,-0.0014261,0.99989,0.01496,0.18703,0.12377,-0.014669,0.9922,1.0483,0,0,0,1
0.99319,0.0030558,-0.11649,-0.075804,-0.0014264,0.9999,0.014068,0.17488,0.11652,-0.013806,0.99309,0.98599,0,0,0,1
0.99401,0.0028474,-0.10924,-0.067338,-0.0014162,0.99991,0.013178,0.16288,0.10927,-0.012944,0.99393,0.92373,0,0,0,1
0.99478,0.0026414,-0.10198,-0.059368,-0.0013953,0.99992,0.012288,0.15102,0.10201,-0.012082,0.99471,0.86155,0,0,0,1
0.9955,0.0024377,-0.094719,-0.051896,-0.0013639,0.99993,0.0114,0.1393,0.094741,-0.011219,0.99544,0.79945,0,0,0,1
0.99617,0.0022363,-0.087452,-0.044921,-0.0013219,0.99994,0.010513,0.12772,0.08747,-0.010357,0.99611,0.73744,0,0,0,1
0.99678,0.0020373,-0.08018,-0.038443,-0.0012694,0.99995,0.0096268,0.11629,0.080196,-0.009494,0.99673,0.67552,0,0,0,1
0.99734,0.0018406,-0.072904,-0.032463,-0.0012063,0.99996,0.0087425,0.10501,0.072917,-0.0086313,0.9973,0.61368,0,0,0,1
0.99784,0.0016462,-0.065624,-0.026979,-0.0011328,0.99997,0.0078598,0.093861,0.065635,-0.0077685,0.99781,0.55193,0,0,0,1
0.9983,0.0014541,-0.058341,-0.021993,-0.0010487,0.99998,0.0069787,0.082859,0.05835,-0.0069056,0.99827,0.49026,0,0,0,1
0.9987,0.0012643,-0.051055,-0.017504,-0.00095411,0.99998,0.0060993,0.072001,0.051062,-0.0060426,0.99868,0.42868,0,0,0,1
0.99904,0.0010768,-0.043766,-0.013512,-0.00084907,0.99999,0.0052218,0.061285,0.043771,-0.0051796,0.99903,0.36718,0,0,0,1
0.99933,0.00089162,-0.036475,-0.010017,-0.00073358,0.99999,0.0043461,0.050713,0.036479,-0.0043165,0.99933,0.30577,0,0,0,1
0.99957,0.00070873,-0.029182,-0.0070191,-0.00060765,0.99999,0.0034725,0.040284,0.029184,-0.0034533,0.99957,0.24445,0,0,0,1
0.99976,0.00052813,-0.021888,-0.0045186,-0.00047131,1,0.002601,0.029999,0.021889,-0.0025901,0.99976,0.18321,0,0,0,1
0.99989,0.00034981,-0.014592,-0.0025152,-0.00032457,1,0.0017317,0.019856,0.014593,-0.0017268,0.99989,0.12205,0,0,0,1
0.99997,0.00017377,-0.0072964,-0.001009,-0.00016746,1,0.00086466,0.0098563,0.0072965,-0.00086341,0.99997,0.060983,0,0,0,1
