0.84834,-0.0462,0.52743,-2.7169,0.074162,0.99673,-0.031977,0.11691,-0.52423,0.066242,0.849,-3.0203,0,0,0,1
0.85092,-0.045569,0.52331,-2.6791,0.073062,0.99681,-0.032003,0.10885,-0.52018,0.065466,0.85154,-3.0007,0,0,0,1
0.85348,-0.04494,0.51918,-2.6416,0.07197,0.99689,-0.032021,0.10092,-0.51613,0.064695,0.85407,-2.981,0,0,0,1
0.85602,-0.044314,0.51504,-2.6043,0.070884,0.99697,-0.032033,0.093097,-0.51206,0.063929,0.85657,-2.9612,0,0,0,1
0.85853,-0.043691,0.51089,-2.5673,0.069805,0.99705,-0.032037,0.085396,-0.50799,0.063168,0.85905,-2.9413,0,0,0,1
0.86102,-0.043072,0.50674,-2.5306,0.068733,0.99712,-0.032034,0.077815,-0.5039,0.062412,0.8615,-2.9213,0,0,0,1
0.86349,-0.042455,0.50257,-2.4941,0.067668,0.99719,-0.032025,0.070353,-0.4998,0.061661,0.86394,-2.9012,0,0,0,1
0.86594,-0.041841,0.4984,-2.4578,0.06661,0.99727,-0.032008,0.063009,-0.4957,0.060915,0.86636,-2.881,0,0,0,1
0.86836,-0.041231,0.49422,-2.4218,0.065559,0.99734,-0.031985,0.055785,-0.49158,0.060174,0.86875,-2.8608,0,0,0,1
0.87076,-0.040624,0.49003,-2.3861,0.064515,0.99741,-0.031954,0.04868,-0.48746,0.059439,0.87112,-2.8404,0,0,0,1
0.87314,-0.04002,0.48583,-2.3506,0.063478,0.99747,-0.031917,0.041694,-0.48333,0.058708,0.87347,-2.82,0,0,0,1
0.87549,-0.039419,0.48162,-2.3154,0.062448,0.99754,-0.031874,0.034827,-0.47918,0.057982,0.8758,-2.7994,0,0,0,1
0.87782,-0.038821,0.47741,-2.2804,0.061426,0.9976,-0.031823,0.028079,-0.47503,0.057261,0.8781,-2.7788,0,0,0,1
0.88013,-0.038227,0.47319,-2.2457,0.060411,0.99767,-0.031767,0.02145,-0.47087,0.056544,0.88039,-2.758,0,0,0,1
0.88242,-0.037636,0.46896,-2.2112,0.059403,0.99773,-0.031703,0.01494,-0.4667,0.055833,0.88265,-2.7372,0,0,0,1
0.88468,-0.037049,0.46472,-2.177,0.058403,0.99779,-0.031633,0.0085496,-0.46252,0.055126,0.88489,-2.7163,0,0,0,1
0.88692,-0.036465,0.46048,-2.1431,0.05741,0.99785,-0.031557,0.0022778,-0.45834,0.054424,0.88711,-2.6953,0,0,0,1
0.88914,-0.035885,0.45622,-2.1094,0.056424,0.99791,-0.031474,-0.0038749,-0.45414,0.053727,0.88931,-2.6742,0,0,0,1
0.89134,-0.035308,0.45196,-2.0759,0.055446,0.99797,-0.031385,-0.0099086,-0.44994,0.053034,0.89148,-2.653,0,0,0,1
0.89351,-0.034734,0.4477,-2.0427,0.054475,0.99802,-0.03129,-0.015823,-0.44573,0.052346,0.89364,-2.6317,0,0,0,1
0.89566,-0.034165,0.44342,-2.0098,0.053512,0.99808,-0.031189,-0.021619,-0.44151,0.051663,0.89577,-2.6103,0,0,0,1
0.89779,-0.033598,0.43914,-1.9771,0.052557,0.99813,-0.031081,-0.027295,-0.43728,0.050984,0.89788,-2.5888,0,0,0,1
0.89989,-0.033036,0.43486,-1.9447,0.051609,0.99819,-0.030967,-0.032853,-0.43305,0.05031,0.89997,-2.5672,0,0,0,1
0.90198,-0.032477,0.43056,-1.9125,0.050668,0.99824,-0.030848,-0.038291,-0.4288,0.04964,0.90203,-2.5456,0,0,0,1
0.90404,-0.031922,0.42626,-1.8806,0.049736,0.99829,-0.030722,-0.043611,-0.42455,0.048975,0.90408,-2.5238,0,0,0,1
0.90607,-0.031371,0.42196,-1.8489,0.048811,0.99834,-0.030591,-0.048811,-0.42029,0.048314,0.9061,-2.5019,0,0,0,1
0.90809,-0.030823,0.41764,-1.8175,0.047894,0.99839,-0.030454,-0.053893,-0.41603,0.047657,0.9081,-2.48,0,0,0,1
0.91008,-0.030279,0.41332,-1.7863,0.046985,0.99844,-0.03031,-0.058855,-0.41176,0.047005,0.91008,-2.458,0,0,0,1
0.91205,-0.029739,0.409,-1.7554,0.046083,0.99848,-0.030162,-0.063698,-0.40748,0.046357,0.91204,-2.4358,0,0,0,1
0.914,-0.029203,0.40467,-1.7248,0.04519,0.99853,-0.030007,-0.068422,-0.40319,0.045713,0.91397,-2.4136,0,0,0,1
0.91592,-0.028671,0.40033,-1.6944,0.044304,0.99857,-0.029847,-0.073027,-0.3989,0.045074,0.91589,-2.3913,0,0,0,1
0.91782,-0.028143,0.39599,-1.6642,0.043426,0.99862,-0.029681,-0.077514,-0.3946,0.044439,0.91778,-2.3689,0,0,0,1
0.9197,-0.027619,0.39164,-1.6343,0.042557,0.99866,-0.02951,-0.081881,-0.3903,0.043808,0.91965,-2.3464,0,0,0,1
0.92156,-0.027099,0.38728,-1.6047,0.041695,0.9987,-0.029334,-0.086129,-0.38599,0.043181,0.92149,-2.3237,0,0,0,1
0.9234,-0.026583,0.38293,-1.5753,0.040841,0.99874,-0.029152,-0.090258,-0.38167,0.042558,0.92332,-2.3011,0,0,0,1
0.92521,-0.026071,0.37856,-1.5462,0.039996,0.99878,-0.028965,-0.094267,-0.37734,0.041939,0.92512,-2.2783,0,0,0,1
0.927,-0.025563,0.37419,-1.5173,0.039158,0.99882,-0.028772,-0.098158,-0.37301,0.041324,0.9269,-2.2554,0,0,0,1
0.92877,-0.02506,0.36982,-1.4887,0.038329,0.99886,-0.028574,-0.10193,-0.36868,0.040714,0.92866,-2.2324,0,0,0,1
0.93051,-0.02456,0.36544,-1.4604,0.037507,0.99889,-0.028372,-0.10558,-0.36434,0.040107,0.9304,-2.2093,0,0,0,1
0.93223,-0.024065,0.36105,-1.4323,0.036694,0.99893,-0.028164,-0.10912,-0.35999,0.039504,0.93212,-2.1862,0,0,0,1
0.93393,-0.023574,0.35667,-1.4044,0.03589,0.99896,-0.027951,-0.11253,-0.35564,0.038905,0.93381,-2.1629,0,0,0,1
0.93561,-0.023087,0.35227,-1.3768,0.035093,0.999,-0.027733,-0.11583,-0.35128,0.03831,0.93549,-2.1396,0,0,0,1
0.93727,-0.022604,0.34787,-1.3495,0.034305,0.99903,-0.02751,-0.119,-0.34692,0.037718,0.93714,-2.1161,0,0,0,1
0.9389,-0.022126,0.34347,-1.3224,0.033525,0.99907,-0.027283,-0.12206,-0.34255,0.03713,0.93877,-2.0926,0,0,0,1
0.94051,-0.021652,0.33907,-1.2955,0.032753,0.9991,-0.02705,-0.125,-0.33818,0.036547,0.94037,-2.069,0,0,0,1
0.9421,-0.021183,0.33466,-1.2689,0.03199,0.99913,-0.026813,-0.12782,-0.3338,0.035966,0.94196,-2.0452,0,0,0,1
0.94367,-0.020718,0.33024,-1.2426,0.031235,0.99916,-0.026571,-0.13052,-0.32941,0.03539,0.94352,-2.0214,0,0,0,1
0.94521,-0.020257,0.32583,-1.2165,0.030488,0.99919,-0.026325,-0.1331,-0.32503,0.034817,0.94506,-1.9975,0,0,0,1
0.94674,-0.019801,0.3214,-1.1907,0.02975,0.99922,-0.026074,-0.13556,-0.32064,0.034247,0.94658,-1.9735,0,0,0,1
0.94824,-0.019349,0.31698,-1.1652,0.029021,0.99925,-0.025819,-0.13791,-0.31624,0.033681,0.94808,-1.9494,0,0,0,1
0.94971,-0.018902,0.31255,-1.1399,0.0283,0.99927,-0.025559,-0.14013,-0.31184,0.033119,0.94956,-1.9252,0,0,0,1
0.95117,-0.018459,0.30812,-1.1148,0.027587,0.9993,-0.025295,-0.14224,-0.30743,0.03256,0.95101,-1.901,0,0,0,1
0.9526,-0.018021,0.30368,-1.09,0.026883,0.99933,-0.025026,-0.14422,-0.30303,0.032004,0.95244,-1.8766,0,0,0,1
0.95401,-0.017587,0.29924,-1.0654,0.026188,0.99935,-0.024754,-0.14609,-0.29861,0.031452,0.95386,-1.8521,0,0,0,1
0.9554,-0.017158,0.2948,-1.0412,0.025501,0.99938,-0.024477,-0.14784,-0.2942,0.030903,0.95525,-1.8275,0,0,0,1
0.95677,-0.016734,0.29036,-1.0171,0.024822,0.9994,-0.024196,-0.14947,-0.28978,0.030357,0.95661,-1.8029,0,0,0,1
0.95812,-0.016314,0.28591,-0.99333,0.024153,0.99942,-0.023911,-0.15098,-0.28535,0.029815,0.95796,-1.7781,0,0,0,1
0.95944,-0.015899,0.28146,-0.9698,0.023492,0.99944,-0.023622,-0.15237,-0.28093,0.029276,0.95928,-1.7533,0,0,0,1
0.96074,-0.015489,0.27701,-0.94652,0.02284,0.99947,-0.023329,-0.15364,-0.2765,0.02874,0.96058,-1.7284,0,0,0,1
0.96202,-0.015083,0.27255,-0.9235,0.022196,0.99949,-0.023032,-0.15479,-0.27206,0.028207,0.96187,-1.7033,0,0,0,1
0.96328,-0.014683,0.26809,-0.90073,0.021561,0.99951,-0.022732,-0.15583,-0.26763,0.027677,0.96312,-1.6782,0,0,0,1
0.96452,-0.014286,0.26363,-0.87822,0.020935,0.99953,-0.022427,-0.15674,-0.26319,0.02715,0.96436,-1.653,0,0,0,1
0.96573,-0.013895,0.25917,-0.85596,0.020318,0.99955,-0.022119,-0.15754,-0.25875,0.026627,0.96558,-1.6277,0,0,0,1
0.96692,-0.013509,0.25471,-0.83395,0.019709,0.99957,-0.021807,-0.15821,-0.2543,0.026106,0.96677,-1.6023,0,0,0,1
0.9681,-0.013127,0.25024,-0.8122,0.019109,0.99959,-0.021492,-0.15877,-0.24985,0.025588,0.96795,-1.5768,0,0,0,1
0.96924,-0.01275,0.24577,-0.79071,0.018518,0.9996,-0.021173,-0.15921,-0.2454,0.025073,0.9691,-1.5512,0,0,0,1
0.97037,-0.012378,0.2413,-0.76947,0.017936,0.99962,-0.020851,-0.15953,-0.24095,0.024561,0.97023,-1.5255,0,0,0,1
0.97148,-0.012011,0.23683,-0.74848,0.017363,0.99964,-0.020525,-0.15973,-0.2365,0.024052,0.97133,-1.4997,0,0,0,1
0.97256,-0.011649,0.23235,-0.72774,0.016799,0.99965,-0.020196,-0.15981,-0.23204,0.023545,0.97242,-1.4739,0,0,0,1
0.97362,-0.011292,0.22788,-0.70726,0.016243,0.99967,-0.019864,-0.15977,-0.22758,0.023042,0.97349,-1.4479,0,0,0,1
0.97466,-0.01094,0.2234,-0.68704,0.015697,0.99969,-0.019529,-0.15962,-0.22312,0.022541,0.97453,-1.4219,0,0,0,1
0.97568,-0.010593,0.21893,-0.66707,0.015159,0.9997,-0.01919,-0.15934,-0.21866,0.022042,0.97555,-1.3957,0,0,0,1
0.97668,-0.01025,0.21445,-0.64735,0.014631,0.99972,-0.018848,-0.15895,-0.21419,0.021546,0.97655,-1.3695,0,0,0,1
0.97766,-0.0099132,0.20997,-0.62789,0.014111,0.99973,-0.018504,-0.15843,-0.20973,0.021053,0.97753,-1.3431,0,0,0,1
0.97861,-0.009581,0.20549,-0.60868,0.0136,0.99974,-0.018156,-0.1578,-0.20526,0.020562,0.97849,-1.3167,0,0,0,1
0.97955,-0.0092538,0.20101,-0.58973,0.013098,0.99976,-0.017805,-0.15705,-0.20079,0.020074,0.97943,-1.2902,0,0,0,1
0.98046,-0.0089318,0.19652,-0.57103,0.012606,0.99977,-0.017452,-0.15618,-0.19632,0.019588,0.98034,-1.2636,0,0,0,1
0.98135,-0.0086148,0.19204,-0.55258,0.012122,0.99978,-0.017096,-0.15519,-0.19185,0.019105,0.98124,-1.2368,0,0,0,1
0.98222,-0.0083029,0.18756,-0.53439,0.011647,0.99979,-0.016737,-0.15408,-0.18738,0.018624,0.98211,-1.21,0,0,0,1
0.98307,-0.0079962,0.18307,-0.51646,0.011182,0.9998,-0.016375,-0.15285,-0.18291,0.018145,0.98296,-1.1831,0,0,0,1
0.98389,-0.0076946,0.17859,-0.49878,0.010725,0.99981,-0.016011,-0.1515,-0.17843,0.017669,0.98379,-1.1562,0,0,0,1
0.9847,-0.0073981,0.1741,-0.48135,0.010278,0.99982,-0.015644,-0.15004,-0.17396,0.017194,0.9846,-1.1291,0,0,0,1
0.98548,-0.0071068,0.16962,-0.46417,0.0098394,0.99983,-0.015275,-0.14845,-0.16948,0.016722,0.98539,-1.1019,0,0,0,1
0.98625,-0.0068208,0.16513,-0.44725,0.0094102,0.99984,-0.014903,-0.14675,-0.16501,0.016252,0.98616,-1.0746,0,0,0,1
0.98699,-0.0065399,0.16065,-0.43059,0.00899,0.99985,-0.014529,-0.14492,-0.16053,0.015785,0.9869,-1.0473,0,0,0,1
0.98771,-0.0062642,0.15616,-0.41418,0.0085789,0.99986,-0.014153,-0.14298,-0.15605,0.015319,0.98763,-1.0198,0,0,0,1
0.98841,-0.0059937,0.15168,-0.39802,0.008177,0.99987,-0.013775,-0.14092,-0.15158,0.014855,0.98833,-0.99226,0,0,0,1
0.98909,-0.0057285,0.14719,-0.38212,0.0077843,0.99988,-0.013394,-0.13874,-0.1471,0.014394,0.98902,-0.96461,0,0,0,1
0.98975,-0.0054686,0.14271,-0.36647,0.0074007,0.99989,-0.013011,-0.13644,-0.14262,0.013934,0.98968,-0.93688,0,0,0,1
0.99039,-0.0052139,0.13823,-0.35108,0.0070262,0.9999,-0.012626,-0.13402,-0.13815,0.013476,0.99032,-0.90904,0,0,0,1
0.991,-0.0049646,0.13374,-0.33594,0.006661,0.9999,-0.012239,-0.13148,-0.13367,0.01302,0.99094,-0.88112,0,0,0,1
0.9916,-0.0047205,0.12926,-0.32105,0.0063049,0.99991,-0.01185,-0.12883,-0.12919,0.012566,0.99154,-0.8531,0,0,0,1
0.99217,-0.0044818,0.12478,-0.30642,0.005958,0.99992,-0.01146,-0.12605,-0.12472,0.012114,0.99212,-0.82499,0,0,0,1
0.99273,-0.0042483,0.1203,-0.29205,0.0056203,0.99992,-0.011067,-0.12316,-0.12024,0.011663,0.99268,-0.79679,0,0,0,1
0.99326,-0.0040203,0.11582,-0.27792,0.0052918,0.99993,-0.010673,-0.12014,-0.11577,0.011214,0.99321,-0.76849,0,0,0,1
0.99377,-0.0037975,0.11134,-0.26406,0.0049725,0.99993,-0.010277,-0.11701,-0.1113,0.010767,0.99373,-0.7401,0,0,0,1
0.99427,-0.0035802,0.10687,-0.25044,0.0046625,0.99994,-0.0098793,-0.11376,-0.10682,0.010321,0.99422,-0.71162,0,0,0,1
0.99474,-0.0033682,0.10239,-0.23708,0.0043616,0.99995,-0.0094802,-0.11039,-0.10235,0.0098769,0.9947,-0.68304,0,0,0,1
0.99519,-0.0031616,0.097916,-0.22398,0.0040701,0.99995,-0.0090794,-0.1069,-0.097882,0.0094343,0.99515,-0.65437,0,0,0,1
0.99562,-0.0029604,0.093443,-0.21113,0.0037877,0.99996,-0.0086773,-0.10329,-0.093413,0.0089932,0.99559,-0.62561,0,0,0,1
0.99603,-0.0027646,0.088971,-0.19853,0.0035146,0.99996,-0.0082737,-0.09956,-0.088945,0.0085536,0.996,-0.59675,0,0,0,1
0.99642,-0.0025743,0.084501,-0.18619,0.0032508,0.99996,-0.0078688,-0.095713,-0.084478,0.0081153,0.99639,-0.5678,0,0,0,1
0.99679,-0.0023894,0.080033,-0.1741,0.0029962,0.99997,-0.0074626,-0.091747,-0.080013,0.0076784,0.99676,-0.53876,0,0,0,1
0.99714,-0.0022099,0.075567,-0.16227,0.0027508,0.99997,-0.0070552,-0.087662,-0.075549,0.0072429,0.99712,-0.50962,0,0,0,1
0.99747,-0.0020359,0.071102,-0.15069,0.0025148,0.99997,-0.0066466,-0.083458,-0.071087,0.0068086,0.99745,-0.48039,0,0,0,1
0.99778,-0.0018673,0.06664,-0.13936,0.002288,0.99998,-0.006237,-0.079134,-0.066627,0.0063756,0.99776,-0.45106,0,0,0,1
0.99806,-0.0017042,0.062179,-0.12829,0.0020705,0.99998,-0.0058263,-0.074692,-0.062168,0.0059437,0.99805,-0.42165,0,0,0,1
0.99833,-0.0015466,0.057721,-0.11748,0.0018622,0.99998,-0.0054146,-0.070131,-0.057712,0.005513,0.99832,-0.39214,0,0,0,1
0.99858,-0.0013945,0.053265,-0.10691,0.0016632,0.99999,-0.0050019,-0.06545,-0.053257,0.0050834,0.99857,-0.36253,0,0,0,1
0.99881,-0.0012479,0.048811,-0.096605,0.0014736,0.99999,-0.0045885,-0.060651,-0.048805,0.0046549,0.9988,-0.33283,0,0,0,1
0.99901,-0.0011067,0.04436,-0.086551,0.0012932,0.99999,-0.0041742,-0.055732,-0.044355,0.0042274,0.99901,-0.30304,0,0,0,1
0.9992,-0.00097113,0.039911,-0.076752,0.0011221,0.99999,-0.0037592,-0.050695,-0.039907,0.0038009,0.9992,-0.27316,0,0,0,1
0.99937,-0.00084105,0.035465,-0.067207,0.00096023,0.99999,-0.0033434,-0.045538,-0.035462,0.0033754,0.99937,-0.24318,0,0,0,1
0.99952,-0.0007165,0.031022,-0.057916,0.00080769,1,-0.0029271,-0.040263,-0.03102,0.0029507,0.99951,-0.21311,0,0,0,1
0.99965,-0.00059748,0.026581,-0.048879,0.00066444,1,-0.0025102,-0.034868,-0.02658,0.002527,0.99964,-0.18295,0,0,0,1
0.99975,-0.00048401,0.022143,-0.040097,0.00053048,1,-0.0020928,-0.029354,-0.022142,0.002104,0.99975,-0.15269,0,0,0,1
0.99984,-0.00037608,0.017708,-0.031569,0.00040581,1,-0.0016749,-0.023721,-0.017708,0.0016818,0.99984,-0.12234,0,0,0,1
0.99991,-0.00027371,0.013277,-0.023295,0.00029042,1,-0.0012566,-0.01797,-0.013276,0.0012603,0.99991,-0.091893,0,0,0,1
0.99996,-0.00017691,0.0088478,-0.015276,0.00018433,1,-0.00083799,-0.012099,-0.0088477,0.00083959,0.99996,-0.061356,0,0,0,1
0.99999,-8.5667e-05,0.0044223,-0.0075109,8.7521e-05,1,-0.00041911,-0.0061089,-0.0044222,0.00041949,0.99999,-0.030725,0,0,0,1
NaN,NaN,NaN,0,NaN,NaN,NaN,0,NaN,NaN,NaN,0,0,0,0,1
0.99999,8.0089e-05,-0.0044189,0.0072566,-7.8237e-05,1,0.00041927,0.006228,0.004419,-0.00041892,0.99999,0.030818,0,0,0,1
0.99996,0.00015459,-0.0088344,0.014259,-0.00014719,1,0.00083864,0.012575,0.0088345,-0.00083731,0.99996,0.061729,0,0,0,1
0.99991,0.00022351,-0.013246,0.021007,-0.00020687,1,0.0012581,0.019041,0.013247,-0.0012552,0.99991,0.092734,0,0,0,1
0.99984,0.00028684,-0.017655,0.027501,-0.00025726,1,0.0016775,0.025626,0.017655,-0.0016727,0.99984,0.12383,0,0,0,1
0.99976,0.00034457,-0.022059,0.03374,-0.00029839,1,0.0020968,0.03233,0.02206,-0.0020897,0.99975,0.15502,0,0,0,1
0.99965,0.0003967,-0.02646,0.039725,-0.00033024,1,0.002516,0.039154,0.026461,-0.0025064,0.99965,0.18631,0,0,0,1
0.99952,0.00044322,-0.030857,0.045456,-0.00035282,1,0.002935,0.046096,0.030859,-0.0029228,0.99952,0.21769,0,0,0,1
0.99938,0.00048414,-0.035251,0.050933,-0.00036614,0.99999,0.0033538,0.053157,0.035252,-0.0033388,0.99937,0.24916,0,0,0,1
0.99921,0.00051945,-0.03964,0.056155,-0.0003702,0.99999,0.0037723,0.060337,0.039641,-0.0037547,0.99921,0.28072,0,0,0,1
0.99903,0.00054914,-0.044025,0.061123,-0.00036501,0.99999,0.0041904,0.067637,0.044027,-0.0041703,0.99902,0.31238,0,0,0,1
0.99883,0.00057322,-0.048406,0.065837,-0.00035057,0.99999,0.0046082,0.075055,0.048408,-0.0045858,0.99882,0.34413,0,0,0,1
0.99861,0.00059168,-0.052782,0.070297,-0.00032688,0.99999,0.0050254,0.082593,0.052785,-0.0050011,0.99859,0.37598,0,0,0,1
0.99837,0.00060452,-0.057155,0.074502,-0.00029395,0.99999,0.0054421,0.090249,0.057157,-0.0054164,0.99835,0.40792,0,0,0,1
0.99811,0.00061174,-0.061523,0.078453,-0.00025179,0.99998,0.0058583,0.098025,0.061525,-0.0058317,0.99809,0.43995,0,0,0,1
0.99783,0.00061334,-0.065886,0.082149,-0.00020041,0.99998,0.0062738,0.10592,0.065889,-0.0062469,0.99781,0.47207,0,0,0,1
0.99753,0.00060931,-0.070245,0.085592,-0.0001398,0.99998,0.0066886,0.11393,0.070248,-0.0066622,0.99751,0.50429,0,0,0,1
0.99721,0.00059965,-0.074599,0.08878,-6.9977e-05,0.99997,0.0071026,0.12207,0.074602,-0.0070776,0.99719,0.5366,0,0,0,1
0.99688,0.00058436,-0.078949,0.091714,9.0506e-06,0.99997,0.0075159,0.13032,0.078951,-0.0074931,0.99685,0.56901,0,0,0,1
0.99652,0.00056345,-0.083294,0.094393,9.7277e-05,0.99997,0.0079282,0.13869,0.083296,-0.0079088,0.99649,0.60151,0,0,0,1
0.99615,0.00053691,-0.087634,0.096818,0.0001947,0.99997,0.0083397,0.14718,0.087635,-0.0083247,0.99612,0.6341,0,0,0,1
0.99576,0.00050474,-0.091969,0.098989,0.0003013,0.99996,0.0087502,0.15579,0.09197,-0.0087408,0.99572,0.66678,0,0,0,1
0.99535,0.00046695,-0.096299,0.10091,0.00041707,0.99996,0.0091597,0.16452,0.096299,-0.0091572,0.99531,0.69956,0,0,0,1
0.99492,0.00042352,-0.10062,0.10257,0.00054202,0.99995,0.009568,0.17336,0.10062,-0.009574,0.99488,0.73243,0,0,0,1
0.99448,0.00037447,-0.10494,0.10398,0.00067612,0.99995,0.0099753,0.18233,0.10494,-0.0099911,0.99443,0.7654,0,0,0,1
0.99401,0.0003198,-0.10926,0.10513,0.00081937,0.99995,0.010381,0.19141,0.10926,-0.010409,0.99396,0.79846,0,0,0,1
0.99353,0.00025949,-0.11357,0.10603,0.00097175,0.99994,0.010786,0.20062,0.11356,-0.010827,0.99347,0.83161,0,0,0,1
0.99303,0.00019357,-0.11787,0.10668,0.0011333,0.99994,0.01119,0.20994,0.11787,-0.011245,0.99297,0.86485,0,0,0,1
0.99251,0.00012202,-0.12217,0.10707,0.0013039,0.99993,0.011592,0.21938,0.12216,-0.011664,0.99244,0.89819,0,0,0,1
0.99197,4.4852e-05,-0.12646,0.1072,0.0014836,0.99993,0.011992,0.22894,0.12645,-0.012084,0.9919,0.93163,0,0,0,1
0.99142,-3.7934e-05,-0.13075,0.10709,0.0016725,0.99992,0.012392,0.23862,0.13074,-0.012504,0.99134,0.96515,0,0,0,1
0.99084,-0.00012634,-0.13503,0.10671,0.0018704,0.99992,0.012789,0.24842,0.13502,-0.012925,0.99076,0.99877,0,0,0,1
0.99025,-0.00022035,-0.13931,0.10609,0.0020774,0.99991,0.013185,0.25834,0.13929,-0.013346,0.99016,1.0325,0,0,0,1
0.98964,-0.00031998,-0.14358,0.10521,0.0022935,0.99991,0.01358,0.26838,0.14356,-0.013768,0.98955,1.0663,0,0,0,1
0.98901,-0.00042521,-0.14784,0.10407,0.0025186,0.9999,0.013973,0.27854,0.14782,-0.014192,0.98891,1.1002,0,0,0,1
0.98836,-0.00053605,-0.1521,0.10268,0.0027528,0.99989,0.014364,0.28881,0.15208,-0.014615,0.98826,1.1342,0,0,0,1
0.9877,-0.00065249,-0.15635,0.10104,0.0029959,0.99989,0.014753,0.29921,0.15633,-0.01504,0.98759,1.1683,0,0,0,1
0.98702,-0.00077452,-0.1606,0.099142,0.0032481,0.99988,0.01514,0.30972,0.16057,-0.015466,0.9869,1.2024,0,0,0,1
0.98632,-0.00090215,-0.16484,0.09699,0.0035093,0.99987,0.015526,0.32035,0.1648,-0.015892,0.9862,1.2367,0,0,0,1
0.9856,-0.0010354,-0.16907,0.094584,0.0037795,0.99987,0.01591,0.3311,0.16903,-0.01632,0.98547,1.2711,0,0,0,1
0.98487,-0.0011742,-0.1733,0.091924,0.0040587,0.99986,0.016291,0.34197,0.17326,-0.016748,0.98473,1.3055,0,0,0,1
0.98412,-0.0013186,-0.17752,0.089009,0.0043468,0.99985,0.016671,0.35296,0.17747,-0.017177,0.98398,1.3401,0,0,0,1
0.98335,-0.0014685,-0.18174,0.08584,0.0046439,0.99984,0.017048,0.36407,0.18168,-0.017608,0.9832,1.3747,0,0,0,1
0.98256,-0.001624,-0.18595,0.082417,0.0049499,0.99984,0.017423,0.3753,0.18589,-0.01804,0.98241,1.4095,0,0,0,1
0.98175,-0.0017851,-0.19015,0.078739,0.0052648,0.99983,0.017796,0.38665,0.19008,-0.018473,0.98159,1.4443,0,0,0,1
0.98093,-0.0019518,-0.19434,0.074807,0.0055886,0.99982,0.018167,0.39811,0.19427,-0.018907,0.98077,1.4792,0,0,0,1
0.98009,-0.002124,-0.19853,0.070621,0.0059213,0.99981,0.018535,0.4097,0.19846,-0.019342,0.97992,1.5143,0,0,0,1
0.97924,-0.0023017,-0.20271,0.066181,0.0062629,0.9998,0.018901,0.4214,0.20263,-0.019778,0.97906,1.5494,0,0,0,1
0.97836,-0.002485,-0.20689,0.061486,0.0066134,0.99979,0.019265,0.43323,0.2068,-0.020216,0.97817,1.5846,0,0,0,1
0.97747,-0.0026739,-0.21106,0.056537,0.0069726,0.99978,0.019626,0.44517,0.21096,-0.020656,0.97728,1.6199,0,0,0,1
0.97656,-0.0028682,-0.21522,0.051334,0.0073407,0.99977,0.019985,0.45723,0.21511,-0.021096,0.97636,1.6553,0,0,0,1
0.97564,-0.0030681,-0.21937,0.045876,0.0077176,0.99976,0.020341,0.46941,0.21926,-0.021538,0.97543,1.6908,0,0,0,1
0.97469,-0.0032735,-0.22352,0.040165,0.0081033,0.99975,0.020694,0.48171,0.2234,-0.021982,0.97448,1.7263,0,0,0,1
0.97373,-0.0034844,-0.22766,0.034199,0.0084978,0.99974,0.021045,0.49413,0.22753,-0.022427,0.97351,1.762,0,0,0,1
0.97276,-0.0037008,-0.23179,0.027978,0.008901,0.99973,0.021393,0.50666,0.23165,-0.022873,0.97253,1.7978,0,0,0,1
0.97176,-0.0039227,-0.23592,0.021504,0.009313,0.99972,0.021738,0.51932,0.23577,-0.023321,0.97153,1.8336,0,0,0,1
0.97075,-0.00415,-0.24004,0.014775,0.0097337,0.99971,0.02208,0.5321,0.23988,-0.023771,0.97051,1.8696,0,0,0,1
0.96973,-0.0043829,-0.24415,0.0077915,0.010163,0.9997,0.02242,0.54499,0.24398,-0.024223,0.96948,1.9056,0,0,0,1
0.96868,-0.0046212,-0.24825,0.00055397,0.010601,0.99968,0.022757,0.558,0.24807,-0.024676,0.96843,1.9418,0,0,0,1
0.96762,-0.004865,-0.25235,-0.0069378,0.011048,0.99967,0.02309,0.57114,0.25215,-0.02513,0.96736,1.978,0,0,0,1
0.96655,-0.0051142,-0.25644,-0.014684,0.011503,0.99966,0.023421,0.58439,0.25623,-0.025587,0.96628,2.0143,0,0,0,1
0.96545,-0.0053689,-0.26052,-0.022684,0.011967,0.99965,0.023748,0.59776,0.2603,-0.026045,0.96518,2.0508,0,0,0,1
0.96434,-0.005629,-0.26459,-0.030939,0.01244,0.99963,0.024072,0.61125,0.26436,-0.026506,0.96406,2.0873,0,0,0,1
0.96322,-0.0058945,-0.26866,-0.039448,0.012921,0.99962,0.024394,0.62486,0.26841,-0.026968,0.96293,2.1239,0,0,0,1
0.96208,-0.0061654,-0.27271,-0.048211,0.013411,0.9996,0.024712,0.63859,0.27245,-0.027432,0.96178,2.1606,0,0,0,1
0.96092,-0.0064418,-0.27676,-0.057228,0.013909,0.99959,0.025026,0.65243,0.27649,-0.027898,0.96061,2.1974,0,0,0,1
0.95974,-0.0067235,-0.28081,-0.0665,0.014416,0.99958,0.025338,0.6664,0.28052,-0.028366,0.95943,2.2343,0,0,0,1
0.95855,-0.0070106,-0.28484,-0.076026,0.014931,0.99956,0.025645,0.68048,0.28454,-0.028835,0.95823,2.2712,0,0,0,1
0.95734,-0.0073031,-0.28887,-0.085806,0.015455,0.99954,0.02595,0.69469,0.28855,-0.029307,0.95702,2.3083,0,0,0,1
0.95612,-0.0076009,-0.29288,-0.095841,0.015987,0.99953,0.026251,0.70901,0.29255,-0.029782,0.95579,2.3455,0,0,0,1
0.95488,-0.0079041,-0.29689,-0.10613,0.016528,0.99951,0.026549,0.72345,0.29654,-0.030258,0.95454,2.3827,0,0,0,1
0.95362,-0.0082126,-0.3009,-0.11667,0.017077,0.99949,0.026843,0.73801,0.30052,-0.030736,0.95328,2.4201,0,0,0,1
0.95235,-0.0085265,-0.30489,-0.12747,0.017635,0.99948,0.027133,0.75269,0.3045,-0.031217,0.952,2.4575,0,0,0,1
0.95106,-0.0088457,-0.30887,-0.13852,0.018201,0.99946,0.02742,0.76749,0.30846,-0.031699,0.95071,2.4951,0,0,0,1
0.94976,-0.0091702,-0.31285,-0.14983,0.018775,0.99944,0.027703,0.78241,0.31242,-0.032185,0.9494,2.5327,0,0,0,1
0.94844,-0.0094999,-0.31682,-0.16139,0.019358,0.99942,0.027982,0.79745,0.31637,-0.032672,0.94807,2.5704,0,0,0,1
0.9471,-0.009835,-0.32078,-0.1732,0.019949,0.9994,0.028257,0.81261,0.32031,-0.033162,0.94673,2.6083,0,0,0,1
0.94575,-0.010175,-0.32473,-0.18527,0.020548,0.99938,0.028529,0.82788,0.32424,-0.033654,0.94538,2.6462,0,0,0,1
0.94438,-0.010521,-0.32867,-0.1976,0.021155,0.99936,0.028796,0.84328,0.32816,-0.034148,0.944,2.6842,0,0,0,1
0.943,-0.010872,-0.33261,-0.21017,0.021771,0.99934,0.02906,0.85879,0.33207,-0.034645,0.94262,2.7223,0,0,0,1
0.9416,-0.011228,-0.33653,-0.223,0.022395,0.99932,0.02932,0.87442,0.33597,-0.035145,0.94122,2.7605,0,0,0,1
0.94019,-0.011589,-0.34045,-0.23609,0.023027,0.9993,0.029576,0.89017,0.33987,-0.035646,0.9398,2.7988,0,0,0,1
0.93876,-0.011956,-0.34436,-0.24943,0.023667,0.99927,0.029827,0.90604,0.34375,-0.036151,0.93836,2.8371,0,0,0,1
0.93732,-0.012327,-0.34826,-0.26303,0.024316,0.99925,0.030075,0.92203,0.34763,-0.036658,0.93692,2.8756,0,0,0,1
0.93586,-0.012704,-0.35215,-0.27687,0.024973,0.99923,0.030318,0.93814,0.35149,-0.037168,0.93545,2.9142,0,0,0,1
0.93438,-0.013086,-0.35603,-0.29098,0.025637,0.9992,0.030557,0.95437,0.35535,-0.03768,0.93398,2.9528,0,0,0,1
0.93289,-0.013473,-0.3599,-0.30533,0.02631,0.99918,0.030792,0.97072,0.35919,-0.038195,0.93248,2.9916,0,0,0,1
0.93139,-0.013866,-0.36376,-0.31995,0.026991,0.99915,0.031023,0.98718,0.36303,-0.038713,0.93097,3.0304,0,0,0,1
0.92987,-0.014263,-0.36762,-0.33481,0.027679,0.99913,0.031249,1.0038,0.36685,-0.039233,0.92945,3.0694,0,0,0,1
0.92833,-0.014665,-0.37146,-0.34993,0.028376,0.9991,0.031471,1.0205,0.37067,-0.039756,0.92791,3.1084,0,0,0,1
0.92678,-0.015073,-0.3753,-0.36531,0.029081,0.99907,0.031688,1.0373,0.37447,-0.040282,0.92636,3.1475,0,0,0,1
0.92522,-0.015486,-0.37912,-0.38094,0.029794,0.99905,0.031901,1.0542,0.37827,-0.040811,0.9248,3.1868,0,0,0,1
0.92364,-0.015904,-0.38294,-0.39682,0.030514,0.99902,0.03211,1.0713,0.38206,-0.041343,0.92321,3.2261,0,0,0,1
0.92204,-0.016326,-0.38675,-0.41296,0.031243,0.99899,0.032314,1.0885,0.38583,-0.041878,0.92162,3.2655,0,0,0,1
0.92043,-0.016754,-0.39055,-0.42935,0.031979,0.99896,0.032513,1.1058,0.3896,-0.042415,0.92001,3.305,0,0,0,1
0.9188,-0.017187,-0.39434,-0.44599,0.032723,0.99893,0.032707,1.1232,0.39335,-0.042956,0.91838,3.3446,0,0,0,1
0.91717,-0.017625,-0.39812,-0.46289,0.033475,0.9989,0.032897,1.1407,0.3971,-0.043499,0.91674,3.3843,0,0,0,1
0.91551,-0.018068,-0.40189,-0.48005,0.034235,0.99887,0.033082,1.1584,0.40083,-0.044046,0.91509,3.4241,0,0,0,1
0.91384,-0.018515,-0.40565,-0.49746,0.035003,0.99883,0.033263,1.1762,0.40456,-0.044596,0.91342,3.4639,0,0,0,1
0.91216,-0.018968,-0.4094,-0.51512,0.035778,0.9988,0.033438,1.1941,0.40827,-0.045149,0.91174,3.5039,0,0,0,1
0.91046,-0.019426,-0.41314,-0.53304,0.036561,0.99877,0.033609,1.2121,0.41198,-0.045704,0.91005,3.544,0,0,0,1
0.90875,-0.019889,-0.41687,-0.55121,0.037351,0.99873,0.033775,1.2302,0.41567,-0.046264,0.90834,3.5841,0,0,0,1
0.90702,-0.020356,-0.42059,-0.56964,0.03815,0.9987,0.033936,1.2485,0.41935,-0.046826,0.90662,3.6244,0,0,0,1
0.90528,-0.020828,-0.4243,-0.58832,0.038956,0.99866,0.034092,1.2668,0.42302,-0.047391,0.90488,3.6647,0,0,0,1
0.90352,-0.021306,-0.42801,-0.60725,0.039769,0.99862,0.034242,1.2853,0.42669,-0.04796,0.90313,3.7051,0,0,0,1
0.90176,-0.021788,-0.4317,-0.62644,0.04059,0.99858,0.034388,1.3039,0.43034,-0.048532,0.90136,3.7457,0,0,0,1
0.89997,-0.022275,-0.43538,-0.64588,0.041419,0.99855,0.034529,1.3227,0.43398,-0.049108,0.89958,3.7863,0,0,0,1
0.89817,-0.022766,-0.43905,-0.66558,0.042255,0.99851,0.034664,1.3415,0.43761,-0.049687,0.89779,3.827,0,0,0,1
0.89636,-0.023263,-0.44271,-0.68553,0.043098,0.99846,0.034795,1.3605,0.44122,-0.050269,0.89599,3.8678,0,0,0,1
0.89454,-0.023764,-0.44637,-0.70574,0.043949,0.99842,0.03492,1.3796,0.44483,-0.050854,0.89417,3.9087,0,0,0,1
0.8927,-0.02427,-0.45001,-0.7262,0.044807,0.99838,0.03504,1.3988,0.44843,-0.051443,0.89234,3.9497,0,0,0,1
0.89084,-0.024781,-0.45364,-0.74691,0.045673,0.99834,0.035154,1.4181,0.45201,-0.052036,0.89049,3.9908,0,0,0,1
0.88897,-0.025297,-0.45726,-0.76788,0.046546,0.99829,0.035263,1.4375,0.45559,-0.052632,0.88863,4.032,0,0,0,1
0.88709,-0.025817,-0.46087,-0.7891,0.047426,0.99825,0.035367,1.4571,0.45915,-0.053231,0.88676,4.0732,0,0,0,1
0.8852,-0.026342,-0.46447,-0.81058,0.048314,0.9982,0.035465,1.4768,0.4627,-0.053834,0.88488,4.1146,0,0,0,1
0.88329,-0.026872,-0.46806,-0.83231,0.049209,0.99816,0.035558,1.4966,0.46624,-0.054441,0.88298,4.1561,0,0,0,1
0.88136,-0.027406,-0.47164,-0.8543,0.050111,0.99811,0.035646,1.5165,0.46977,-0.055051,0.88107,4.1976,0,0,0,1
0.87943,-0.027945,-0.47521,-0.87654,0.05102,0.99806,0.035728,1.5365,0.47329,-0.055665,0.87915,4.2393,0,0,0,1
0.87748,-0.028488,-0.47877,-0.89903,0.051937,0.99801,0.035804,1.5567,0.4768,-0.056283,0.87721,4.281,0,0,0,1
0.87551,-0.029036,-0.48232,-0.92178,0.05286,0.99796,0.035874,1.5769,0.48029,-0.056904,0.87526,4.3229,0,0,0,1
0.87354,-0.029589,-0.48586,-0.94478,0.053791,0.99791,0.035939,1.5973,0.48378,-0.057529,0.8733,4.3648,0,0,0,1
0.87354,-0.029589,-0.48586,-0.94478,0.053791,0.99791,0.035939,1.5973,0.48378,-0.057529,0.8733,4.3648,0,0,0,1
0.87551,-0.029036,-0.48232,-0.92178,0.05286,0.99796,0.035874,1.5769,0.48029,-0.056904,0.87526,4.3229,0,0,0,1
0.87748,-0.028488,-0.47877,-0.89903,0.051937,0.99801,0.035804,1.5567,0.4768,-0.056283,0.87721,4.281,0,0,0,1
0.87943,-0.027945,-0.47521,-0.87654,0.05102,0.99806,0.035728,1.5365,0.47329,-0.055665,0.87915,4.2393,0,0,0,1
0.88136,-0.027406,-0.47164,-0.8543,0.050111,0.99811,0.035646,1.5165,0.46977,-0.055051,0.88107,4.1976,0,0,0,1
0.88329,-0.026872,-0.46806,-0.83231,0.049209,0.99816,0.035558,1.4966,0.46624,-0.054441,0.88298,4.1561,0,0,0,1
0.8852,-0.026342,-0.46447,-0.81058,0.048314,0.9982,0.035465,1.4768,0.4627,-0.053834,0.88488,4.1146,0,0,0,1
0.88709,-0.025817,-0.46087,-0.7891,0.047426,0.99825,0.035367,1.4571,0.45915,-0.053231,0.88676,4.0732,0,0,0,1
0.88897,-0.025297,-0.45726,-0.76788,0.046546,0.99829,0.035263,1.4375,0.45559,-0.052632,0.88863,4.032,0,0,0,1
0.89084,-0.024781,-0.45364,-0.74691,0.045673,0.99834,0.035154,1.4181,0.45201,-0.052036,0.89049,3.9908,0,0,0,1
0.8927,-0.02427,-0.45001,-0.7262,0.044807,0.99838,0.03504,1.3988,0.44843,-0.051443,0.89234,3.9497,0,0,0,1
0.89454,-0.023764,-0.44637,-0.70574,0.043949,0.99842,0.03492,1.3796,0.44483,-0.050854,0.89417,3.9087,0,0,0,1
0.89636,-0.023263,-0.44271,-0.68553,0.043098,0.99846,0.034795,1.3605,0.44122,-0.050269,0.89599,3.8678,0,0,0,1
0.89817,-0.022766,-0.43905,-0.66558,0.042255,0.99851,0.034664,1.3415,0.43761,-0.049687,0.89779,3.827,0,0,0,1
0.89997,-0.022275,-0.43538,-0.64588,0.041419,0.99855,0.034529,1.3227,0.43398,-0.049108,0.89958,3.7863,0,0,0,1
0.90176,-0.021788,-0.4317,-0.62644,0.04059,0.99858,0.034388,1.3039,0.43034,-0.048532,0.90136,3.7457,0,0,0,1
0.90352,-0.021306,-0.42801,-0.60725,0.039769,0.99862,0.034242,1.2853,0.42669,-0.04796,0.90313,3.7051,0,0,0,1
0.90528,-0.020828,-0.4243,-0.58832,0.038956,0.99866,0.034092,1.2668,0.42302,-0.047391,0.90488,3.6647,0,0,0,1
0.90702,-0.020356,-0.42059,-0.56964,0.03815,0.9987,0.033936,1.2485,0.41935,-0.046826,0.90662,3.6244,0,0,0,1
0.90875,-0.019889,-0.41687,-0.55121,0.037351,0.99873,0.033775,1.2302,0.41567,-0.046264,0.90834,3.5841,0,0,0,1
0.91046,-0.019426,-0.41314,-0.53304,0.036561,0.99877,0.033609,1.2121,0.41198,-0.045704,0.91005,3.544,0,0,0,1
0.91216,-0.018968,-0.4094,-0.51512,0.035778,0.9988,0.033438,1.1941,0.40827,-0.045149,0.91174,3.5039,0,0,0,1
0.91384,-0.018515,-0.40565,-0.49746,0.035003,0.99883,0.033263,1.1762,0.40456,-0.044596,0.91342,3.4639,0,0,0,1
0.91551,-0.018068,-0.40189,-0.48005,0.034235,0.99887,0.033082,1.1584,0.40083,-0.044046,0.91509,3.4241,0,0,0,1
0.91717,-0.017625,-0.39812,-0.46289,0.033475,0.9989,0.032897,1.1407,0.3971,-0.043499,0.91674,3.3843,0,0,0,1
0.9188,-0.017187,-0.39434,-0.44599,0.032723,0.99893,0.032707,1.1232,0.39335,-0.042956,0.91838,3.3446,0,0,0,1
0.92043,-0.016754,-0.39055,-0.42935,0.031979,0.99896,0.032513,1.1058,0.3896,-0.042415,0.92001,3.305,0,0,0,1
0.92204,-0.016326,-0.38675,-0.41296,0.031243,0.99899,0.032314,1.0885,0.38583,-0.041878,0.92162,3.2655,0,0,0,1
0.92364,-0.015904,-0.38294,-0.39682,0.030514,0.99902,0.03211,1.0713,0.38206,-0.041343,0.92321,3.2261,0,0,0,1
0.92522,-0.015486,-0.37912,-0.38094,0.029794,0.99905,0.031901,1.0542,0.37827,-0.040811,0.9248,3.1868,0,0,0,1
0.92678,-0.015073,-0.3753,-0.36531,0.029081,0.99907,0.031688,1.0373,0.37447,-0.040282,0.92636,3.1475,0,0,0,1
0.92833,-0.014665,-0.37146,-0.34993,0.028376,0.9991,0.031471,1.0205,0.37067,-0.039756,0.92791,3.1084,0,0,0,1
0.92987,-0.014263,-0.36762,-0.33481,0.027679,0.99913,0.031249,1.0038,0.36685,-0.039233,0.92945,3.0694,0,0,0,1
0.93139,-0.013866,-0.36376,-0.31995,0.026991,0.99915,0.031023,0.98718,0.36303,-0.038713,0.93097,3.0304,0,0,0,1
0.93289,-0.013473,-0.3599,-0.30533,0.02631,0.99918,0.030792,0.97072,0.35919,-0.038195,0.93248,2.9916,0,0,0,1
0.93438,-0.013086,-0.35603,-0.29098,0.025637,0.9992,0.030557,0.95437,0.35535,-0.03768,0.93398,2.9528,0,0,0,1
0.93586,-0.012704,-0.35215,-0.27687,0.024973,0.99923,0.030318,0.93814,0.35149,-0.037168,0.93545,2.9142,0,0,0,1
0.93732,-0.012327,-0.34826,-0.26303,0.024316,0.99925,0.030075,0.92203,0.34763,-0.036658,0.93692,2.8756,0,0,0,1
0.93876,-0.011956,-0.34436,-0.24943,0.023667,0.99927,0.029827,0.90604,0.34375,-0.036151,0.93836,2.8371,0,0,0,1
0.94019,-0.011589,-0.34045,-0.23609,0.023027,0.9993,0.029576,0.89017,0.33987,-0.035646,0.9398,2.7988,0,0,0,1
0.9416,-0.011228,-0.33653,-0.223,0.022395,0.99932,0.02932,0.87442,0.33597,-0.035145,0.94122,2.7605,0,0,0,1
0.943,-0.010872,-0.33261,-0.21017,0.021771,0.99934,0.02906,0.85879,0.33207,-0.034645,0.94262,2.7223,0,0,0,1
0.94438,-0.010521,-0.32867,-0.1976,0.021155,0.99936,0.028796,0.84328,0.32816,-0.034148,0.944,2.6842,0,0,0,1
0.94575,-0.010175,-0.32473,-0.18527,0.020548,0.99938,0.028529,0.82788,0.32424,-0.033654,0.94538,2.6462,0,0,0,1
0.9471,-0.009835,-0.32078,-0.1732,0.019949,0.9994,0.028257,0.81261,0.32031,-0.033162,0.94673,2.6083,0,0,0,1
0.94844,-0.0094999,-0.31682,-0.16139,0.019358,0.99942,0.027982,0.79745,0.31637,-0.032672,0.94807,2.5704,0,0,0,1
0.94976,-0.0091702,-0.31285,-0.14983,0.018775,0.99944,0.027703,0.78241,0.31242,-0.032185,0.9494,2.5327,0,0,0,1
0.95106,-0.0088457,-0.30887,-0.13852,0.018201,0.99946,0.02742,0.76749,0.30846,-0.031699,0.95071,2.4951,0,0,0,1
0.95235,-0.0085265,-0.30489,-0.12747,0.017635,0.99948,0.027133,0.75269,0.3045,-0.031217,0.952,2.4575,0,0,0,1
0.95362,-0.0082126,-0.3009,-0.11667,0.017077,0.99949,0.026843,0.73801,0.30052,-0.030736,0.95328,2.4201,0,0,0,1
0.95488,-0.0079041,-0.29689,-0.10613,0.016528,0.99951,0.026549,0.72345,0.29654,-0.030258,0.95454,2.3827,0,0,0,1
0.95612,-0.0076009,-0.29288,-0.095841,0.015987,0.99953,0.026251,0.70901,0.29255,-0.029782,0.95579,2.3455,0,0,0,1
0.95734,-0.0073031,-0.28887,-0.085806,0.015455,0.99954,0.02595,0.69469,0.28855,-0.029307,0.95702,2.3083,0,0,0,1
0.95855,-0.0070106,-0.28484,-0.076026,0.014931,0.99956,0.025645,0.68048,0.28454,-0.028835,0.95823,2.2712,0,0,0,1
0.95974,-0.0067235,-0.28081,-0.0665,0.014416,0.99958,0.025338,0.6664,0.28052,-0.028366,0.95943,2.2343,0,0,0,1
0.96092,-0.0064418,-0.27676,-0.057228,0.013909,0.99959,0.025026,0.65243,0.27649,-0.027898,0.96061,2.1974,0,0,0,1
0.96208,-0.0061654,-0.27271,-0.048211,0.013411,0.9996,0.024712,0.63859,0.27245,-0.027432,0.96178,2.1606,0,0,0,1
0.96322,-0.0058945,-0.26866,-0.039448,0.012921,0.99962,0.024394,0.62486,0.26841,-0.026968,0.96293,2.1239,0,0,0,1
0.96434,-0.005629,-0.26459,-0.030939,0.01244,0.99963,0.024072,0.61125,0.26436,-0.026506,0.96406,2.0873,0,0,0,1
0.96545,-0.0053689,-0.26052,-0.022684,0.011967,0.99965,0.023748,0.59776,0.2603,-0.026045,0.96518,2.0508,0,0,0,1
0.96655,-0.0051142,-0.25644,-0.014684,0.011503,0.99966,0.023421,0.58439,0.25623,-0.025587,0.96628,2.0143,0,0,0,1
0.96762,-0.004865,-0.25235,-0.0069378,0.011048,0.99967,0.02309,0.57114,0.25215,-0.02513,0.96736,1.978,0,0,0,1
0.96868,-0.0046212,-0.24825,0.00055397,0.010601,0.99968,0.022757,0.558,0.24807,-0.024676,0.96843,1.9418,0,0,0,1
0.96973,-0.0043829,-0.24415,0.0077915,0.010163,0.9997,0.02242,0.54499,0.24398,-0.024223,0.96948,1.9056,0,0,0,1
0.97075,-0.00415,-0.24004,0.014775,0.0097337,0.99971,0.02208,0.5321,0.23988,-0.023771,0.97051,1.8696,0,0,0,1
0.97176,-0.0039227,-0.23592,0.021504,0.009313,0.99972,0.021738,0.51932,0.23577,-0.023321,0.97153,1.8336,0,0,0,1
0.97276,-0.0037008,-0.23179,0.027978,0.008901,0.99973,0.021393,0.50666,0.23165,-0.022873,0.97253,1.7978,0,0,0,1
0.97373,-0.0034844,-0.22766,0.034199,0.0084978,0.99974,0.021045,0.49413,0.22753,-0.022427,0.97351,1.762,0,0,0,1
0.97469,-0.0032735,-0.22352,0.040165,0.0081033,0.99975,0.020694,0.48171,0.2234,-0.021982,0.97448,1.7263,0,0,0,1
0.97564,-0.0030681,-0.21937,0.045876,0.0077176,0.99976,0.020341,0.46941,0.21926,-0.021538,0.97543,1.6908,0,0,0,1
0.97656,-0.0028682,-0.21522,0.051334,0.0073407,0.99977,0.019985,0.45723,0.21511,-0.021096,0.97636,1.6553,0,0,0,1
0.97747,-0.0026739,-0.21106,0.056537,0.0069726,0.99978,0.019626,0.44517,0.21096,-0.020656,0.97728,1.6199,0,0,0,1
0.97836,-0.002485,-0.20689,0.061486,0.0066134,0.99979,0.019265,0.43323,0.2068,-0.020216,0.97817,1.5846,0,0,0,1
0.97924,-0.0023017,-0.20271,0.066181,0.0062629,0.9998,0.018901,0.4214,0.20263,-0.019778,0.97906,1.5494,0,0,0,1
0.98009,-0.002124,-0.19853,0.070621,0.0059213,0.99981,0.018535,0.4097,0.19846,-0.019342,0.97992,1.5143,0,0,0,1
0.98093,-0.0019518,-0.19434,0.074807,0.0055886,0.99982,0.018167,0.39811,0.19427,-0.018907,0.98077,1.4792,0,0,0,1
0.98175,-0.0017851,-0.19015,0.078739,0.0052648,0.99983,0.017796,0.38665,0.19008,-0.018473,0.98159,1.4443,0,0,0,1
0.98256,-0.001624,-0.18595,0.082417,0.0049499,0.99984,0.017423,0.3753,0.18589,-0.01804,0.98241,1.4095,0,0,0,1
0.98335,-0.0014685,-0.18174,0.08584,0.0046439,0.99984,0.017048,0.36407,0.18168,-0.017608,0.9832,1.3747,0,0,0,1
0.98412,-0.0013186,-0.17752,0.089009,0.0043468,0.99985,0.016671,0.35296,0.17747,-0.017177,0.98398,1.3401,0,0,0,1
0.98487,-0.0011742,-0.1733,0.091924,0.0040587,0.99986,0.016291,0.34197,0.17326,-0.016748,0.98473,1.3055,0,0,0,1
0.9856,-0.0010354,-0.16907,0.094584,0.0037795,0.99987,0.01591,0.3311,0.16903,-0.01632,0.98547,1.2711,0,0,0,1
0.98632,-0.00090215,-0.16484,0.09699,0.0035093,0.99987,0.015526,0.32035,0.1648,-0.015892,0.9862,1.2367,0,0,0,1
0.98702,-0.00077452,-0.1606,0.099142,0.0032481,0.99988,0.01514,0.30972,0.16057,-0.015466,0.9869,1.2024,0,0,0,1
0.9877,-0.00065249,-0.15635,0.10104,0.0029959,0.99989,0.014753,0.29921,0.15633,-0.01504,0.98759,1.1683,0,0,0,1
0.98836,-0.00053605,-0.1521,0.10268,0.0027528,0.99989,0.014364,0.28881,0.15208,-0.014615,0.98826,1.1342,0,0,0,1
0.98901,-0.00042521,-0.14784,0.10407,0.0025186,0.9999,0.013973,0.27854,0.14782,-0.014192,0.98891,1.1002,0,0,0,1
0.98964,-0.00031998,-0.14358,0.10521,0.0022935,0.99991,0.01358,0.26838,0.14356,-0.013768,0.98955,1.0663,0,0,0,1
0.99025,-0.00022035,-0.13931,0.10609,0.0020774,0.99991,0.013185,0.25834,0.13929,-0.013346,0.99016,1.0325,0,0,0,1
0.99084,-0.00012634,-0.13503,0.10671,0.0018704,0.99992,0.012789,0.24842,0.13502,-0.012925,0.99076,0.99877,0,0,0,1
0.99142,-3.7934e-05,-0.13075,0.10709,0.0016725,0.99992,0.012392,0.23862,0.13074,-0.012504,0.99134,0.96515,0,0,0,1
0.99197,4.4852e-05,-0.12646,0.1072,0.0014836,0.99993,0.011992,0.22894,0.12645,-0.012084,0.9919,0.93163,0,0,0,1
0.99251,0.00012202,-0.12217,0.10707,0.0013039,0.99993,0.011592,0.21938,0.12216,-0.011664,0.99244,0.89819,0,0,0,1
0.99303,0.00019357,-0.11787,0.10668,0.0011333,0.99994,0.01119,0.20994,0.11787,-0.011245,0.99297,0.86485,0,0,0,1
0.99353,0.00025949,-0.11357,0.10603,0.00097175,0.99994,0.010786,0.20062,0.11356,-0.010827,0.99347,0.83161,0,0,0,1
0.99401,0.0003198,-0.10926,0.10513,0.00081937,0.99995,0.010381,0.19141,0.10926,-0.010409,0.99396,0.79846,0,0,0,1
0.99448,0.00037447,-0.10494,0.10398,0.00067612,0.99995,0.0099753,0.18233,0.10494,-0.0099911,0.99443,0.7654,0,0,0,1
0.99492,0.00042352,-0.10062,0.10257,0.00054202,0.99995,0.009568,0.17336,0.10062,-0.009574,0.99488,0.73243,0,0,0,1
0.99535,0.00046695,-0.096299,0.10091,0.00041707,0.99996,0.0091597,0.16452,0.096299,-0.0091572,0.99531,0.69956,0,0,0,1
0.99576,0.00050474,-0.091969,0.098989,0.0003013,0.99996,0.0087502,0.15579,0.09197,-0.0087408,0.99572,0.66678,0,0,0,1
0.99615,0.00053691,-0.087634,0.096818,0.0001947,0.99997,0.0083397,0.14718,0.087635,-0.0083247,0.99612,0.6341,0,0,0,1
0.99652,0.00056345,-0.083294,0.094393,9.7277e-05,0.99997,0.0079282,0.13869,0.083296,-0.0079088,0.99649,0.60151,0,0,0,1
0.99688,0.00058436,-0.078949,0.091714,9.0506e-06,0.99997,0.0075159,0.13032,0.078951,-0.0074931,0.99685,0.56901,0,0,0,1
0.99721,0.00059965,-0.074599,0.08878,-6.9977e-05,0.99997,0.0071026,0.12207,0.074602,-0.0070776,0.99719,0.5366,0,0,0,1
0.99753,0.00060931,-0.070245,0.085592,-0.0001398,0.99998,0.0066886,0.11393,0.070248,-0.0066622,0.99751,0.50429,0,0,0,1
0.99783,0.00061334,-0.065886,0.082149,-0.00020041,0.99998,0.0062738,0.10592,0.065889,-0.0062469,0.99781,0.47207,0,0,0,1
0.99811,0.00061174,-0.061523,0.078453,-0.00025179,0.99998,0.0058583,0.098025,0.061525,-0.0058317,0.99809,0.43995,0,0,0,1
0.99837,0.00060452,-0.057155,0.074502,-0.00029395,0.99999,0.0054421,0.090249,0.057157,-0.0054164,0.99835,0.40792,0,0,0,1
0.99861,0.00059168,-0.052782,0.070297,-0.00032688,0.99999,0.0050254,0.082593,0.052785,-0.0050011,0.99859,0.37598,0,0,0,1
0.99883,0.00057322,-0.048406,0.065837,-0.00035057,0.99999,0.0046082,0.075055,0.048408,-0.0045858,0.99882,0.34413,0,0,0,1
0.99903,0.00054914,-0.044025,0.061123,-0.00036501,0.99999,0.0041904,0.067637,0.044027,-0.0041703,0.99902,0.31238,0,0,0,1
0.99921,0.00051945,-0.03964,0.056155,-0.0003702,0.99999,0.0037723,0.060337,0.039641,-0.0037547,0.99921,0.28072,0,0,0,1
0.99938,0.00048414,-0.035251,0.050933,-0.00036614,0.99999,0.0033538,0.053157,0.035252,-0.0033388,0.99937,0.24916,0,0,0,1
0.99952,0.00044322,-0.030857,0.045456,-0.00035282,1,0.002935,0.046096,0.030859,-0.0029228,0.99952,0.21769,0,0,0,1
0.99965,0.0003967,-0.02646,0.039725,-0.00033024,1,0.002516,0.039154,0.026461,-0.0025064,0.99965,0.18631,0,0,0,1
