0.50047,0.049967,0.86431,-5.9346,0.049967,0.995,-0.086455,-0.88838,-0.86431,0.086455,0.49547,-6.8766,0,0,0,1
0.50799,0.049138,0.85996,-5.8382,0.049138,0.99509,-0.085886,-0.88297,-0.85996,0.085886,0.50308,-6.8414,0,0,0,1
0.51547,0.048316,0.85554,-5.7425,0.048316,0.99518,-0.085313,-0.87753,-0.85554,0.085313,0.51065,-6.8058,0,0,0,1
0.52292,0.0475,0.85106,-5.6477,0.0475,0.99527,-0.084733,-0.87205,-0.85106,0.084733,0.51819,-6.7699,0,0,0,1
0.53032,0.046689,0.84651,-5.5536,0.046689,0.99536,-0.084149,-0.86655,-0.84651,0.084149,0.52568,-6.7335,0,0,0,1
0.53769,0.045885,0.84189,-5.4603,0.045885,0.99545,-0.08356,-0.861,-0.84189,0.08356,0.53313,-6.6968,0,0,0,1
0.54501,0.045088,0.83721,-5.3678,0.045088,0.99553,-0.082966,-0.85543,-0.83721,0.082966,0.54055,-6.6598,0,0,0,1
0.5523,0.044297,0.83247,-5.2761,0.044297,0.99562,-0.082366,-0.84982,-0.83247,0.082366,0.54792,-6.6223,0,0,0,1
0.55954,0.043512,0.82766,-5.1852,0.043512,0.9957,-0.081762,-0.84417,-0.82766,0.081762,0.55524,-6.5845,0,0,0,1
0.56674,0.042733,0.82279,-5.0951,0.042733,0.99579,-0.081153,-0.8385,-0.82279,0.081153,0.56253,-6.5463,0,0,0,1
0.5739,0.041961,0.81785,-5.0058,0.041961,0.99587,-0.08054,-0.83279,-0.81785,0.08054,0.56977,-6.5078,0,0,0,1
0.58101,0.041196,0.81285,-4.9172,0.041196,0.99595,-0.079921,-0.82704,-0.81285,0.079921,0.57696,-6.4688,0,0,0,1
0.58808,0.040437,0.80779,-4.8295,0.040437,0.99603,-0.079298,-0.82127,-0.80779,0.079298,0.58411,-6.4296,0,0,0,1
0.59511,0.039684,0.80266,-4.7425,0.039684,0.99611,-0.078671,-0.81545,-0.80266,0.078671,0.59122,-6.3899,0,0,0,1
0.60209,0.038938,0.79748,-4.6563,0.038938,0.99619,-0.078039,-0.80961,-0.79748,0.078039,0.59828,-6.3498,0,0,0,1
0.60903,0.038199,0.79223,-4.571,0.038199,0.99627,-0.077402,-0.80373,-0.79223,0.077402,0.60529,-6.3094,0,0,0,1
0.61592,0.037466,0.78692,-4.4864,0.037466,0.99635,-0.076762,-0.79782,-0.78692,0.076762,0.61226,-6.2686,0,0,0,1
0.62276,0.03674,0.78155,-4.4026,0.03674,0.99642,-0.076117,-0.79188,-0.78155,0.076117,0.61918,-6.2275,0,0,0,1
0.62955,0.036021,0.77612,-4.3196,0.036021,0.9965,-0.075468,-0.7859,-0.77612,0.075468,0.62605,-6.186,0,0,0,1
0.6363,0.035308,0.77063,-4.2373,0.035308,0.99657,-0.074814,-0.77989,-0.77063,0.074814,0.63288,-6.1441,0,0,0,1
0.643,0.034603,0.76508,-4.1559,0.034603,0.99665,-0.074157,-0.77384,-0.76508,0.074157,0.63965,-6.1018,0,0,0,1
0.64965,0.033904,0.75947,-4.0752,0.033904,0.99672,-0.073496,-0.76776,-0.75947,0.073496,0.64637,-6.0592,0,0,0,1
0.65626,0.033211,0.75381,-3.9954,0.033211,0.99679,-0.07283,-0.76165,-0.75381,0.07283,0.65305,-6.0162,0,0,0,1
0.66281,0.032526,0.74808,-3.9163,0.032526,0.99686,-0.072161,-0.7555,-0.74808,0.072161,0.65967,-5.9728,0,0,0,1
0.66931,0.031848,0.7423,-3.8381,0.031848,0.99693,-0.071488,-0.74932,-0.7423,0.071488,0.66625,-5.929,0,0,0,1
0.67576,0.031176,0.73646,-3.7606,0.031176,0.997,-0.070812,-0.74311,-0.73646,0.070812,0.67277,-5.8849,0,0,0,1
0.68216,0.030511,0.73056,-3.6839,0.030511,0.99707,-0.070132,-0.73686,-0.73056,0.070132,0.67924,-5.8404,0,0,0,1
0.68851,0.029853,0.72461,-3.608,0.029853,0.99714,-0.069448,-0.73058,-0.72461,0.069448,0.68565,-5.7955,0,0,0,1
0.69481,0.029203,0.7186,-3.5328,0.029203,0.99721,-0.068761,-0.72427,-0.7186,0.068761,0.69202,-5.7503,0,0,0,1
0.70105,0.028559,0.71254,-3.4585,0.028559,0.99727,-0.06807,-0.71792,-0.71254,0.06807,0.69833,-5.7047,0,0,0,1
0.70725,0.027922,0.70642,-3.385,0.027922,0.99734,-0.067376,-0.71154,-0.70642,0.067376,0.70458,-5.6587,0,0,0,1
0.71338,0.027292,0.70024,-3.3122,0.027292,0.9974,-0.066678,-0.70513,-0.70024,0.066678,0.71078,-5.6123,0,0,0,1
0.71947,0.026669,0.69402,-3.2403,0.026669,0.99746,-0.065978,-0.69868,-0.69402,0.065978,0.71693,-5.5656,0,0,0,1
0.72549,0.026054,0.68773,-3.1691,0.026054,0.99753,-0.065274,-0.6922,-0.68773,0.065274,0.72302,-5.5185,0,0,0,1
0.73147,0.025445,0.6814,-3.0987,0.025445,0.99759,-0.064567,-0.68568,-0.6814,0.064567,0.72906,-5.4711,0,0,0,1
0.73739,0.024844,0.67501,-3.0291,0.024844,0.99765,-0.063857,-0.67913,-0.67501,0.063857,0.73504,-5.4232,0,0,0,1
0.74325,0.024249,0.66858,-2.9603,0.024249,0.99771,-0.063145,-0.67255,-0.66858,0.063145,0.74096,-5.375,0,0,0,1
0.74905,0.023662,0.66209,-2.8923,0.023662,0.99777,-0.062429,-0.66594,-0.66209,0.062429,0.74682,-5.3264,0,0,0,1
0.7548,0.023082,0.65555,-2.8251,0.023082,0.99783,-0.061711,-0.65929,-0.65555,0.061711,0.75263,-5.2775,0,0,0,1
0.76049,0.022509,0.64895,-2.7587,0.022509,0.99788,-0.06099,-0.65261,-0.64895,0.06099,0.75838,-5.2282,0,0,0,1
0.76613,0.021943,0.64231,-2.693,0.021943,0.99794,-0.060266,-0.64589,-0.64231,0.060266,0.76407,-5.1785,0,0,0,1
0.7717,0.021385,0.63562,-2.6282,0.021385,0.998,-0.05954,-0.63914,-0.63562,0.05954,0.7697,-5.1284,0,0,0,1
0.77722,0.020833,0.62888,-2.5641,0.020833,0.99805,-0.058811,-0.63236,-0.62888,0.058811,0.77527,-5.078,0,0,0,1
0.78268,0.020289,0.62209,-2.5008,0.020289,0.99811,-0.05808,-0.62554,-0.62209,0.05808,0.78079,-5.0272,0,0,0,1
0.78808,0.019752,0.61526,-2.4383,0.019752,0.99816,-0.057346,-0.61869,-0.61526,0.057346,0.78624,-4.976,0,0,0,1
0.79342,0.019223,0.60837,-2.3767,0.019223,0.99821,-0.05661,-0.61181,-0.60837,0.05661,0.79163,-4.9244,0,0,0,1
0.7987,0.0187,0.60144,-2.3158,0.0187,0.99826,-0.055872,-0.60489,-0.60144,0.055872,0.79696,-4.8725,0,0,0,1
0.80391,0.018185,0.59447,-2.2556,0.018185,0.99831,-0.055132,-0.59794,-0.59447,0.055132,0.80223,-4.8202,0,0,0,1
0.80907,0.017677,0.58744,-2.1963,0.017677,0.99836,-0.054389,-0.59096,-0.58744,0.054389,0.80743,-4.7676,0,0,0,1
0.81417,0.017177,0.58038,-2.1378,0.017177,0.99841,-0.053645,-0.58394,-0.58038,0.053645,0.81258,-4.7145,0,0,0,1
0.8192,0.016684,0.57326,-2.08,0.016684,0.99846,-0.052899,-0.57689,-0.57326,0.052899,0.81766,-4.6611,0,0,0,1
0.82417,0.016198,0.56611,-2.0231,0.016198,0.99851,-0.052151,-0.5698,-0.56611,0.052151,0.82268,-4.6073,0,0,0,1
0.82908,0.015719,0.55891,-1.9669,0.015719,0.99855,-0.051401,-0.56268,-0.55891,0.051401,0.82763,-4.5532,0,0,0,1
0.83393,0.015247,0.55167,-1.9115,0.015247,0.9986,-0.050649,-0.55553,-0.55167,0.050649,0.83253,-4.4987,0,0,0,1
0.83871,0.014783,0.54438,-1.8569,0.014783,0.99865,-0.049896,-0.54835,-0.54438,0.049896,0.83735,-4.4438,0,0,0,1
0.84343,0.014327,0.53705,-1.8031,0.014327,0.99869,-0.049141,-0.54113,-0.53705,0.049141,0.84212,-4.3885,0,0,0,1
0.84808,0.013877,0.52968,-1.7501,0.013877,0.99873,-0.048385,-0.53388,-0.52968,0.048385,0.84681,-4.3329,0,0,0,1
0.85267,0.013435,0.52228,-1.6979,0.013435,0.99877,-0.047627,-0.52659,-0.52228,0.047627,0.85145,-4.2769,0,0,0,1
0.8572,0.013,0.51483,-1.6465,0.013,0.99882,-0.046868,-0.51927,-0.51483,0.046868,0.85601,-4.2205,0,0,0,1
0.86166,0.012573,0.50734,-1.5958,0.012573,0.99886,-0.046107,-0.51192,-0.50734,0.046107,0.86051,-4.1637,0,0,0,1
0.86605,0.012153,0.49981,-1.546,0.012153,0.9989,-0.045346,-0.50453,-0.49981,0.045346,0.86495,-4.1066,0,0,0,1
0.87038,0.01174,0.49224,-1.4969,0.01174,0.99894,-0.044583,-0.49711,-0.49224,0.044583,0.86932,-4.0491,0,0,0,1
0.87464,0.011334,0.48464,-1.4487,0.011334,0.99898,-0.043819,-0.48966,-0.48464,0.043819,0.87362,-3.9913,0,0,0,1
0.87884,0.010936,0.477,-1.4012,0.010936,0.99901,-0.043054,-0.48217,-0.477,0.043054,0.87785,-3.933,0,0,0,1
0.88297,0.010545,0.46932,-1.3545,0.010545,0.99905,-0.042288,-0.47465,-0.46932,0.042288,0.88202,-3.8744,0,0,0,1
0.88703,0.010162,0.4616,-1.3086,0.010162,0.99909,-0.041522,-0.4671,-0.4616,0.041522,0.88611,-3.8155,0,0,0,1
0.89102,0.0097857,0.45385,-1.2635,0.0097857,0.99912,-0.040754,-0.45951,-0.45385,0.040754,0.89014,-3.7561,0,0,0,1
0.89495,0.0094168,0.44607,-1.2192,0.0094168,0.99916,-0.039986,-0.45189,-0.44607,0.039986,0.89411,-3.6964,0,0,0,1
0.89881,0.0090552,0.43825,-1.1756,0.0090552,0.99919,-0.039217,-0.44423,-0.43825,0.039217,0.898,-3.6363,0,0,0,1
0.9026,0.008701,0.4304,-1.1329,0.008701,0.99922,-0.038448,-0.43654,-0.4304,0.038448,0.90182,-3.5758,0,0,0,1
0.90632,0.008354,0.42251,-1.0909,0.008354,0.99926,-0.037678,-0.42882,-0.42251,0.037678,0.90557,-3.515,0,0,0,1
0.90997,0.0080143,0.41459,-1.0498,0.0080143,0.99929,-0.036907,-0.42107,-0.41459,0.036907,0.90926,-3.4538,0,0,0,1
0.91356,0.007682,0.40664,-1.0094,0.007682,0.99932,-0.036136,-0.41328,-0.40664,0.036136,0.91287,-3.3922,0,0,0,1
0.91707,0.0073568,0.39866,-0.9698,0.0073568,0.99935,-0.035365,-0.40546,-0.39866,0.035365,0.91642,-3.3303,0,0,0,1
0.92051,0.007039,0.39065,-0.93101,0.007039,0.99938,-0.034594,-0.3976,-0.39065,0.034594,0.91989,-3.268,0,0,0,1
0.92389,0.0067284,0.38261,-0.893,0.0067284,0.99941,-0.033823,-0.38971,-0.38261,0.033823,0.92329,-3.2053,0,0,0,1
0.92719,0.0064251,0.37453,-0.85579,0.0064251,0.99943,-0.033051,-0.38179,-0.37453,0.033051,0.92662,-3.1422,0,0,0,1
0.93042,0.006129,0.36643,-0.81936,0.006129,0.99946,-0.032279,-0.37383,-0.36643,0.032279,0.92988,-3.0788,0,0,0,1
0.93359,0.0058401,0.35831,-0.78372,0.0058401,0.99949,-0.031508,-0.36584,-0.35831,0.031508,0.93307,-3.015,0,0,0,1
0.93668,0.0055585,0.35015,-0.74887,0.0055585,0.99951,-0.030736,-0.35782,-0.35015,0.030736,0.93619,-2.9508,0,0,0,1
0.9397,0.005284,0.34197,-0.71482,0.005284,0.99954,-0.029965,-0.34976,-0.34197,0.029965,0.93923,-2.8863,0,0,0,1
0.94265,0.0050168,0.33376,-0.68155,0.0050168,0.99956,-0.029194,-0.34167,-0.33376,0.029194,0.94221,-2.8213,0,0,0,1
0.94552,0.0047567,0.32552,-0.64907,0.0047567,0.99958,-0.028423,-0.33355,-0.32552,0.028423,0.94511,-2.7561,0,0,0,1
0.94833,0.0045038,0.31726,-0.61738,0.0045038,0.99961,-0.027653,-0.32539,-0.31726,0.027653,0.94793,-2.6904,0,0,0,1
0.95106,0.0042581,0.30898,-0.58648,0.0042581,0.99963,-0.026883,-0.3172,-0.30898,0.026883,0.95069,-2.6244,0,0,0,1
0.95372,0.0040195,0.30067,-0.55637,0.0040195,0.99965,-0.026113,-0.30898,-0.30067,0.026113,0.95337,-2.558,0,0,0,1
0.95631,0.003788,0.29234,-0.52705,0.003788,0.99967,-0.025344,-0.30072,-0.29234,0.025344,0.95598,-2.4912,0,0,0,1
0.95882,0.0035636,0.28399,-0.49852,0.0035636,0.99969,-0.024576,-0.29243,-0.28399,0.024576,0.95851,-2.424,0,0,0,1
0.96126,0.0033463,0.27561,-0.47078,0.0033463,0.99971,-0.023809,-0.2841,-0.27561,0.023809,0.96097,-2.3565,0,0,0,1
0.96363,0.003136,0.26721,-0.44383,0.003136,0.99973,-0.023042,-0.27574,-0.26721,0.023042,0.96336,-2.2886,0,0,0,1
0.96593,0.0029328,0.2588,-0.41767,0.0029328,0.99975,-0.022276,-0.26735,-0.2588,0.022276,0.96567,-2.2204,0,0,0,1
0.96815,0.0027367,0.25036,-0.3923,0.0027367,0.99976,-0.021511,-0.25893,-0.25036,0.021511,0.96791,-2.1518,0,0,0,1
0.9703,0.0025475,0.2419,-0.36772,0.0025475,0.99978,-0.020747,-0.25047,-0.2419,0.020747,0.97008,-2.0828,0,0,0,1
0.97237,0.0023653,0.23343,-0.34392,0.0023653,0.9998,-0.019984,-0.24197,-0.23343,0.019984,0.97217,-2.0134,0,0,0,1
0.97437,0.0021901,0.22494,-0.32092,0.0021901,0.99981,-0.019222,-0.23345,-0.22494,0.019222,0.97418,-1.9436,0,0,0,1
0.9763,0.0020219,0.21643,-0.29871,0.0020219,0.99983,-0.018461,-0.22489,-0.21643,0.018461,0.97612,-1.8735,0,0,0,1
0.97815,0.0018606,0.2079,-0.27728,0.0018606,0.99984,-0.017702,-0.21629,-0.2079,0.017702,0.97799,-1.803,0,0,0,1
0.97993,0.0017062,0.19936,-0.25665,0.0017062,0.99985,-0.016943,-0.20767,-0.19936,0.016943,0.97978,-1.7322,0,0,0,1
0.98163,0.0015586,0.1908,-0.23681,0.0015586,0.99987,-0.016187,-0.19901,-0.1908,0.016187,0.9815,-1.661,0,0,0,1
0.98326,0.0014179,0.18223,-0.21775,0.0014179,0.99988,-0.015431,-0.19031,-0.18223,0.015431,0.98314,-1.5894,0,0,0,1
0.98481,0.0012841,0.17364,-0.19949,0.0012841,0.99989,-0.014677,-0.18159,-0.17364,0.014677,0.9847,-1.5174,0,0,0,1
0.98629,0.0011571,0.16504,-0.18201,0.0011571,0.9999,-0.013925,-0.17283,-0.16504,0.013925,0.98619,-1.445,0,0,0,1
0.98769,0.0010368,0.15643,-0.16532,0.0010368,0.99991,-0.013174,-0.16403,-0.15643,0.013174,0.9876,-1.3723,0,0,0,1
0.98902,0.00092331,0.14781,-0.14943,0.00092331,0.99992,-0.012425,-0.1552,-0.14781,0.012425,0.98894,-1.2992,0,0,0,1
0.99027,0.00081655,0.13917,-0.13432,0.00081655,0.99993,-0.011677,-0.14634,-0.13917,0.011677,0.9902,-1.2258,0,0,0,1
0.99144,0.00071648,0.13052,-0.12,0.00071648,0.99994,-0.010931,-0.13745,-0.13052,0.010931,0.99138,-1.152,0,0,0,1
0.99255,0.0006231,0.12187,-0.10648,0.0006231,0.99995,-0.010187,-0.12852,-0.12187,0.010187,0.99249,-1.0778,0,0,0,1
0.99357,0.00053636,0.1132,-0.093738,0.00053636,0.99996,-0.0094455,-0.11956,-0.1132,0.0094455,0.99353,-1.0032,0,0,0,1
0.99452,0.00045624,0.10453,-0.081789,0.00045624,0.99996,-0.0087055,-0.11056,-0.10453,0.0087055,0.99448,-0.92825,0,0,0,1
0.9954,0.00038271,0.095845,-0.070631,0.00038271,0.99997,-0.0079675,-0.10153,-0.095845,0.0079675,0.99536,-0.85294,0,0,0,1
0.99619,0.00031574,0.087155,-0.060262,0.00031574,0.99997,-0.0072317,-0.092469,-0.087155,0.0072317,0.99617,-0.77726,0,0,0,1
0.99692,0.0002553,0.078459,-0.050682,0.0002553,0.99998,-0.0064979,-0.083373,-0.078459,0.0064979,0.9969,-0.7012,0,0,0,1
0.99756,0.00020137,0.069756,-0.041892,0.00020137,0.99998,-0.0057664,-0.074244,-0.069756,0.0057664,0.99755,-0.62478,0,0,0,1
0.99813,0.0001539,0.061048,-0.033892,0.0001539,0.99999,-0.0050371,-0.06508,-0.061048,0.0050371,0.99812,-0.54798,0,0,0,1
0.99863,0.00011286,0.052336,-0.026682,0.00011286,0.99999,-0.0043101,-0.055884,-0.052336,0.0043101,0.99862,-0.47081,0,0,0,1
0.99905,7.8236e-05,0.043619,-0.020261,7.8236e-05,0.99999,-0.0035855,-0.046654,-0.043619,0.0035855,0.99904,-0.39327,0,0,0,1
0.99939,4.9979e-05,0.034899,-0.014629,4.9979e-05,1,-0.0028633,-0.03739,-0.034899,0.0028633,0.99939,-0.31536,0,0,0,1
0.99966,2.8061e-05,0.026177,-0.0097875,2.8061e-05,1,-0.0021436,-0.028093,-0.026177,0.0021436,0.99966,-0.23708,0,0,0,1
0.99985,1.2449e-05,0.017452,-0.0057354,1.2449e-05,1,-0.0014265,-0.018762,-0.017452,0.0014265,0.99985,-0.15842,0,0,0,1
0.99996,3.1063e-06,0.0087265,-0.0024729,3.1063e-06,1,-0.00071191,-0.0093978,-0.0087265,0.00071191,0.99996,-0.079397,0,0,0,1
NaN,NaN,NaN,0,NaN,NaN,NaN,0,NaN,NaN,NaN,0,0,0,0,1
0.99996,3.0945e-06,-0.0087265,0.0016833,3.0945e-06,1,0.0007092,0.0094313,0.0087265,-0.0007092,0.99996,0.079768,0,0,0,1
0.99985,1.2354e-05,-0.017452,0.0025769,1.2354e-05,1,0.0014156,0.018896,0.017452,-0.0014156,0.99985,0.15991,0,0,0,1
0.99966,2.7743e-05,-0.026177,0.002681,2.7743e-05,1,0.0021193,0.028394,0.026177,-0.0021193,0.99966,0.24042,0,0,0,1
0.99939,4.9224e-05,-0.034899,0.0019954,4.9224e-05,1,0.00282,0.037926,0.034899,-0.00282,0.99939,0.3213,0,0,0,1
0.99905,7.676e-05,-0.043619,0.0005202,7.676e-05,0.99999,0.0035179,0.047492,0.043619,-0.0035179,0.99904,0.40255,0,0,0,1
0.99863,0.00011031,-0.052336,-0.0017446,0.00011031,0.99999,0.0042127,0.057091,0.052336,-0.0042127,0.99862,0.48418,0,0,0,1
0.99813,0.00014985,-0.061048,-0.004799,0.00014985,0.99999,0.0049046,0.066723,0.061048,-0.0049046,0.99812,0.56617,0,0,0,1
0.99756,0.00019532,-0.069756,-0.0086431,0.00019532,0.99998,0.0055933,0.076389,0.069756,-0.0055933,0.99755,0.64854,0,0,0,1
0.99692,0.0002467,-0.078459,-0.013277,0.0002467,0.99998,0.006279,0.086088,0.078459,-0.006279,0.9969,0.73128,0,0,0,1
0.99619,0.00030394,-0.087155,-0.0187,0.00030394,0.99998,0.0069614,0.095821,0.087155,-0.0069614,0.99617,0.81439,0,0,0,1
0.9954,0.00036701,-0.095845,-0.024913,0.00036701,0.99997,0.0076407,0.10559,0.095845,-0.0076407,0.99537,0.89787,0,0,0,1
0.99452,0.00043586,-0.10453,-0.031915,0.00043586,0.99997,0.0083166,0.11539,0.10453,-0.0083166,0.99449,0.98172,0,0,0,1
0.99357,0.00051045,-0.1132,-0.039708,0.00051045,0.99996,0.0089893,0.12522,0.1132,-0.0089893,0.99353,1.0659,0,0,0,1
0.99255,0.00059074,-0.12187,-0.048289,0.00059074,0.99995,0.0096585,0.13509,0.12187,-0.0096585,0.9925,1.1505,0,0,0,1
0.99144,0.0006767,-0.13052,-0.057661,0.0006767,0.99995,0.010324,0.14499,0.13052,-0.010324,0.99139,1.2355,0,0,0,1
0.99027,0.00076827,-0.13917,-0.067822,0.00076827,0.99994,0.010987,0.15492,0.13917,-0.010987,0.99021,1.3208,0,0,0,1
0.98902,0.00086542,-0.14781,-0.078772,0.00086542,0.99993,0.011646,0.16489,0.14781,-0.011646,0.98895,1.4065,0,0,0,1
0.98769,0.0009681,-0.15643,-0.090513,0.0009681,0.99992,0.012301,0.17489,0.15643,-0.012301,0.98761,1.4926,0,0,0,1
0.98629,0.0010763,-0.16504,-0.10304,0.0010763,0.99992,0.012952,0.18493,0.16504,-0.012952,0.9862,1.5791,0,0,0,1
0.98481,0.0011899,-0.17364,-0.11636,0.0011899,0.99991,0.0136,0.195,0.17364,-0.0136,0.98471,1.6659,0,0,0,1
0.98326,0.0013089,-0.18223,-0.13047,0.0013089,0.9999,0.014245,0.2051,0.18223,-0.014245,0.98315,1.7531,0,0,0,1
0.98163,0.0014333,-0.1908,-0.14537,0.0014333,0.99989,0.014885,0.21523,0.1908,-0.014885,0.98152,1.8407,0,0,0,1
0.97993,0.001563,-0.19936,-0.16106,0.001563,0.99988,0.015522,0.2254,0.19936,-0.015522,0.9798,1.9286,0,0,0,1
0.97815,0.001698,-0.2079,-0.17754,0.001698,0.99987,0.016155,0.2356,0.2079,-0.016155,0.97802,2.0169,0,0,0,1
0.9763,0.0018382,-0.21643,-0.1948,0.0018382,0.99986,0.016784,0.24584,0.21643,-0.016784,0.97615,2.1056,0,0,0,1
0.97437,0.0019835,-0.22494,-0.21286,0.0019835,0.99985,0.017409,0.25611,0.22494,-0.017409,0.97422,2.1946,0,0,0,1
0.97237,0.0021341,-0.23343,-0.23171,0.0021341,0.99984,0.01803,0.26641,0.23343,-0.01803,0.97221,2.2841,0,0,0,1
0.9703,0.0022897,-0.24191,-0.25134,0.0022897,0.99982,0.018647,0.27675,0.24191,-0.018647,0.97012,2.3738,0,0,0,1
0.96815,0.0024503,-0.25036,-0.27177,0.0024503,0.99981,0.01926,0.28712,0.25036,-0.01926,0.96796,2.464,0,0,0,1
0.96593,0.0026159,-0.2588,-0.29299,0.0026159,0.9998,0.019869,0.29752,0.2588,-0.019869,0.96573,2.5545,0,0,0,1
0.96363,0.0027865,-0.26722,-0.31499,0.0027865,0.99979,0.020474,0.30796,0.26722,-0.020474,0.96342,2.6455,0,0,0,1
0.96126,0.002962,-0.27562,-0.33779,0.002962,0.99977,0.021075,0.31843,0.27562,-0.021075,0.96104,2.7367,0,0,0,1
0.95882,0.0031423,-0.28399,-0.36137,0.0031423,0.99976,0.021671,0.32893,0.28399,-0.021671,0.95858,2.8284,0,0,0,1
0.95631,0.0033274,-0.29235,-0.38574,0.0033274,0.99975,0.022263,0.33947,0.29235,-0.022263,0.95605,2.9204,0,0,0,1
0.95372,0.0035173,-0.30068,-0.41091,0.0035173,0.99973,0.022851,0.35004,0.30068,-0.022851,0.95345,3.0128,0,0,0,1
0.95106,0.0037119,-0.30899,-0.43686,0.0037119,0.99972,0.023435,0.36065,0.30899,-0.023435,0.95078,3.1056,0,0,0,1
0.94833,0.0039111,-0.31727,-0.4636,0.0039111,0.9997,0.024014,0.37128,0.31727,-0.024014,0.94803,3.1987,0,0,0,1
0.94552,0.004115,-0.32553,-0.49114,0.004115,0.99969,0.024589,0.38196,0.32553,-0.024589,0.94521,3.2922,0,0,0,1
0.94264,0.0043234,-0.33377,-0.51946,0.0043234,0.99967,0.025159,0.39266,0.33377,-0.025159,0.94232,3.3861,0,0,0,1
0.9397,0.0045363,-0.34198,-0.54857,0.0045363,0.99966,0.025725,0.4034,0.34198,-0.025725,0.93935,3.4803,0,0,0,1
0.93668,0.0047536,-0.35016,-0.57847,0.0047536,0.99964,0.026286,0.41417,0.35016,-0.026286,0.93632,3.5749,0,0,0,1
0.93358,0.0049754,-0.35832,-0.60916,0.0049754,0.99963,0.026843,0.42498,0.35832,-0.026843,0.93321,3.6699,0,0,0,1
0.93042,0.0052015,-0.36645,-0.64064,0.0052015,0.99961,0.027395,0.43582,0.36645,-0.027395,0.93003,3.7653,0,0,0,1
0.92719,0.005432,-0.37455,-0.67291,0.005432,0.99959,0.027943,0.44669,0.37455,-0.027943,0.92678,3.861,0,0,0,1
0.92388,0.0056666,-0.38263,-0.70597,0.0056666,0.99958,0.028486,0.4576,0.38263,-0.028486,0.92346,3.9571,0,0,0,1
0.92051,0.0059055,-0.39067,-0.73982,0.0059055,0.99956,0.029024,0.46854,0.39067,-0.029024,0.92007,4.0536,0,0,0,1
0.91707,0.0061486,-0.39869,-0.77446,0.0061486,0.99954,0.029558,0.47951,0.39869,-0.029558,0.91661,4.1504,0,0,0,1
0.91355,0.0063957,-0.40667,-0.80989,0.0063957,0.99953,0.030087,0.49052,0.40667,-0.030087,0.91308,4.2477,0,0,0,1
0.90997,0.0066469,-0.41462,-0.84611,0.0066469,0.99951,0.030611,0.50156,0.41462,-0.030611,0.90948,4.3453,0,0,0,1
0.90632,0.006902,-0.42254,-0.88312,0.006902,0.99949,0.03113,0.51263,0.42254,-0.03113,0.90581,4.4432,0,0,0,1
0.90259,0.0071611,-0.43043,-0.92092,0.0071611,0.99947,0.031645,0.52374,0.43043,-0.031645,0.90207,4.5415,0,0,0,1
0.8988,0.0074241,-0.43829,-0.9595,0.0074241,0.99946,0.032154,0.53488,0.43829,-0.032154,0.89826,4.6403,0,0,0,1
0.89494,0.0076909,-0.44611,-0.99888,0.0076909,0.99944,0.032659,0.54605,0.44611,-0.032659,0.89438,4.7393,0,0,0,1
0.89102,0.0079615,-0.4539,-1.039,0.0079615,0.99942,0.033159,0.55726,0.4539,-0.033159,0.89044,4.8388,0,0,0,1
0.88702,0.0082359,-0.46165,-1.08,0.0082359,0.9994,0.033654,0.5685,0.46165,-0.033654,0.88642,4.9386,0,0,0,1
0.88296,0.0085139,-0.46937,-1.1217,0.0085139,0.99938,0.034144,0.57978,0.46937,-0.034144,0.88234,5.0388,0,0,0,1
0.87883,0.0087955,-0.47705,-1.1643,0.0087955,0.99936,0.034628,0.59109,0.47705,-0.034628,0.87819,5.1393,0,0,0,1
0.87463,0.0090807,-0.4847,-1.2076,0.0090807,0.99934,0.035108,0.60243,0.4847,-0.035108,0.87398,5.2403,0,0,0,1
0.87037,0.0093693,-0.49231,-1.2517,0.0093693,0.99932,0.035583,0.6138,0.49231,-0.035583,0.86969,5.3416,0,0,0,1
0.86604,0.0096615,-0.49988,-1.2966,0.0096615,0.9993,0.036053,0.62521,0.49988,-0.036053,0.86534,5.4432,0,0,0,1
0.86165,0.009957,-0.50741,-1.3423,0.009957,0.99928,0.036517,0.63666,0.50741,-0.036517,0.86093,5.5453,0,0,0,1
0.85719,0.010256,-0.51491,-1.3888,0.010256,0.99926,0.036977,0.64813,0.51491,-0.036977,0.85645,5.6477,0,0,0,1
0.85266,0.010558,-0.52236,-1.4361,0.010558,0.99924,0.037431,0.65964,0.52236,-0.037431,0.8519,5.7505,0,0,0,1
0.84807,0.010864,-0.52978,-1.4841,0.010864,0.99922,0.03788,0.67118,0.52978,-0.03788,0.84729,5.8537,0,0,0,1
0.84341,0.011172,-0.53715,-1.533,0.011172,0.9992,0.038324,0.68276,0.53715,-0.038324,0.84262,5.9572,0,0,0,1
0.83869,0.011484,-0.54448,-1.5826,0.011484,0.99918,0.038763,0.69437,0.54448,-0.038763,0.83788,6.0611,0,0,0,1
0.83391,0.011799,-0.55177,-1.6331,0.011799,0.99916,0.039197,0.70601,0.55177,-0.039197,0.83307,6.1654,0,0,0,1
0.82906,0.012117,-0.55902,-1.6843,0.012117,0.99914,0.039625,0.71769,0.55902,-0.039625,0.8282,6.27,0,0,0,1
0.82415,0.012437,-0.56623,-1.7363,0.012437,0.99912,0.040048,0.7294,0.56623,-0.040048,0.82327,6.375,0,0,0,1
0.81918,0.012761,-0.57339,-1.7891,0.012761,0.9991,0.040466,0.74115,0.57339,-0.040466,0.81828,6.4804,0,0,0,1
0.81415,0.013087,-0.58051,-1.8427,0.013087,0.99908,0.040878,0.75293,0.58051,-0.040878,0.81322,6.5862,0,0,0,1
0.80905,0.013417,-0.58759,-1.8971,0.013417,0.99906,0.041286,0.76474,0.58759,-0.041286,0.80811,6.6923,0,0,0,1
0.80389,0.013749,-0.59462,-1.9522,0.013749,0.99904,0.041687,0.77658,0.59462,-0.041687,0.80293,6.7988,0,0,0,1
0.79867,0.014084,-0.6016,-2.0082,0.014084,0.99901,0.042084,0.78846,0.6016,-0.042084,0.79768,6.9057,0,0,0,1
0.79339,0.014421,-0.60854,-2.0649,0.014421,0.99899,0.042475,0.80037,0.60854,-0.042475,0.79238,7.0129,0,0,0,1
0.78805,0.014761,-0.61544,-2.1225,0.014761,0.99897,0.042861,0.81232,0.61544,-0.042861,0.78702,7.1205,0,0,0,1
0.78265,0.015103,-0.62228,-2.1808,0.015103,0.99895,0.043241,0.8243,0.62228,-0.043241,0.7816,7.2285,0,0,0,1
0.77719,0.015448,-0.62908,-2.2399,0.015448,0.99893,0.043616,0.83631,0.62908,-0.043616,0.77612,7.3369,0,0,0,1
0.77167,0.015795,-0.63583,-2.2998,0.015795,0.99891,0.043985,0.84835,0.63583,-0.043985,0.77058,7.4456,0,0,0,1
0.76609,0.016145,-0.64253,-2.3605,0.016145,0.99889,0.044349,0.86043,0.64253,-0.044349,0.76498,7.5547,0,0,0,1
0.76045,0.016497,-0.64918,-2.422,0.016497,0.99886,0.044708,0.87255,0.64918,-0.044708,0.75932,7.6642,0,0,0,1
0.75476,0.016851,-0.65579,-2.4843,0.016851,0.99884,0.045061,0.88469,0.65579,-0.045061,0.7536,7.774,0,0,0,1
0.74901,0.017207,-0.66234,-2.5474,0.017207,0.99882,0.045408,0.89687,0.66234,-0.045408,0.74783,7.8842,0,0,0,1
0.7432,0.017566,-0.66884,-2.6112,0.017566,0.9988,0.04575,0.90909,0.66884,-0.04575,0.742,7.9948,0,0,0,1
0.73733,0.017926,-0.67529,-2.6759,0.017926,0.99878,0.046087,0.92134,0.67529,-0.046087,0.73611,8.1058,0,0,0,1
0.73141,0.018289,-0.68169,-2.7413,0.018289,0.99875,0.046418,0.93362,0.68169,-0.046418,0.73017,8.2171,0,0,0,1
0.72544,0.018653,-0.68804,-2.8075,0.018653,0.99873,0.046743,0.94593,0.68804,-0.046743,0.72417,8.3288,0,0,0,1
0.7194,0.019019,-0.69433,-2.8745,0.019019,0.99871,0.047063,0.95828,0.69433,-0.047063,0.71811,8.4408,0,0,0,1
0.71332,0.019388,-0.70057,-2.9423,0.019388,0.99869,0.047378,0.97066,0.70057,-0.047378,0.71201,8.5533,0,0,0,1
0.70718,0.019757,-0.70676,-3.0109,0.019757,0.99867,0.047687,0.98307,0.70676,-0.047687,0.70584,8.6661,0,0,0,1
0.70098,0.020129,-0.7129,-3.0803,0.020129,0.99864,0.04799,0.99552,0.7129,-0.04799,0.69963,8.7793,0,0,0,1
0.69473,0.020502,-0.71898,-3.1505,0.020502,0.99862,0.048288,1.008,0.71898,-0.048288,0.69336,8.8928,0,0,0,1
0.68843,0.020877,-0.725,-3.2214,0.020877,0.9986,0.04858,1.0205,0.725,-0.04858,0.68703,9.0068,0,0,0,1
0.68208,0.021254,-0.73097,-3.2932,0.021254,0.99858,0.048867,1.0331,0.73097,-0.048867,0.68066,9.1211,0,0,0,1
0.67567,0.021632,-0.73688,-3.3657,0.021632,0.99856,0.049148,1.0457,0.73688,-0.049148,0.67423,9.2357,0,0,0,1
0.66922,0.022011,-0.74274,-3.4391,0.022011,0.99854,0.049424,1.0583,0.74274,-0.049424,0.66775,9.3508,0,0,0,1
0.66271,0.022392,-0.74854,-3.5132,0.022392,0.99851,0.049693,1.0709,0.74854,-0.049693,0.66122,9.4662,0,0,0,1
0.65615,0.022774,-0.75428,-3.5881,0.022774,0.99849,0.049958,1.0836,0.75428,-0.049958,0.65464,9.582,0,0,0,1
0.64954,0.023157,-0.75997,-3.6638,0.023157,0.99847,0.050217,1.0963,0.75997,-0.050217,0.64801,9.6981,0,0,0,1
0.64289,0.023542,-0.7656,-3.7403,0.023542,0.99845,0.05047,1.1091,0.7656,-0.05047,0.64134,9.8146,0,0,0,1
0.63618,0.023927,-0.77117,-3.8176,0.023927,0.99843,0.050717,1.1218,0.77117,-0.050717,0.63461,9.9315,0,0,0,1
0.62943,0.024314,-0.77668,-3.8956,0.024314,0.9984,0.050959,1.1347,0.77668,-0.050959,0.62783,10.049,0,0,0,1
0.62263,0.024702,-0.78213,-3.9745,0.024702,0.99838,0.051196,1.1475,0.78213,-0.051196,0.62101,10.166,0,0,0,1
0.61578,0.025091,-0.78752,-4.0541,0.025091,0.99836,0.051427,1.1604,0.78752,-0.051427,0.61414,10.284,0,0,0,1
0.60888,0.02548,-0.79285,-4.1346,0.02548,0.99834,0.051652,1.1733,0.79285,-0.051652,0.60722,10.403,0,0,0,1
0.60194,0.025871,-0.79812,-4.2158,0.025871,0.99832,0.051872,1.1863,0.79812,-0.051872,0.60026,10.522,0,0,0,1
0.59495,0.026262,-0.80333,-4.2978,0.026262,0.9983,0.052086,1.1993,0.80333,-0.052086,0.59325,10.641,0,0,0,1
0.58791,0.026654,-0.80848,-4.3806,0.026654,0.99828,0.052294,1.2123,0.80848,-0.052294,0.58619,10.76,0,0,0,1
0.58084,0.027047,-0.81357,-4.4642,0.027047,0.99825,0.052497,1.2253,0.81357,-0.052497,0.57909,10.88,0,0,0,1
0.57371,0.027441,-0.8186,-4.5486,0.027441,0.99823,0.052694,1.2384,0.8186,-0.052694,0.57195,11,0,0,0,1
0.56655,0.027835,-0.82356,-4.6338,0.027835,0.99821,0.052886,1.2515,0.82356,-0.052886,0.56476,11.121,0,0,0,1
0.55934,0.028229,-0.82846,-4.7197,0.028229,0.99819,0.053072,1.2647,0.82846,-0.053072,0.55753,11.242,0,0,0,1
0.55209,0.028625,-0.83329,-4.8065,0.028625,0.99817,0.053253,1.2779,0.83329,-0.053253,0.55026,11.363,0,0,0,1
0.54479,0.02902,-0.83807,-4.894,0.02902,0.99815,0.053428,1.2911,0.83807,-0.053428,0.54294,11.485,0,0,0,1
0.53746,0.029416,-0.84278,-4.9824,0.029416,0.99813,0.053598,1.3043,0.84278,-0.053598,0.53559,11.607,0,0,0,1
0.53008,0.029812,-0.84742,-5.0715,0.029812,0.99811,0.053762,1.3176,0.84742,-0.053762,0.52819,11.73,0,0,0,1
0.52267,0.030209,-0.852,-5.1614,0.030209,0.99809,0.05392,1.3309,0.852,-0.05392,0.52076,11.852,0,0,0,1
0.51521,0.030605,-0.85652,-5.2521,0.030605,0.99807,0.054073,1.3443,0.85652,-0.054073,0.51328,11.976,0,0,0,1
0.50772,0.031002,-0.86097,-5.3436,0.031002,0.99805,0.054221,1.3577,0.86097,-0.054221,0.50576,12.099,0,0,0,1
0.50018,0.031399,-0.86535,-5.4359,0.031399,0.99803,0.054363,1.3711,0.86535,-0.054363,0.49821,12.223,0,0,0,1
0.50018,0.031399,-0.86535,-5.4359,0.031399,0.99803,0.054363,1.3711,0.86535,-0.054363,0.49821,12.223,0,0,0,1
0.50772,0.031002,-0.86097,-5.3436,0.031002,0.99805,0.054221,1.3577,0.86097,-0.054221,0.50576,12.099,0,0,0,1
0.51521,0.030605,-0.85652,-5.2521,0.030605,0.99807,0.054073,1.3443,0.85652,-0.054073,0.51328,11.976,0,0,0,1
0.52267,0.030209,-0.852,-5.1614,0.030209,0.99809,0.05392,1.3309,0.852,-0.05392,0.52076,11.852,0,0,0,1
0.53008,0.029812,-0.84742,-5.0715,0.029812,0.99811,0.053762,1.3176,0.84742,-0.053762,0.52819,11.73,0,0,0,1
0.53746,0.029416,-0.84278,-4.9824,0.029416,0.99813,0.053598,1.3043,0.84278,-0.053598,0.53559,11.607,0,0,0,1
0.54479,0.02902,-0.83807,-4.894,0.02902,0.99815,0.053428,1.2911,0.83807,-0.053428,0.54294,11.485,0,0,0,1
0.55209,0.028625,-0.83329,-4.8065,0.028625,0.99817,0.053253,1.2779,0.83329,-0.053253,0.55026,11.363,0,0,0,1
0.55934,0.028229,-0.82846,-4.7197,0.028229,0.99819,0.053072,1.2647,0.82846,-0.053072,0.55753,11.242,0,0,0,1
0.56655,0.027835,-0.82356,-4.6338,0.027835,0.99821,0.052886,1.2515,0.82356,-0.052886,0.56476,11.121,0,0,0,1
0.57371,0.027441,-0.8186,-4.5486,0.027441,0.99823,0.052694,1.2384,0.8186,-0.052694,0.57195,11,0,0,0,1
0.58084,0.027047,-0.81357,-4.4642,0.027047,0.99825,0.052497,1.2253,0.81357,-0.052497,0.57909,10.88,0,0,0,1
0.58791,0.026654,-0.80848,-4.3806,0.026654,0.99828,0.052294,1.2123,0.80848,-0.052294,0.58619,10.76,0,0,0,1
0.59495,0.026262,-0.80333,-4.2978,0.026262,0.9983,0.052086,1.1993,0.80333,-0.052086,0.59325,10.641,0,0,0,1
0.60194,0.025871,-0.79812,-4.2158,0.025871,0.99832,0.051872,1.1863,0.79812,-0.051872,0.60026,10.522,0,0,0,1
0.60888,0.02548,-0.79285,-4.1346,0.02548,0.99834,0.051652,1.1733,0.79285,-0.051652,0.60722,10.403,0,0,0,1
0.61578,0.025091,-0.78752,-4.0541,0.025091,0.99836,0.051427,1.1604,0.78752,-0.051427,0.61414,10.284,0,0,0,1
0.62263,0.024702,-0.78213,-3.9745,0.024702,0.99838,0.051196,1.1475,0.78213,-0.051196,0.62101,10.166,0,0,0,1
0.62943,0.024314,-0.77668,-3.8956,0.024314,0.9984,0.050959,1.1347,0.77668,-0.050959,0.62783,10.049,0,0,0,1
0.63618,0.023927,-0.77117,-3.8176,0.023927,0.99843,0.050717,1.1218,0.77117,-0.050717,0.63461,9.9315,0,0,0,1
0.64289,0.023542,-0.7656,-3.7403,0.023542,0.99845,0.05047,1.1091,0.7656,-0.05047,0.64134,9.8146,0,0,0,1
0.64954,0.023157,-0.75997,-3.6638,0.023157,0.99847,0.050217,1.0963,0.75997,-0.050217,0.64801,9.6981,0,0,0,1
0.65615,0.022774,-0.75428,-3.5881,0.022774,0.99849,0.049958,1.0836,0.75428,-0.049958,0.65464,9.582,0,0,0,1
0.66271,0.022392,-0.74854,-3.5132,0.022392,0.99851,0.049693,1.0709,0.74854,-0.049693,0.66122,9.4662,0,0,0,1
0.66922,0.022011,-0.74274,-3.4391,0.022011,0.99854,0.049424,1.0583,0.74274,-0.049424,0.66775,9.3508,0,0,0,1
0.67567,0.021632,-0.73688,-3.3657,0.021632,0.99856,0.049148,1.0457,0.73688,-0.049148,0.67423,9.2357,0,0,0,1
0.68208,0.021254,-0.73097,-3.2932,0.021254,0.99858,0.048867,1.0331,0.73097,-0.048867,0.68066,9.1211,0,0,0,1
0.68843,0.020877,-0.725,-3.2214,0.020877,0.9986,0.04858,1.0205,0.725,-0.04858,0.68703,9.0068,0,0,0,1
0.69473,0.020502,-0.71898,-3.1505,0.020502,0.99862,0.048288,1.008,0.71898,-0.048288,0.69336,8.8928,0,0,0,1
0.70098,0.020129,-0.7129,-3.0803,0.020129,0.99864,0.04799,0.99552,0.7129,-0.04799,0.69963,8.7793,0,0,0,1
0.70718,0.019757,-0.70676,-3.0109,0.019757,0.99867,0.047687,0.98307,0.70676,-0.047687,0.70584,8.6661,0,0,0,1
0.71332,0.019388,-0.70057,-2.9423,0.019388,0.99869,0.047378,0.97066,0.70057,-0.047378,0.71201,8.5533,0,0,0,1
0.7194,0.019019,-0.69433,-2.8745,0.019019,0.99871,0.047063,0.95828,0.69433,-0.047063,0.71811,8.4408,0,0,0,1
0.72544,0.018653,-0.68804,-2.8075,0.018653,0.99873,0.046743,0.94593,0.68804,-0.046743,0.72417,8.3288,0,0,0,1
0.73141,0.018289,-0.68169,-2.7413,0.018289,0.99875,0.046418,0.93362,0.68169,-0.046418,0.73017,8.2171,0,0,0,1
0.73733,0.017926,-0.67529,-2.6759,0.017926,0.99878,0.046087,0.92134,0.67529,-0.046087,0.73611,8.1058,0,0,0,1
0.7432,0.017566,-0.66884,-2.6112,0.017566,0.9988,0.04575,0.90909,0.66884,-0.04575,0.742,7.9948,0,0,0,1
0.74901,0.017207,-0.66234,-2.5474,0.017207,0.99882,0.045408,0.89687,0.66234,-0.045408,0.74783,7.8842,0,0,0,1
0.75476,0.016851,-0.65579,-2.4843,0.016851,0.99884,0.045061,0.88469,0.65579,-0.045061,0.7536,7.774,0,0,0,1
0.76045,0.016497,-0.64918,-2.422,0.016497,0.99886,0.044708,0.87255,0.64918,-0.044708,0.75932,7.6642,0,0,0,1
0.76609,0.016145,-0.64253,-2.3605,0.016145,0.99889,0.044349,0.86043,0.64253,-0.044349,0.76498,7.5547,0,0,0,1
0.77167,0.015795,-0.63583,-2.2998,0.015795,0.99891,0.043985,0.84835,0.63583,-0.043985,0.77058,7.4456,0,0,0,1
0.77719,0.015448,-0.62908,-2.2399,0.015448,0.99893,0.043616,0.83631,0.62908,-0.043616,0.77612,7.3369,0,0,0,1
0.78265,0.015103,-0.62228,-2.1808,0.015103,0.99895,0.043241,0.8243,0.62228,-0.043241,0.7816,7.2285,0,0,0,1
0.78805,0.014761,-0.61544,-2.1225,0.014761,0.99897,0.042861,0.81232,0.61544,-0.042861,0.78702,7.1205,0,0,0,1
0.79339,0.014421,-0.60854,-2.0649,0.014421,0.99899,0.042475,0.80037,0.60854,-0.042475,0.79238,7.0129,0,0,0,1
0.79867,0.014084,-0.6016,-2.0082,0.014084,0.99901,0.042084,0.78846,0.6016,-0.042084,0.79768,6.9057,0,0,0,1
0.80389,0.013749,-0.59462,-1.9522,0.013749,0.99904,0.041687,0.77658,0.59462,-0.041687,0.80293,6.7988,0,0,0,1
0.80905,0.013417,-0.58759,-1.8971,0.013417,0.99906,0.041286,0.76474,0.58759,-0.041286,0.80811,6.6923,0,0,0,1
0.81415,0.013087,-0.58051,-1.8427,0.013087,0.99908,0.040878,0.75293,0.58051,-0.040878,0.81322,6.5862,0,0,0,1
0.81918,0.012761,-0.57339,-1.7891,0.012761,0.9991,0.040466,0.74115,0.57339,-0.040466,0.81828,6.4804,0,0,0,1
0.82415,0.012437,-0.56623,-1.7363,0.012437,0.99912,0.040048,0.7294,0.56623,-0.040048,0.82327,6.375,0,0,0,1
0.82906,0.012117,-0.55902,-1.6843,0.012117,0.99914,0.039625,0.71769,0.55902,-0.039625,0.8282,6.27,0,0,0,1
0.83391,0.011799,-0.55177,-1.6331,0.011799,0.99916,0.039197,0.70601,0.55177,-0.039197,0.83307,6.1654,0,0,0,1
0.83869,0.011484,-0.54448,-1.5826,0.011484,0.99918,0.038763,0.69437,0.54448,-0.038763,0.83788,6.0611,0,0,0,1
0.84341,0.011172,-0.53715,-1.533,0.011172,0.9992,0.038324,0.68276,0.53715,-0.038324,0.84262,5.9572,0,0,0,1
0.84807,0.010864,-0.52978,-1.4841,0.010864,0.99922,0.03788,0.67118,0.52978,-0.03788,0.84729,5.8537,0,0,0,1
0.85266,0.010558,-0.52236,-1.4361,0.010558,0.99924,0.037431,0.65964,0.52236,-0.037431,0.8519,5.7505,0,0,0,1
0.85719,0.010256,-0.51491,-1.3888,0.010256,0.99926,0.036977,0.64813,0.51491,-0.036977,0.85645,5.6477,0,0,0,1
0.86165,0.009957,-0.50741,-1.3423,0.009957,0.99928,0.036517,0.63666,0.50741,-0.036517,0.86093,5.5453,0,0,0,1
0.86604,0.0096615,-0.49988,-1.2966,0.0096615,0.9993,0.036053,0.62521,0.49988,-0.036053,0.86534,5.4432,0,0,0,1
0.87037,0.0093693,-0.49231,-1.2517,0.0093693,0.99932,0.035583,0.6138,0.49231,-0.035583,0.86969,5.3416,0,0,0,1
0.87463,0.0090807,-0.4847,-1.2076,0.0090807,0.99934,0.035108,0.60243,0.4847,-0.035108,0.87398,5.2403,0,0,0,1
0.87883,0.0087955,-0.47705,-1.1643,0.0087955,0.99936,0.034628,0.59109,0.47705,-0.034628,0.87819,5.1393,0,0,0,1
0.88296,0.0085139,-0.46937,-1.1217,0.0085139,0.99938,0.034144,0.57978,0.46937,-0.034144,0.88234,5.0388,0,0,0,1
0.88702,0.0082359,-0.46165,-1.08,0.0082359,0.9994,0.033654,0.5685,0.46165,-0.033654,0.88642,4.9386,0,0,0,1
0.89102,0.0079615,-0.4539,-1.039,0.0079615,0.99942,0.033159,0.55726,0.4539,-0.033159,0.89044,4.8388,0,0,0,1
0.89494,0.0076909,-0.44611,-0.99888,0.0076909,0.99944,0.032659,0.54605,0.44611,-0.032659,0.89438,4.7393,0,0,0,1
0.8988,0.0074241,-0.43829,-0.9595,0.0074241,0.99946,0.032154,0.53488,0.43829,-0.032154,0.89826,4.6403,0,0,0,1
0.90259,0.0071611,-0.43043,-0.92092,0.0071611,0.99947,0.031645,0.52374,0.43043,-0.031645,0.90207,4.5415,0,0,0,1
0.90632,0.006902,-0.42254,-0.88312,0.006902,0.99949,0.03113,0.51263,0.42254,-0.03113,0.90581,4.4432,0,0,0,1
0.90997,0.0066469,-0.41462,-0.84611,0.0066469,0.99951,0.030611,0.50156,0.41462,-0.030611,0.90948,4.3453,0,0,0,1
0.91355,0.0063957,-0.40667,-0.80989,0.0063957,0.99953,0.030087,0.49052,0.40667,-0.030087,0.91308,4.2477,0,0,0,1
0.91707,0.0061486,-0.39869,-0.77446,0.0061486,0.99954,0.029558,0.47951,0.39869,-0.029558,0.91661,4.1504,0,0,0,1
0.92051,0.0059055,-0.39067,-0.73982,0.0059055,0.99956,0.029024,0.46854,0.39067,-0.029024,0.92007,4.0536,0,0,0,1
0.92388,0.0056666,-0.38263,-0.70597,0.0056666,0.99958,0.028486,0.4576,0.38263,-0.028486,0.92346,3.9571,0,0,0,1
0.92719,0.005432,-0.37455,-0.67291,0.005432,0.99959,0.027943,0.44669,0.37455,-0.027943,0.92678,3.861,0,0,0,1
0.93042,0.0052015,-0.36645,-0.64064,0.0052015,0.99961,0.027395,0.43582,0.36645,-0.027395,0.93003,3.7653,0,0,0,1
0.93358,0.0049754,-0.35832,-0.60916,0.0049754,0.99963,0.026843,0.42498,0.35832,-0.026843,0.93321,3.6699,0,0,0,1
0.93668,0.0047536,-0.35016,-0.57847,0.0047536,0.99964,0.026286,0.41417,0.35016,-0.026286,0.93632,3.5749,0,0,0,1
0.9397,0.0045363,-0.34198,-0.54857,0.0045363,0.99966,0.025725,0.4034,0.34198,-0.025725,0.93935,3.4803,0,0,0,1
0.94264,0.0043234,-0.33377,-0.51946,0.0043234,0.99967,0.025159,0.39266,0.33377,-0.025159,0.94232,3.3861,0,0,0,1
0.94552,0.004115,-0.32553,-0.49114,0.004115,0.99969,0.024589,0.38196,0.32553,-0.024589,0.94521,3.2922,0,0,0,1
0.94833,0.0039111,-0.31727,-0.4636,0.0039111,0.9997,0.024014,0.37128,0.31727,-0.024014,0.94803,3.1987,0,0,0,1
0.95106,0.0037119,-0.30899,-0.43686,0.0037119,0.99972,0.023435,0.36065,0.30899,-0.023435,0.95078,3.1056,0,0,0,1
0.95372,0.0035173,-0.30068,-0.41091,0.0035173,0.99973,0.022851,0.35004,0.30068,-0.022851,0.95345,3.0128,0,0,0,1
0.95631,0.0033274,-0.29235,-0.38574,0.0033274,0.99975,0.022263,0.33947,0.29235,-0.022263,0.95605,2.9204,0,0,0,1
0.95882,0.0031423,-0.28399,-0.36137,0.0031423,0.99976,0.021671,0.32893,0.28399,-0.021671,0.95858,2.8284,0,0,0,1
0.96126,0.002962,-0.27562,-0.33779,0.002962,0.99977,0.021075,0.31843,0.27562,-0.021075,0.96104,2.7367,0,0,0,1
0.96363,0.0027865,-0.26722,-0.31499,0.0027865,0.99979,0.020474,0.30796,0.26722,-0.020474,0.96342,2.6455,0,0,0,1
0.96593,0.0026159,-0.2588,-0.29299,0.0026159,0.9998,0.019869,0.29752,0.2588,-0.019869,0.96573,2.5545,0,0,0,1
0.96815,0.0024503,-0.25036,-0.27177,0.0024503,0.99981,0.01926,0.28712,0.25036,-0.01926,0.96796,2.464,0,0,0,1
0.9703,0.0022897,-0.24191,-0.25134,0.0022897,0.99982,0.018647,0.27675,0.24191,-0.018647,0.97012,2.3738,0,0,0,1
0.97237,0.0021341,-0.23343,-0.23171,0.0021341,0.99984,0.01803,0.26641,0.23343,-0.01803,0.97221,2.2841,0,0,0,1
0.97437,0.0019835,-0.22494,-0.21286,0.0019835,0.99985,0.017409,0.25611,0.22494,-0.017409,0.97422,2.1946,0,0,0,1
0.9763,0.0018382,-0.21643,-0.1948,0.0018382,0.99986,0.016784,0.24584,0.21643,-0.016784,0.97615,2.1056,0,0,0,1
0.97815,0.001698,-0.2079,-0.17754,0.001698,0.99987,0.016155,0.2356,0.2079,-0.016155,0.97802,2.0169,0,0,0,1
0.97993,0.001563,-0.19936,-0.16106,0.001563,0.99988,0.015522,0.2254,0.19936,-0.015522,0.9798,1.9286,0,0,0,1
0.98163,0.0014333,-0.1908,-0.14537,0.0014333,0.99989,0.014885,0.21523,0.1908,-0.014885,0.98152,1.8407,0,0,0,1
0.98326,0.0013089,-0.18223,-0.13047,0.0013089,0.9999,0.014245,0.2051,0.18223,-0.014245,0.98315,1.7531,0,0,0,1
0.98481,0.0011899,-0.17364,-0.11636,0.0011899,0.99991,0.0136,0.195,0.17364,-0.0136,0.98471,1.6659,0,0,0,1
0.98629,0.0010763,-0.16504,-0.10304,0.0010763,0.99992,0.012952,0.18493,0.16504,-0.012952,0.9862,1.5791,0,0,0,1
0.98769,0.0009681,-0.15643,-0.090513,0.0009681,0.99992,0.012301,0.17489,0.15643,-0.012301,0.98761,1.4926,0,0,0,1
0.98902,0.00086542,-0.14781,-0.078772,0.00086542,0.99993,0.011646,0.16489,0.14781,-0.011646,0.98895,1.4065,0,0,0,1
0.99027,0.00076827,-0.13917,-0.067822,0.00076827,0.99994,0.010987,0.15492,0.13917,-0.010987,0.99021,1.3208,0,0,0,1
0.99144,0.0006767,-0.13052,-0.057661,0.0006767,0.99995,0.010324,0.14499,0.13052,-0.010324,0.99139,1.2355,0,0,0,1
0.99255,0.00059074,-0.12187,-0.048289,0.00059074,0.99995,0.0096585,0.13509,0.12187,-0.0096585,0.9925,1.1505,0,0,0,1
0.99357,0.00051045,-0.1132,-0.039708,0.00051045,0.99996,0.0089893,0.12522,0.1132,-0.0089893,0.99353,1.0659,0,0,0,1
0.99452,0.00043586,-0.10453,-0.031915,0.00043586,0.99997,0.0083166,0.11539,0.10453,-0.0083166,0.99449,0.98172,0,0,0,1
0.9954,0.00036701,-0.095845,-0.024913,0.00036701,0.99997,0.0076407,0.10559,0.095845,-0.0076407,0.99537,0.89787,0,0,0,1
0.99619,0.00030394,-0.087155,-0.0187,0.00030394,0.99998,0.0069614,0.095821,0.087155,-0.0069614,0.99617,0.81439,0,0,0,1
0.99692,0.0002467,-0.078459,-0.013277,0.0002467,0.99998,0.006279,0.086088,0.078459,-0.006279,0.9969,0.73128,0,0,0,1
0.99756,0.00019532,-0.069756,-0.0086431,0.00019532,0.99998,0.0055933,0.076389,0.069756,-0.0055933,0.99755,0.64854,0,0,0,1
0.99813,0.00014985,-0.061048,-0.004799,0.00014985,0.99999,0.0049046,0.066723,0.061048,-0.0049046,0.99812,0.56617,0,0,0,1
0.99863,0.00011031,-0.052336,-0.0017446,0.00011031,0.99999,0.0042127,0.057091,0.052336,-0.0042127,0.99862,0.48418,0,0,0,1
0.99905,7.676e-05,-0.043619,0.0005202,7.676e-05,0.99999,0.0035179,0.047492,0.043619,-0.0035179,0.99904,0.40255,0,0,0,1
0.99939,4.9224e-05,-0.034899,0.0019954,4.9224e-05,1,0.00282,0.037926,0.034899,-0.00282,0.99939,0.3213,0,0,0,1
0.99966,2.7743e-05,-0.026177,0.002681,2.7743e-05,1,0.0021193,0.028394,0.026177,-0.0021193,0.99966,0.24042,0,0,0,1
0.99985,1.2354e-05,-0.017452,0.0025769,1.2354e-05,1,0.0014156,0.018896,0.017452,-0.0014156,0.99985,0.15991,0,0,0,1
0.99996,3.0945e-06,-0.0087265,0.0016833,3.0945e-06,1,0.0007092,0.0094313,0.0087265,-0.0007092,0.99996,0.079768,0,0,0,1
NaN,NaN,NaN,0,NaN,NaN,NaN,0,NaN,NaN,NaN,0,0,0,0,1
NaN,NaN,NaN,0,NaN,NaN,NaN,0,NaN,NaN,NaN,0,0,0,0,1
