0.50047,0.049967,0.86431,-5.2773,0.049967,0.995,-0.086455,-0.78998,-0.86431,0.086455,0.49547,-6.1149,0,0,0,1
0.50799,0.049138,0.85996,-5.1915,0.049138,0.99509,-0.085886,-0.78517,-0.85996,0.085886,0.50308,-6.0836,0,0,0,1
0.51547,0.048316,0.85554,-5.1065,0.048316,0.99518,-0.085313,-0.78033,-0.85554,0.085313,0.51065,-6.052,0,0,0,1
0.52292,0.0475,0.85106,-5.0221,0.0475,0.99527,-0.084733,-0.77546,-0.85106,0.084733,0.51819,-6.02,0,0,0,1
0.53032,0.046689,0.84651,-4.9385,0.046689,0.99536,-0.084149,-0.77056,-0.84651,0.084149,0.52568,-5.9877,0,0,0,1
0.53769,0.045885,0.84189,-4.8555,0.045885,0.99545,-0.08356,-0.76563,-0.84189,0.08356,0.53313,-5.9551,0,0,0,1
0.54501,0.045088,0.83721,-4.7733,0.045088,0.99553,-0.082966,-0.76068,-0.83721,0.082966,0.54055,-5.9221,0,0,0,1
0.5523,0.044297,0.83247,-4.6917,0.044297,0.99562,-0.082366,-0.75569,-0.83247,0.082366,0.54792,-5.8888,0,0,0,1
0.55954,0.043512,0.82766,-4.6109,0.043512,0.9957,-0.081762,-0.75067,-0.82766,0.081762,0.55524,-5.8552,0,0,0,1
0.56674,0.042733,0.82279,-4.5307,0.042733,0.99579,-0.081153,-0.74562,-0.82279,0.081153,0.56253,-5.8212,0,0,0,1
0.5739,0.041961,0.81785,-4.4513,0.041961,0.99587,-0.08054,-0.74054,-0.81785,0.08054,0.56977,-5.7869,0,0,0,1
0.58101,0.041196,0.81285,-4.3726,0.041196,0.99595,-0.079921,-0.73544,-0.81285,0.079921,0.57696,-5.7523,0,0,0,1
0.58808,0.040437,0.80779,-4.2945,0.040437,0.99603,-0.079298,-0.7303,-0.80779,0.079298,0.58411,-5.7174,0,0,0,1
0.59511,0.039684,0.80266,-4.2172,0.039684,0.99611,-0.078671,-0.72513,-0.80266,0.078671,0.59122,-5.6821,0,0,0,1
0.60209,0.038938,0.79748,-4.1406,0.038938,0.99619,-0.078039,-0.71993,-0.79748,0.078039,0.59828,-5.6465,0,0,0,1
0.60903,0.038199,0.79223,-4.0647,0.038199,0.99627,-0.077402,-0.71471,-0.79223,0.077402,0.60529,-5.6106,0,0,0,1
0.61592,0.037466,0.78692,-3.9894,0.037466,0.99635,-0.076762,-0.70945,-0.78692,0.076762,0.61226,-5.5743,0,0,0,1
0.62276,0.03674,0.78155,-3.9149,0.03674,0.99642,-0.076117,-0.70416,-0.78155,0.076117,0.61918,-5.5377,0,0,0,1
0.62955,0.036021,0.77612,-3.8411,0.036021,0.9965,-0.075468,-0.69885,-0.77612,0.075468,0.62605,-5.5008,0,0,0,1
0.6363,0.035308,0.77063,-3.768,0.035308,0.99657,-0.074814,-0.6935,-0.77063,0.074814,0.63288,-5.4635,0,0,0,1
0.643,0.034603,0.76508,-3.6956,0.034603,0.99665,-0.074157,-0.68813,-0.76508,0.074157,0.63965,-5.4259,0,0,0,1
0.64965,0.033904,0.75947,-3.6239,0.033904,0.99672,-0.073496,-0.68272,-0.75947,0.073496,0.64637,-5.388,0,0,0,1
0.65626,0.033211,0.75381,-3.5528,0.033211,0.99679,-0.07283,-0.67728,-0.75381,0.07283,0.65305,-5.3498,0,0,0,1
0.66281,0.032526,0.74808,-3.4825,0.032526,0.99686,-0.072161,-0.67182,-0.74808,0.072161,0.65967,-5.3112,0,0,0,1
0.66931,0.031848,0.7423,-3.4129,0.031848,0.99693,-0.071488,-0.66632,-0.7423,0.071488,0.66625,-5.2723,0,0,0,1
0.67576,0.031176,0.73646,-3.344,0.031176,0.997,-0.070812,-0.6608,-0.73646,0.070812,0.67277,-5.2331,0,0,0,1
0.68216,0.030511,0.73056,-3.2758,0.030511,0.99707,-0.070132,-0.65524,-0.73056,0.070132,0.67924,-5.1935,0,0,0,1
0.68851,0.029853,0.72461,-3.2083,0.029853,0.99714,-0.069448,-0.64966,-0.72461,0.069448,0.68565,-5.1536,0,0,0,1
0.69481,0.029203,0.7186,-3.1415,0.029203,0.99721,-0.068761,-0.64405,-0.7186,0.068761,0.69202,-5.1134,0,0,0,1
0.70105,0.028559,0.71254,-3.0754,0.028559,0.99727,-0.06807,-0.6384,-0.71254,0.06807,0.69833,-5.0728,0,0,0,1
0.70725,0.027922,0.70642,-3.01,0.027922,0.99734,-0.067376,-0.63273,-0.70642,0.067376,0.70458,-5.0319,0,0,0,1
0.71338,0.027292,0.70024,-2.9454,0.027292,0.9974,-0.066678,-0.62702,-0.70024,0.066678,0.71078,-4.9907,0,0,0,1
0.71947,0.026669,0.69402,-2.8814,0.026669,0.99746,-0.065978,-0.62129,-0.69402,0.065978,0.71693,-4.9491,0,0,0,1
0.72549,0.026054,0.68773,-2.8181,0.026054,0.99753,-0.065274,-0.61553,-0.68773,0.065274,0.72302,-4.9073,0,0,0,1
0.73147,0.025445,0.6814,-2.7555,0.025445,0.99759,-0.064567,-0.60973,-0.6814,0.064567,0.72906,-4.8651,0,0,0,1
0.73739,0.024844,0.67501,-2.6936,0.024844,0.99765,-0.063857,-0.60391,-0.67501,0.063857,0.73504,-4.8225,0,0,0,1
0.74325,0.024249,0.66858,-2.6324,0.024249,0.99771,-0.063145,-0.59806,-0.66858,0.063145,0.74096,-4.7797,0,0,0,1
0.74905,0.023662,0.66209,-2.572,0.023662,0.99777,-0.062429,-0.59218,-0.66209,0.062429,0.74682,-4.7365,0,0,0,1
0.7548,0.023082,0.65555,-2.5122,0.023082,0.99783,-0.061711,-0.58626,-0.65555,0.061711,0.75263,-4.6929,0,0,0,1
0.76049,0.022509,0.64895,-2.4531,0.022509,0.99788,-0.06099,-0.58032,-0.64895,0.06099,0.75838,-4.6491,0,0,0,1
0.76613,0.021943,0.64231,-2.3947,0.021943,0.99794,-0.060266,-0.57435,-0.64231,0.060266,0.76407,-4.6049,0,0,0,1
0.7717,0.021385,0.63562,-2.3371,0.021385,0.998,-0.05954,-0.56835,-0.63562,0.05954,0.7697,-4.5604,0,0,0,1
0.77722,0.020833,0.62888,-2.2801,0.020833,0.99805,-0.058811,-0.56231,-0.62888,0.058811,0.77527,-4.5155,0,0,0,1
0.78268,0.020289,0.62209,-2.2238,0.020289,0.99811,-0.05808,-0.55625,-0.62209,0.05808,0.78079,-4.4703,0,0,0,1
0.78808,0.019752,0.61526,-2.1683,0.019752,0.99816,-0.057346,-0.55016,-0.61526,0.057346,0.78624,-4.4248,0,0,0,1
0.79342,0.019223,0.60837,-2.1134,0.019223,0.99821,-0.05661,-0.54404,-0.60837,0.05661,0.79163,-4.379,0,0,0,1
0.7987,0.0187,0.60144,-2.0592,0.0187,0.99826,-0.055872,-0.53789,-0.60144,0.055872,0.79696,-4.3328,0,0,0,1
0.80391,0.018185,0.59447,-2.0058,0.018185,0.99831,-0.055132,-0.53171,-0.59447,0.055132,0.80223,-4.2863,0,0,0,1
0.80907,0.017677,0.58744,-1.953,0.017677,0.99836,-0.054389,-0.5255,-0.58744,0.054389,0.80743,-4.2395,0,0,0,1
0.81417,0.017177,0.58038,-1.901,0.017177,0.99841,-0.053645,-0.51926,-0.58038,0.053645,0.81258,-4.1923,0,0,0,1
0.8192,0.016684,0.57326,-1.8496,0.016684,0.99846,-0.052899,-0.51299,-0.57326,0.052899,0.81766,-4.1448,0,0,0,1
0.82417,0.016198,0.56611,-1.799,0.016198,0.99851,-0.052151,-0.50669,-0.56611,0.052151,0.82268,-4.097,0,0,0,1
0.82908,0.015719,0.55891,-1.749,0.015719,0.99855,-0.051401,-0.50036,-0.55891,0.051401,0.82763,-4.0489,0,0,0,1
0.83393,0.015247,0.55167,-1.6998,0.015247,0.9986,-0.050649,-0.494,-0.55167,0.050649,0.83253,-4.0004,0,0,0,1
0.83871,0.014783,0.54438,-1.6513,0.014783,0.99865,-0.049896,-0.48761,-0.54438,0.049896,0.83735,-3.9516,0,0,0,1
0.84343,0.014327,0.53705,-1.6034,0.014327,0.99869,-0.049141,-0.48119,-0.53705,0.049141,0.84212,-3.9024,0,0,0,1
0.84808,0.013877,0.52968,-1.5563,0.013877,0.99873,-0.048385,-0.47474,-0.52968,0.048385,0.84681,-3.8529,0,0,0,1
0.85267,0.013435,0.52228,-1.5098,0.013435,0.99877,-0.047627,-0.46826,-0.52228,0.047627,0.85145,-3.8031,0,0,0,1
0.8572,0.013,0.51483,-1.4641,0.013,0.99882,-0.046868,-0.46175,-0.51483,0.046868,0.85601,-3.753,0,0,0,1
0.86166,0.012573,0.50734,-1.4191,0.012573,0.99886,-0.046107,-0.45522,-0.50734,0.046107,0.86051,-3.7025,0,0,0,1
0.86605,0.012153,0.49981,-1.3748,0.012153,0.9989,-0.045346,-0.44865,-0.49981,0.045346,0.86495,-3.6518,0,0,0,1
0.87038,0.01174,0.49224,-1.3311,0.01174,0.99894,-0.044583,-0.44205,-0.49224,0.044583,0.86932,-3.6006,0,0,0,1
0.87464,0.011334,0.48464,-1.2882,0.011334,0.99898,-0.043819,-0.43542,-0.48464,0.043819,0.87362,-3.5492,0,0,0,1
0.87884,0.010936,0.477,-1.246,0.010936,0.99901,-0.043054,-0.42876,-0.477,0.043054,0.87785,-3.4974,0,0,0,1
0.88297,0.010545,0.46932,-1.2045,0.010545,0.99905,-0.042288,-0.42208,-0.46932,0.042288,0.88202,-3.4453,0,0,0,1
0.88703,0.010162,0.4616,-1.1636,0.010162,0.99909,-0.041522,-0.41536,-0.4616,0.041522,0.88611,-3.3928,0,0,0,1
0.89102,0.0097857,0.45385,-1.1235,0.0097857,0.99912,-0.040754,-0.40861,-0.45385,0.040754,0.89014,-3.3401,0,0,0,1
0.89495,0.0094168,0.44607,-1.0841,0.0094168,0.99916,-0.039986,-0.40183,-0.44607,0.039986,0.89411,-3.287,0,0,0,1
0.89881,0.0090552,0.43825,-1.0454,0.0090552,0.99919,-0.039217,-0.39503,-0.43825,0.039217,0.898,-3.2335,0,0,0,1
0.9026,0.008701,0.4304,-1.0074,0.008701,0.99922,-0.038448,-0.38819,-0.4304,0.038448,0.90182,-3.1798,0,0,0,1
0.90632,0.008354,0.42251,-0.97009,0.008354,0.99926,-0.037678,-0.38132,-0.42251,0.037678,0.90557,-3.1257,0,0,0,1
0.90997,0.0080143,0.41459,-0.93349,0.0080143,0.99929,-0.036907,-0.37443,-0.41459,0.036907,0.90926,-3.0712,0,0,0,1
0.91356,0.007682,0.40664,-0.89758,0.007682,0.99932,-0.036136,-0.3675,-0.40664,0.036136,0.91287,-3.0165,0,0,0,1
0.91707,0.0073568,0.39866,-0.86238,0.0073568,0.99935,-0.035365,-0.36055,-0.39866,0.035365,0.91642,-2.9614,0,0,0,1
0.92051,0.007039,0.39065,-0.82788,0.007039,0.99938,-0.034594,-0.35356,-0.39065,0.034594,0.91989,-2.906,0,0,0,1
0.92389,0.0067284,0.38261,-0.79409,0.0067284,0.99941,-0.033823,-0.34655,-0.38261,0.033823,0.92329,-2.8502,0,0,0,1
0.92719,0.0064251,0.37453,-0.76099,0.0064251,0.99943,-0.033051,-0.3395,-0.37453,0.033051,0.92662,-2.7942,0,0,0,1
0.93042,0.006129,0.36643,-0.7286,0.006129,0.99946,-0.032279,-0.33243,-0.36643,0.032279,0.92988,-2.7378,0,0,0,1
0.93359,0.0058401,0.35831,-0.69691,0.0058401,0.99949,-0.031508,-0.32532,-0.35831,0.031508,0.93307,-2.681,0,0,0,1
0.93668,0.0055585,0.35015,-0.66593,0.0055585,0.99951,-0.030736,-0.31819,-0.35015,0.030736,0.93619,-2.624,0,0,0,1
0.9397,0.005284,0.34197,-0.63564,0.005284,0.99954,-0.029965,-0.31102,-0.34197,0.029965,0.93923,-2.5666,0,0,0,1
0.94265,0.0050168,0.33376,-0.60606,0.0050168,0.99956,-0.029194,-0.30383,-0.33376,0.029194,0.94221,-2.5088,0,0,0,1
0.94552,0.0047567,0.32552,-0.57718,0.0047567,0.99958,-0.028423,-0.2966,-0.32552,0.028423,0.94511,-2.4508,0,0,0,1
0.94833,0.0045038,0.31726,-0.549,0.0045038,0.99961,-0.027653,-0.28935,-0.31726,0.027653,0.94793,-2.3924,0,0,0,1
0.95106,0.0042581,0.30898,-0.52152,0.0042581,0.99963,-0.026883,-0.28207,-0.30898,0.026883,0.95069,-2.3337,0,0,0,1
0.95372,0.0040195,0.30067,-0.49475,0.0040195,0.99965,-0.026113,-0.27475,-0.30067,0.026113,0.95337,-2.2746,0,0,0,1
0.95631,0.003788,0.29234,-0.46867,0.003788,0.99967,-0.025344,-0.26741,-0.29234,0.025344,0.95598,-2.2153,0,0,0,1
0.95882,0.0035636,0.28399,-0.4433,0.0035636,0.99969,-0.024576,-0.26004,-0.28399,0.024576,0.95851,-2.1556,0,0,0,1
0.96126,0.0033463,0.27561,-0.41864,0.0033463,0.99971,-0.023809,-0.25263,-0.27561,0.023809,0.96097,-2.0955,0,0,0,1
0.96363,0.003136,0.26721,-0.39467,0.003136,0.99973,-0.023042,-0.2452,-0.26721,0.023042,0.96336,-2.0351,0,0,0,1
0.96593,0.0029328,0.2588,-0.37141,0.0029328,0.99975,-0.022276,-0.23774,-0.2588,0.022276,0.96567,-1.9744,0,0,0,1
0.96815,0.0027367,0.25036,-0.34885,0.0027367,0.99976,-0.021511,-0.23025,-0.25036,0.021511,0.96791,-1.9134,0,0,0,1
0.9703,0.0025475,0.2419,-0.32699,0.0025475,0.99978,-0.020747,-0.22272,-0.2419,0.020747,0.97008,-1.8521,0,0,0,1
0.97237,0.0023653,0.23343,-0.30583,0.0023653,0.9998,-0.019984,-0.21517,-0.23343,0.019984,0.97217,-1.7904,0,0,0,1
0.97437,0.0021901,0.22494,-0.28537,0.0021901,0.99981,-0.019222,-0.20759,-0.22494,0.019222,0.97418,-1.7284,0,0,0,1
0.9763,0.0020219,0.21643,-0.26562,0.0020219,0.99983,-0.018461,-0.19998,-0.21643,0.018461,0.97612,-1.666,0,0,0,1
0.97815,0.0018606,0.2079,-0.24657,0.0018606,0.99984,-0.017702,-0.19234,-0.2079,0.017702,0.97799,-1.6033,0,0,0,1
0.97993,0.0017062,0.19936,-0.22822,0.0017062,0.99985,-0.016943,-0.18467,-0.19936,0.016943,0.97978,-1.5403,0,0,0,1
0.98163,0.0015586,0.1908,-0.21058,0.0015586,0.99987,-0.016187,-0.17696,-0.1908,0.016187,0.9815,-1.477,0,0,0,1
0.98326,0.0014179,0.18223,-0.19363,0.0014179,0.99988,-0.015431,-0.16923,-0.18223,0.015431,0.98314,-1.4133,0,0,0,1
0.98481,0.0012841,0.17364,-0.17739,0.0012841,0.99989,-0.014677,-0.16147,-0.17364,0.014677,0.9847,-1.3493,0,0,0,1
0.98629,0.0011571,0.16504,-0.16185,0.0011571,0.9999,-0.013925,-0.15368,-0.16504,0.013925,0.98619,-1.285,0,0,0,1
0.98769,0.0010368,0.15643,-0.14701,0.0010368,0.99991,-0.013174,-0.14586,-0.15643,0.013174,0.9876,-1.2203,0,0,0,1
0.98902,0.00092331,0.14781,-0.13288,0.00092331,0.99992,-0.012425,-0.13801,-0.14781,0.012425,0.98894,-1.1553,0,0,0,1
0.99027,0.00081655,0.13917,-0.11944,0.00081655,0.99993,-0.011677,-0.13013,-0.13917,0.011677,0.9902,-1.09,0,0,0,1
0.99144,0.00071648,0.13052,-0.10671,0.00071648,0.99994,-0.010931,-0.12222,-0.13052,0.010931,0.99138,-1.0244,0,0,0,1
0.99255,0.0006231,0.12187,-0.094682,0.0006231,0.99995,-0.010187,-0.11428,-0.12187,0.010187,0.99249,-0.95839,0,0,0,1
0.99357,0.00053636,0.1132,-0.083355,0.00053636,0.99996,-0.0094455,-0.10631,-0.1132,0.0094455,0.99353,-0.89208,0,0,0,1
0.99452,0.00045624,0.10453,-0.07273,0.00045624,0.99996,-0.0087055,-0.098315,-0.10453,0.0087055,0.99448,-0.82544,0,0,0,1
0.9954,0.00038271,0.095845,-0.062807,0.00038271,0.99997,-0.0079675,-0.090286,-0.095845,0.0079675,0.99536,-0.75847,0,0,0,1
0.99619,0.00031574,0.087155,-0.053587,0.00031574,0.99997,-0.0072317,-0.082227,-0.087155,0.0072317,0.99617,-0.69117,0,0,0,1
0.99692,0.0002553,0.078459,-0.045068,0.0002553,0.99998,-0.0064979,-0.074138,-0.078459,0.0064979,0.9969,-0.62353,0,0,0,1
0.99756,0.00020137,0.069756,-0.037252,0.00020137,0.99998,-0.0057664,-0.06602,-0.069756,0.0057664,0.99755,-0.55557,0,0,0,1
0.99813,0.0001539,0.061048,-0.030138,0.0001539,0.99999,-0.0050371,-0.057872,-0.061048,0.0050371,0.99812,-0.48728,0,0,0,1
0.99863,0.00011286,0.052336,-0.023726,0.00011286,0.99999,-0.0043101,-0.049694,-0.052336,0.0043101,0.99862,-0.41866,0,0,0,1
0.99905,7.8236e-05,0.043619,-0.018016,7.8236e-05,0.99999,-0.0035855,-0.041486,-0.043619,0.0035855,0.99904,-0.34971,0,0,0,1
0.99939,4.9979e-05,0.034899,-0.013009,4.9979e-05,1,-0.0028633,-0.033248,-0.034899,0.0028633,0.99939,-0.28043,0,0,0,1
0.99966,2.8061e-05,0.026177,-0.0087034,2.8061e-05,1,-0.0021436,-0.024981,-0.026177,0.0021436,0.99966,-0.21082,0,0,0,1
0.99985,1.2449e-05,0.017452,-0.0051001,1.2449e-05,1,-0.0014265,-0.016684,-0.017452,0.0014265,0.99985,-0.14087,0,0,0,1
0.99996,3.1063e-06,0.0087265,-0.002199,3.1063e-06,1,-0.00071191,-0.0083568,-0.0087265,0.00071191,0.99996,-0.070602,0,0,0,1
NaN,NaN,NaN,0,NaN,NaN,NaN,0,NaN,NaN,NaN,0,0,0,0,1
0.99996,3.0945e-06,-0.0087265,0.0014968,3.0945e-06,1,0.0007092,0.0083866,0.0087265,-0.0007092,0.99996,0.070932,0,0,0,1
0.99985,1.2354e-05,-0.017452,0.0022915,1.2354e-05,1,0.0014156,0.016803,0.017452,-0.0014156,0.99985,0.14219,0,0,0,1
0.99966,2.7743e-05,-0.026177,0.002384,2.7743e-05,1,0.0021193,0.025249,0.026177,-0.0021193,0.99966,0.21379,0,0,0,1
0.99939,4.9224e-05,-0.034899,0.0017744,4.9224e-05,1,0.00282,0.033725,0.034899,-0.00282,0.99939,0.28571,0,0,0,1
0.99905,7.676e-05,-0.043619,0.00046258,7.676e-05,0.99999,0.0035179,0.042231,0.043619,-0.0035179,0.99904,0.35796,0,0,0,1
0.99863,0.00011031,-0.052336,-0.0015514,0.00011031,0.99999,0.0042127,0.050767,0.052336,-0.0042127,0.99862,0.43055,0,0,0,1
0.99813,0.00014985,-0.061048,-0.0042675,0.00014985,0.99999,0.0049046,0.059332,0.061048,-0.0049046,0.99812,0.50346,0,0,0,1
0.99756,0.00019532,-0.069756,-0.0076857,0.00019532,0.99998,0.0055933,0.067928,0.069756,-0.0055933,0.99755,0.5767,0,0,0,1
0.99692,0.0002467,-0.078459,-0.011806,0.0002467,0.99998,0.006279,0.076553,0.078459,-0.006279,0.9969,0.65028,0,0,0,1
0.99619,0.00030394,-0.087155,-0.016629,0.00030394,0.99998,0.0069614,0.085208,0.087155,-0.0069614,0.99617,0.72418,0,0,0,1
0.9954,0.00036701,-0.095845,-0.022153,0.00036701,0.99997,0.0076407,0.093893,0.095845,-0.0076407,0.99537,0.79842,0,0,0,1
0.99452,0.00043586,-0.10453,-0.02838,0.00043586,0.99997,0.0083166,0.10261,0.10453,-0.0083166,0.99449,0.87298,0,0,0,1
0.99357,0.00051045,-0.1132,-0.035309,0.00051045,0.99996,0.0089893,0.11135,0.1132,-0.0089893,0.99353,0.94787,0,0,0,1
0.99255,0.00059074,-0.12187,-0.042941,0.00059074,0.99995,0.0096585,0.12013,0.12187,-0.0096585,0.9925,1.0231,0,0,0,1
0.99144,0.0006767,-0.13052,-0.051274,0.0006767,0.99995,0.010324,0.12893,0.13052,-0.010324,0.99139,1.0987,0,0,0,1
0.99027,0.00076827,-0.13917,-0.060309,0.00076827,0.99994,0.010987,0.13776,0.13917,-0.010987,0.99021,1.1745,0,0,0,1
0.98902,0.00086542,-0.14781,-0.070047,0.00086542,0.99993,0.011646,0.14663,0.14781,-0.011646,0.98895,1.2508,0,0,0,1
0.98769,0.0009681,-0.15643,-0.080487,0.0009681,0.99992,0.012301,0.15552,0.15643,-0.012301,0.98761,1.3273,0,0,0,1
0.98629,0.0010763,-0.16504,-0.091629,0.0010763,0.99992,0.012952,0.16444,0.16504,-0.012952,0.9862,1.4042,0,0,0,1
0.98481,0.0011899,-0.17364,-0.10347,0.0011899,0.99991,0.0136,0.1734,0.17364,-0.0136,0.98471,1.4814,0,0,0,1
0.98326,0.0013089,-0.18223,-0.11602,0.0013089,0.9999,0.014245,0.18238,0.18223,-0.014245,0.98315,1.5589,0,0,0,1
0.98163,0.0014333,-0.1908,-0.12927,0.0014333,0.99989,0.014885,0.19139,0.1908,-0.014885,0.98152,1.6368,0,0,0,1
0.97993,0.001563,-0.19936,-0.14322,0.001563,0.99988,0.015522,0.20043,0.19936,-0.015522,0.9798,1.715,0,0,0,1
0.97815,0.001698,-0.2079,-0.15787,0.001698,0.99987,0.016155,0.20951,0.2079,-0.016155,0.97802,1.7935,0,0,0,1
0.9763,0.0018382,-0.21643,-0.17323,0.0018382,0.99986,0.016784,0.21861,0.21643,-0.016784,0.97615,1.8724,0,0,0,1
0.97437,0.0019835,-0.22494,-0.18928,0.0019835,0.99985,0.017409,0.22774,0.22494,-0.017409,0.97422,1.9515,0,0,0,1
0.97237,0.0021341,-0.23343,-0.20604,0.0021341,0.99984,0.01803,0.2369,0.23343,-0.01803,0.97221,2.0311,0,0,0,1
0.9703,0.0022897,-0.24191,-0.2235,0.0022897,0.99982,0.018647,0.24609,0.24191,-0.018647,0.97012,2.1109,0,0,0,1
0.96815,0.0024503,-0.25036,-0.24167,0.0024503,0.99981,0.01926,0.25532,0.25036,-0.01926,0.96796,2.1911,0,0,0,1
0.96593,0.0026159,-0.2588,-0.26053,0.0026159,0.9998,0.019869,0.26457,0.2588,-0.019869,0.96573,2.2716,0,0,0,1
0.96363,0.0027865,-0.26722,-0.2801,0.0027865,0.99979,0.020474,0.27385,0.26722,-0.020474,0.96342,2.3524,0,0,0,1
0.96126,0.002962,-0.27562,-0.30037,0.002962,0.99977,0.021075,0.28316,0.27562,-0.021075,0.96104,2.4336,0,0,0,1
0.95882,0.0031423,-0.28399,-0.32134,0.0031423,0.99976,0.021671,0.2925,0.28399,-0.021671,0.95858,2.5151,0,0,0,1
0.95631,0.0033274,-0.29235,-0.34302,0.0033274,0.99975,0.022263,0.30187,0.29235,-0.022263,0.95605,2.5969,0,0,0,1
0.95372,0.0035173,-0.30068,-0.36539,0.0035173,0.99973,0.022851,0.31127,0.30068,-0.022851,0.95345,2.6791,0,0,0,1
0.95106,0.0037119,-0.30899,-0.38847,0.0037119,0.99972,0.023435,0.3207,0.30899,-0.023435,0.95078,2.7616,0,0,0,1
0.94833,0.0039111,-0.31727,-0.41225,0.0039111,0.9997,0.024014,0.33016,0.31727,-0.024014,0.94803,2.8444,0,0,0,1
0.94552,0.004115,-0.32553,-0.43674,0.004115,0.99969,0.024589,0.33965,0.32553,-0.024589,0.94521,2.9275,0,0,0,1
0.94264,0.0043234,-0.33377,-0.46192,0.0043234,0.99967,0.025159,0.34917,0.33377,-0.025159,0.94232,3.011,0,0,0,1
0.9397,0.0045363,-0.34198,-0.48781,0.0045363,0.99966,0.025725,0.35872,0.34198,-0.025725,0.93935,3.0948,0,0,0,1
0.93668,0.0047536,-0.35016,-0.5144,0.0047536,0.99964,0.026286,0.3683,0.35016,-0.026286,0.93632,3.179,0,0,0,1
0.93358,0.0049754,-0.35832,-0.54169,0.0049754,0.99963,0.026843,0.3779,0.35832,-0.026843,0.93321,3.2634,0,0,0,1
0.93042,0.0052015,-0.36645,-0.56968,0.0052015,0.99961,0.027395,0.38754,0.36645,-0.027395,0.93003,3.3482,0,0,0,1
0.92719,0.005432,-0.37455,-0.59838,0.005432,0.99959,0.027943,0.39721,0.37455,-0.027943,0.92678,3.4334,0,0,0,1
0.92388,0.0056666,-0.38263,-0.62778,0.0056666,0.99958,0.028486,0.40691,0.38263,-0.028486,0.92346,3.5188,0,0,0,1
0.92051,0.0059055,-0.39067,-0.65788,0.0059055,0.99956,0.029024,0.41664,0.39067,-0.029024,0.92007,3.6046,0,0,0,1
0.91707,0.0061486,-0.39869,-0.68868,0.0061486,0.99954,0.029558,0.4264,0.39869,-0.029558,0.91661,3.6907,0,0,0,1
0.91355,0.0063957,-0.40667,-0.72018,0.0063957,0.99953,0.030087,0.43618,0.40667,-0.030087,0.91308,3.7772,0,0,0,1
0.90997,0.0066469,-0.41462,-0.75239,0.0066469,0.99951,0.030611,0.446,0.41462,-0.030611,0.90948,3.864,0,0,0,1
0.90632,0.006902,-0.42254,-0.7853,0.006902,0.99949,0.03113,0.45585,0.42254,-0.03113,0.90581,3.9511,0,0,0,1
0.90259,0.0071611,-0.43043,-0.81891,0.0071611,0.99947,0.031645,0.46573,0.43043,-0.031645,0.90207,4.0385,0,0,0,1
0.8988,0.0074241,-0.43829,-0.85322,0.0074241,0.99946,0.032154,0.47563,0.43829,-0.032154,0.89826,4.1263,0,0,0,1
0.89494,0.0076909,-0.44611,-0.88824,0.0076909,0.99944,0.032659,0.48557,0.44611,-0.032659,0.89438,4.2144,0,0,0,1
0.89102,0.0079615,-0.4539,-0.92396,0.0079615,0.99942,0.033159,0.49554,0.4539,-0.033159,0.89044,4.3028,0,0,0,1
0.88702,0.0082359,-0.46165,-0.96038,0.0082359,0.9994,0.033654,0.50553,0.46165,-0.033654,0.88642,4.3916,0,0,0,1
0.88296,0.0085139,-0.46937,-0.9975,0.0085139,0.99938,0.034144,0.51556,0.46937,-0.034144,0.88234,4.4807,0,0,0,1
0.87883,0.0087955,-0.47705,-1.0353,0.0087955,0.99936,0.034628,0.52561,0.47705,-0.034628,0.87819,4.5701,0,0,0,1
0.87463,0.0090807,-0.4847,-1.0738,0.0090807,0.99934,0.035108,0.5357,0.4847,-0.035108,0.87398,4.6598,0,0,0,1
0.87037,0.0093693,-0.49231,-1.1131,0.0093693,0.99932,0.035583,0.54582,0.49231,-0.035583,0.86969,4.7499,0,0,0,1
0.86604,0.0096615,-0.49988,-1.153,0.0096615,0.9993,0.036053,0.55596,0.49988,-0.036053,0.86534,4.8403,0,0,0,1
0.86165,0.009957,-0.50741,-1.1936,0.009957,0.99928,0.036517,0.56614,0.50741,-0.036517,0.86093,4.9311,0,0,0,1
0.85719,0.010256,-0.51491,-1.235,0.010256,0.99926,0.036977,0.57634,0.51491,-0.036977,0.85645,5.0221,0,0,0,1
0.85266,0.010558,-0.52236,-1.277,0.010558,0.99924,0.037431,0.58658,0.52236,-0.037431,0.8519,5.1135,0,0,0,1
0.84807,0.010864,-0.52978,-1.3197,0.010864,0.99922,0.03788,0.59684,0.52978,-0.03788,0.84729,5.2053,0,0,0,1
0.84341,0.011172,-0.53715,-1.3632,0.011172,0.9992,0.038324,0.60714,0.53715,-0.038324,0.84262,5.2973,0,0,0,1
0.83869,0.011484,-0.54448,-1.4073,0.011484,0.99918,0.038763,0.61746,0.54448,-0.038763,0.83788,5.3897,0,0,0,1
0.83391,0.011799,-0.55177,-1.4522,0.011799,0.99916,0.039197,0.62781,0.55177,-0.039197,0.83307,5.4825,0,0,0,1
0.82906,0.012117,-0.55902,-1.4977,0.012117,0.99914,0.039625,0.6382,0.55902,-0.039625,0.8282,5.5755,0,0,0,1
0.82415,0.012437,-0.56623,-1.544,0.012437,0.99912,0.040048,0.64861,0.56623,-0.040048,0.82327,5.6689,0,0,0,1
0.81918,0.012761,-0.57339,-1.5909,0.012761,0.9991,0.040466,0.65905,0.57339,-0.040466,0.81828,5.7626,0,0,0,1
0.81415,0.013087,-0.58051,-1.6386,0.013087,0.99908,0.040878,0.66953,0.58051,-0.040878,0.81322,5.8566,0,0,0,1
0.80905,0.013417,-0.58759,-1.6869,0.013417,0.99906,0.041286,0.68003,0.58759,-0.041286,0.80811,5.951,0,0,0,1
0.80389,0.013749,-0.59462,-1.736,0.013749,0.99904,0.041687,0.69056,0.59462,-0.041687,0.80293,6.0457,0,0,0,1
0.79867,0.014084,-0.6016,-1.7858,0.014084,0.99901,0.042084,0.70113,0.6016,-0.042084,0.79768,6.1408,0,0,0,1
0.79339,0.014421,-0.60854,-1.8362,0.014421,0.99899,0.042475,0.71172,0.60854,-0.042475,0.79238,6.2361,0,0,0,1
0.78805,0.014761,-0.61544,-1.8874,0.014761,0.99897,0.042861,0.72234,0.61544,-0.042861,0.78702,6.3318,0,0,0,1
0.78265,0.015103,-0.62228,-1.9393,0.015103,0.99895,0.043241,0.73299,0.62228,-0.043241,0.7816,6.4278,0,0,0,1
0.77719,0.015448,-0.62908,-1.9918,0.015448,0.99893,0.043616,0.74368,0.62908,-0.043616,0.77612,6.5242,0,0,0,1
0.77167,0.015795,-0.63583,-2.0451,0.015795,0.99891,0.043985,0.75439,0.63583,-0.043985,0.77058,6.6209,0,0,0,1
0.76609,0.016145,-0.64253,-2.0991,0.016145,0.99889,0.044349,0.76513,0.64253,-0.044349,0.76498,6.7179,0,0,0,1
0.76045,0.016497,-0.64918,-2.1537,0.016497,0.99886,0.044708,0.7759,0.64918,-0.044708,0.75932,6.8152,0,0,0,1
0.75476,0.016851,-0.65579,-2.2091,0.016851,0.99884,0.045061,0.7867,0.65579,-0.045061,0.7536,6.9129,0,0,0,1
0.74901,0.017207,-0.66234,-2.2652,0.017207,0.99882,0.045408,0.79753,0.66234,-0.045408,0.74783,7.0109,0,0,0,1
0.7432,0.017566,-0.66884,-2.322,0.017566,0.9988,0.04575,0.80839,0.66884,-0.04575,0.742,7.1093,0,0,0,1
0.73733,0.017926,-0.67529,-2.3795,0.017926,0.99878,0.046087,0.81928,0.67529,-0.046087,0.73611,7.2079,0,0,0,1
0.73141,0.018289,-0.68169,-2.4377,0.018289,0.99875,0.046418,0.8302,0.68169,-0.046418,0.73017,7.3069,0,0,0,1
0.72544,0.018653,-0.68804,-2.4965,0.018653,0.99873,0.046743,0.84115,0.68804,-0.046743,0.72417,7.4062,0,0,0,1
0.7194,0.019019,-0.69433,-2.5561,0.019019,0.99871,0.047063,0.85213,0.69433,-0.047063,0.71811,7.5059,0,0,0,1
0.71332,0.019388,-0.70057,-2.6164,0.019388,0.99869,0.047378,0.86314,0.70057,-0.047378,0.71201,7.6059,0,0,0,1
0.70718,0.019757,-0.70676,-2.6774,0.019757,0.99867,0.047687,0.87418,0.70676,-0.047687,0.70584,7.7062,0,0,0,1
0.70098,0.020129,-0.7129,-2.7391,0.020129,0.99864,0.04799,0.88525,0.7129,-0.04799,0.69963,7.8069,0,0,0,1
0.69473,0.020502,-0.71898,-2.8015,0.020502,0.99862,0.048288,0.89635,0.71898,-0.048288,0.69336,7.9078,0,0,0,1
0.68843,0.020877,-0.725,-2.8646,0.020877,0.9986,0.04858,0.90748,0.725,-0.04858,0.68703,8.0091,0,0,0,1
0.68208,0.021254,-0.73097,-2.9284,0.021254,0.99858,0.048867,0.91864,0.73097,-0.048867,0.68066,8.1108,0,0,0,1
0.67567,0.021632,-0.73688,-2.9929,0.021632,0.99856,0.049148,0.92983,0.73688,-0.049148,0.67423,8.2127,0,0,0,1
0.66922,0.022011,-0.74274,-3.0581,0.022011,0.99854,0.049424,0.94105,0.74274,-0.049424,0.66775,8.315,0,0,0,1
0.66271,0.022392,-0.74854,-3.124,0.022392,0.99851,0.049693,0.9523,0.74854,-0.049693,0.66122,8.4177,0,0,0,1
0.65615,0.022774,-0.75428,-3.1907,0.022774,0.99849,0.049958,0.96357,0.75428,-0.049958,0.65464,8.5206,0,0,0,1
0.64954,0.023157,-0.75997,-3.258,0.023157,0.99847,0.050217,0.97488,0.75997,-0.050217,0.64801,8.6239,0,0,0,1
0.64289,0.023542,-0.7656,-3.326,0.023542,0.99845,0.05047,0.98622,0.7656,-0.05047,0.64134,8.7275,0,0,0,1
0.63618,0.023927,-0.77117,-3.3947,0.023927,0.99843,0.050717,0.99759,0.77117,-0.050717,0.63461,8.8315,0,0,0,1
0.62943,0.024314,-0.77668,-3.4641,0.024314,0.9984,0.050959,1.009,0.77668,-0.050959,0.62783,8.9358,0,0,0,1
0.62263,0.024702,-0.78213,-3.5343,0.024702,0.99838,0.051196,1.0204,0.78213,-0.051196,0.62101,9.0404,0,0,0,1
0.61578,0.025091,-0.78752,-3.6051,0.025091,0.99836,0.051427,1.0319,0.78752,-0.051427,0.61414,9.1453,0,0,0,1
0.60888,0.02548,-0.79285,-3.6766,0.02548,0.99834,0.051652,1.0434,0.79285,-0.051652,0.60722,9.2506,0,0,0,1
0.60194,0.025871,-0.79812,-3.7488,0.025871,0.99832,0.051872,1.0549,0.79812,-0.051872,0.60026,9.3562,0,0,0,1
0.59495,0.026262,-0.80333,-3.8218,0.026262,0.9983,0.052086,1.0664,0.80333,-0.052086,0.59325,9.4621,0,0,0,1
0.58791,0.026654,-0.80848,-3.8954,0.026654,0.99828,0.052294,1.078,0.80848,-0.052294,0.58619,9.5684,0,0,0,1
0.58084,0.027047,-0.81357,-3.9697,0.027047,0.99825,0.052497,1.0896,0.81357,-0.052497,0.57909,9.6749,0,0,0,1
0.57371,0.027441,-0.8186,-4.0448,0.027441,0.99823,0.052694,1.1012,0.8186,-0.052694,0.57195,9.7819,0,0,0,1
0.56655,0.027835,-0.82356,-4.1205,0.027835,0.99821,0.052886,1.1129,0.82356,-0.052886,0.56476,9.8891,0,0,0,1
0.55934,0.028229,-0.82846,-4.197,0.028229,0.99819,0.053072,1.1246,0.82846,-0.053072,0.55753,9.9967,0,0,0,1
0.55209,0.028625,-0.83329,-4.2741,0.028625,0.99817,0.053253,1.1363,0.83329,-0.053253,0.55026,10.105,0,0,0,1
0.54479,0.02902,-0.83807,-4.3519,0.02902,0.99815,0.053428,1.1481,0.83807,-0.053428,0.54294,10.213,0,0,0,1
0.53746,0.029416,-0.84278,-4.4305,0.029416,0.99813,0.053598,1.1599,0.84278,-0.053598,0.53559,10.321,0,0,0,1
0.53008,0.029812,-0.84742,-4.5097,0.029812,0.99811,0.053762,1.1717,0.84742,-0.053762,0.52819,10.43,0,0,0,1
0.52267,0.030209,-0.852,-4.5897,0.030209,0.99809,0.05392,1.1835,0.852,-0.05392,0.52076,10.54,0,0,0,1
0.51521,0.030605,-0.85652,-4.6704,0.030605,0.99807,0.054073,1.1954,0.85652,-0.054073,0.51328,10.649,0,0,0,1
0.50772,0.031002,-0.86097,-4.7517,0.031002,0.99805,0.054221,1.2073,0.86097,-0.054221,0.50576,10.759,0,0,0,1
0.50018,0.031399,-0.86535,-4.8338,0.031399,0.99803,0.054363,1.2192,0.86535,-0.054363,0.49821,10.869,0,0,0,1
0.50018,0.031399,-0.86535,-4.8338,0.031399,0.99803,0.054363,1.2192,0.86535,-0.054363,0.49821,10.869,0,0,0,1
0.50772,0.031002,-0.86097,-4.7517,0.031002,0.99805,0.054221,1.2073,0.86097,-0.054221,0.50576,10.759,0,0,0,1
0.51521,0.030605,-0.85652,-4.6704,0.030605,0.99807,0.054073,1.1954,0.85652,-0.054073,0.51328,10.649,0,0,0,1
0.52267,0.030209,-0.852,-4.5897,0.030209,0.99809,0.05392,1.1835,0.852,-0.05392,0.52076,10.54,0,0,0,1
0.53008,0.029812,-0.84742,-4.5097,0.029812,0.99811,0.053762,1.1717,0.84742,-0.053762,0.52819,10.43,0,0,0,1
0.53746,0.029416,-0.84278,-4.4305,0.029416,0.99813,0.053598,1.1599,0.84278,-0.053598,0.53559,10.321,0,0,0,1
0.54479,0.02902,-0.83807,-4.3519,0.02902,0.99815,0.053428,1.1481,0.83807,-0.053428,0.54294,10.213,0,0,0,1
0.55209,0.028625,-0.83329,-4.2741,0.028625,0.99817,0.053253,1.1363,0.83329,-0.053253,0.55026,10.105,0,0,0,1
0.55934,0.028229,-0.82846,-4.197,0.028229,0.99819,0.053072,1.1246,0.82846,-0.053072,0.55753,9.9967,0,0,0,1
0.56655,0.027835,-0.82356,-4.1205,0.027835,0.99821,0.052886,1.1129,0.82356,-0.052886,0.56476,9.8891,0,0,0,1
0.57371,0.027441,-0.8186,-4.0448,0.027441,0.99823,0.052694,1.1012,0.8186,-0.052694,0.57195,9.7819,0,0,0,1
0.58084,0.027047,-0.81357,-3.9697,0.027047,0.99825,0.052497,1.0896,0.81357,-0.052497,0.57909,9.6749,0,0,0,1
0.58791,0.026654,-0.80848,-3.8954,0.026654,0.99828,0.052294,1.078,0.80848,-0.052294,0.58619,9.5684,0,0,0,1
0.59495,0.026262,-0.80333,-3.8218,0.026262,0.9983,0.052086,1.0664,0.80333,-0.052086,0.59325,9.4621,0,0,0,1
0.60194,0.025871,-0.79812,-3.7488,0.025871,0.99832,0.051872,1.0549,0.79812,-0.051872,0.60026,9.3562,0,0,0,1
0.60888,0.02548,-0.79285,-3.6766,0.02548,0.99834,0.051652,1.0434,0.79285,-0.051652,0.60722,9.2506,0,0,0,1
0.61578,0.025091,-0.78752,-3.6051,0.025091,0.99836,0.051427,1.0319,0.78752,-0.051427,0.61414,9.1453,0,0,0,1
0.62263,0.024702,-0.78213,-3.5343,0.024702,0.99838,0.051196,1.0204,0.78213,-0.051196,0.62101,9.0404,0,0,0,1
0.62943,0.024314,-0.77668,-3.4641,0.024314,0.9984,0.050959,1.009,0.77668,-0.050959,0.62783,8.9358,0,0,0,1
0.63618,0.023927,-0.77117,-3.3947,0.023927,0.99843,0.050717,0.99759,0.77117,-0.050717,0.63461,8.8315,0,0,0,1
0.64289,0.023542,-0.7656,-3.326,0.023542,0.99845,0.05047,0.98622,0.7656,-0.05047,0.64134,8.7275,0,0,0,1
0.64954,0.023157,-0.75997,-3.258,0.023157,0.99847,0.050217,0.97488,0.75997,-0.050217,0.64801,8.6239,0,0,0,1
0.65615,0.022774,-0.75428,-3.1907,0.022774,0.99849,0.049958,0.96357,0.75428,-0.049958,0.65464,8.5206,0,0,0,1
0.66271,0.022392,-0.74854,-3.124,0.022392,0.99851,0.049693,0.9523,0.74854,-0.049693,0.66122,8.4177,0,0,0,1
0.66922,0.022011,-0.74274,-3.0581,0.022011,0.99854,0.049424,0.94105,0.74274,-0.049424,0.66775,8.315,0,0,0,1
0.67567,0.021632,-0.73688,-2.9929,0.021632,0.99856,0.049148,0.92983,0.73688,-0.049148,0.67423,8.2127,0,0,0,1
0.68208,0.021254,-0.73097,-2.9284,0.021254,0.99858,0.048867,0.91864,0.73097,-0.048867,0.68066,8.1108,0,0,0,1
0.68843,0.020877,-0.725,-2.8646,0.020877,0.9986,0.04858,0.90748,0.725,-0.04858,0.68703,8.0091,0,0,0,1
0.69473,0.020502,-0.71898,-2.8015,0.020502,0.99862,0.048288,0.89635,0.71898,-0.048288,0.69336,7.9078,0,0,0,1
0.70098,0.020129,-0.7129,-2.7391,0.020129,0.99864,0.04799,0.88525,0.7129,-0.04799,0.69963,7.8069,0,0,0,1
0.70718,0.019757,-0.70676,-2.6774,0.019757,0.99867,0.047687,0.87418,0.70676,-0.047687,0.70584,7.7062,0,0,0,1
0.71332,0.019388,-0.70057,-2.6164,0.019388,0.99869,0.047378,0.86314,0.70057,-0.047378,0.71201,7.6059,0,0,0,1
0.7194,0.019019,-0.69433,-2.5561,0.019019,0.99871,0.047063,0.85213,0.69433,-0.047063,0.71811,7.5059,0,0,0,1
0.72544,0.018653,-0.68804,-2.4965,0.018653,0.99873,0.046743,0.84115,0.68804,-0.046743,0.72417,7.4062,0,0,0,1
0.73141,0.018289,-0.68169,-2.4377,0.018289,0.99875,0.046418,0.8302,0.68169,-0.046418,0.73017,7.3069,0,0,0,1
0.73733,0.017926,-0.67529,-2.3795,0.017926,0.99878,0.046087,0.81928,0.67529,-0.046087,0.73611,7.2079,0,0,0,1
0.7432,0.017566,-0.66884,-2.322,0.017566,0.9988,0.04575,0.80839,0.66884,-0.04575,0.742,7.1093,0,0,0,1
0.74901,0.017207,-0.66234,-2.2652,0.017207,0.99882,0.045408,0.79753,0.66234,-0.045408,0.74783,7.0109,0,0,0,1
0.75476,0.016851,-0.65579,-2.2091,0.016851,0.99884,0.045061,0.7867,0.65579,-0.045061,0.7536,6.9129,0,0,0,1
0.76045,0.016497,-0.64918,-2.1537,0.016497,0.99886,0.044708,0.7759,0.64918,-0.044708,0.75932,6.8152,0,0,0,1
0.76609,0.016145,-0.64253,-2.0991,0.016145,0.99889,0.044349,0.76513,0.64253,-0.044349,0.76498,6.7179,0,0,0,1
0.77167,0.015795,-0.63583,-2.0451,0.015795,0.99891,0.043985,0.75439,0.63583,-0.043985,0.77058,6.6209,0,0,0,1
0.77719,0.015448,-0.62908,-1.9918,0.015448,0.99893,0.043616,0.74368,0.62908,-0.043616,0.77612,6.5242,0,0,0,1
0.78265,0.015103,-0.62228,-1.9393,0.015103,0.99895,0.043241,0.73299,0.62228,-0.043241,0.7816,6.4278,0,0,0,1
0.78805,0.014761,-0.61544,-1.8874,0.014761,0.99897,0.042861,0.72234,0.61544,-0.042861,0.78702,6.3318,0,0,0,1
0.79339,0.014421,-0.60854,-1.8362,0.014421,0.99899,0.042475,0.71172,0.60854,-0.042475,0.79238,6.2361,0,0,0,1
0.79867,0.014084,-0.6016,-1.7858,0.014084,0.99901,0.042084,0.70113,0.6016,-0.042084,0.79768,6.1408,0,0,0,1
0.80389,0.013749,-0.59462,-1.736,0.013749,0.99904,0.041687,0.69056,0.59462,-0.041687,0.80293,6.0457,0,0,0,1
0.80905,0.013417,-0.58759,-1.6869,0.013417,0.99906,0.041286,0.68003,0.58759,-0.041286,0.80811,5.951,0,0,0,1
0.81415,0.013087,-0.58051,-1.6386,0.013087,0.99908,0.040878,0.66953,0.58051,-0.040878,0.81322,5.8566,0,0,0,1
0.81918,0.012761,-0.57339,-1.5909,0.012761,0.9991,0.040466,0.65905,0.57339,-0.040466,0.81828,5.7626,0,0,0,1
0.82415,0.012437,-0.56623,-1.544,0.012437,0.99912,0.040048,0.64861,0.56623,-0.040048,0.82327,5.6689,0,0,0,1
0.82906,0.012117,-0.55902,-1.4977,0.012117,0.99914,0.039625,0.6382,0.55902,-0.039625,0.8282,5.5755,0,0,0,1
0.83391,0.011799,-0.55177,-1.4522,0.011799,0.99916,0.039197,0.62781,0.55177,-0.039197,0.83307,5.4825,0,0,0,1
0.83869,0.011484,-0.54448,-1.4073,0.011484,0.99918,0.038763,0.61746,0.54448,-0.038763,0.83788,5.3897,0,0,0,1
0.84341,0.011172,-0.53715,-1.3632,0.011172,0.9992,0.038324,0.60714,0.53715,-0.038324,0.84262,5.2973,0,0,0,1
0.84807,0.010864,-0.52978,-1.3197,0.010864,0.99922,0.03788,0.59684,0.52978,-0.03788,0.84729,5.2053,0,0,0,1
0.85266,0.010558,-0.52236,-1.277,0.010558,0.99924,0.037431,0.58658,0.52236,-0.037431,0.8519,5.1135,0,0,0,1
0.85719,0.010256,-0.51491,-1.235,0.010256,0.99926,0.036977,0.57634,0.51491,-0.036977,0.85645,5.0221,0,0,0,1
0.86165,0.009957,-0.50741,-1.1936,0.009957,0.99928,0.036517,0.56614,0.50741,-0.036517,0.86093,4.9311,0,0,0,1
0.86604,0.0096615,-0.49988,-1.153,0.0096615,0.9993,0.036053,0.55596,0.49988,-0.036053,0.86534,4.8403,0,0,0,1
0.87037,0.0093693,-0.49231,-1.1131,0.0093693,0.99932,0.035583,0.54582,0.49231,-0.035583,0.86969,4.7499,0,0,0,1
0.87463,0.0090807,-0.4847,-1.0738,0.0090807,0.99934,0.035108,0.5357,0.4847,-0.035108,0.87398,4.6598,0,0,0,1
0.87883,0.0087955,-0.47705,-1.0353,0.0087955,0.99936,0.034628,0.52561,0.47705,-0.034628,0.87819,4.5701,0,0,0,1
0.88296,0.0085139,-0.46937,-0.9975,0.0085139,0.99938,0.034144,0.51556,0.46937,-0.034144,0.88234,4.4807,0,0,0,1
0.88702,0.0082359,-0.46165,-0.96038,0.0082359,0.9994,0.033654,0.50553,0.46165,-0.033654,0.88642,4.3916,0,0,0,1
0.89102,0.0079615,-0.4539,-0.92396,0.0079615,0.99942,0.033159,0.49554,0.4539,-0.033159,0.89044,4.3028,0,0,0,1
0.89494,0.0076909,-0.44611,-0.88824,0.0076909,0.99944,0.032659,0.48557,0.44611,-0.032659,0.89438,4.2144,0,0,0,1
0.8988,0.0074241,-0.43829,-0.85322,0.0074241,0.99946,0.032154,0.47563,0.43829,-0.032154,0.89826,4.1263,0,0,0,1
0.90259,0.0071611,-0.43043,-0.81891,0.0071611,0.99947,0.031645,0.46573,0.43043,-0.031645,0.90207,4.0385,0,0,0,1
0.90632,0.006902,-0.42254,-0.7853,0.006902,0.99949,0.03113,0.45585,0.42254,-0.03113,0.90581,3.9511,0,0,0,1
0.90997,0.0066469,-0.41462,-0.75239,0.0066469,0.99951,0.030611,0.446,0.41462,-0.030611,0.90948,3.864,0,0,0,1
0.91355,0.0063957,-0.40667,-0.72018,0.0063957,0.99953,0.030087,0.43618,0.40667,-0.030087,0.91308,3.7772,0,0,0,1
0.91707,0.0061486,-0.39869,-0.68868,0.0061486,0.99954,0.029558,0.4264,0.39869,-0.029558,0.91661,3.6907,0,0,0,1
0.92051,0.0059055,-0.39067,-0.65788,0.0059055,0.99956,0.029024,0.41664,0.39067,-0.029024,0.92007,3.6046,0,0,0,1
0.92388,0.0056666,-0.38263,-0.62778,0.0056666,0.99958,0.028486,0.40691,0.38263,-0.028486,0.92346,3.5188,0,0,0,1
0.92719,0.005432,-0.37455,-0.59838,0.005432,0.99959,0.027943,0.39721,0.37455,-0.027943,0.92678,3.4334,0,0,0,1
0.93042,0.0052015,-0.36645,-0.56968,0.0052015,0.99961,0.027395,0.38754,0.36645,-0.027395,0.93003,3.3482,0,0,0,1
0.93358,0.0049754,-0.35832,-0.54169,0.0049754,0.99963,0.026843,0.3779,0.35832,-0.026843,0.93321,3.2634,0,0,0,1
0.93668,0.0047536,-0.35016,-0.5144,0.0047536,0.99964,0.026286,0.3683,0.35016,-0.026286,0.93632,3.179,0,0,0,1
0.9397,0.0045363,-0.34198,-0.48781,0.0045363,0.99966,0.025725,0.35872,0.34198,-0.025725,0.93935,3.0948,0,0,0,1
0.94264,0.0043234,-0.33377,-0.46192,0.0043234,0.99967,0.025159,0.34917,0.33377,-0.025159,0.94232,3.011,0,0,0,1
0.94552,0.004115,-0.32553,-0.43674,0.004115,0.99969,0.024589,0.33965,0.32553,-0.024589,0.94521,2.9275,0,0,0,1
0.94833,0.0039111,-0.31727,-0.41225,0.0039111,0.9997,0.024014,0.33016,0.31727,-0.024014,0.94803,2.8444,0,0,0,1
0.95106,0.0037119,-0.30899,-0.38847,0.0037119,0.99972,0.023435,0.3207,0.30899,-0.023435,0.95078,2.7616,0,0,0,1
0.95372,0.0035173,-0.30068,-0.36539,0.0035173,0.99973,0.022851,0.31127,0.30068,-0.022851,0.95345,2.6791,0,0,0,1
0.95631,0.0033274,-0.29235,-0.34302,0.0033274,0.99975,0.022263,0.30187,0.29235,-0.022263,0.95605,2.5969,0,0,0,1
0.95882,0.0031423,-0.28399,-0.32134,0.0031423,0.99976,0.021671,0.2925,0.28399,-0.021671,0.95858,2.5151,0,0,0,1
0.96126,0.002962,-0.27562,-0.30037,0.002962,0.99977,0.021075,0.28316,0.27562,-0.021075,0.96104,2.4336,0,0,0,1
0.96363,0.0027865,-0.26722,-0.2801,0.0027865,0.99979,0.020474,0.27385,0.26722,-0.020474,0.96342,2.3524,0,0,0,1
0.96593,0.0026159,-0.2588,-0.26053,0.0026159,0.9998,0.019869,0.26457,0.2588,-0.019869,0.96573,2.2716,0,0,0,1
0.96815,0.0024503,-0.25036,-0.24167,0.0024503,0.99981,0.01926,0.25532,0.25036,-0.01926,0.96796,2.1911,0,0,0,1
0.9703,0.0022897,-0.24191,-0.2235,0.0022897,0.99982,0.018647,0.24609,0.24191,-0.018647,0.97012,2.1109,0,0,0,1
0.97237,0.0021341,-0.23343,-0.20604,0.0021341,0.99984,0.01803,0.2369,0.23343,-0.01803,0.97221,2.0311,0,0,0,1
0.97437,0.0019835,-0.22494,-0.18928,0.0019835,0.99985,0.017409,0.22774,0.22494,-0.017409,0.97422,1.9515,0,0,0,1
0.9763,0.0018382,-0.21643,-0.17323,0.0018382,0.99986,0.016784,0.21861,0.21643,-0.016784,0.97615,1.8724,0,0,0,1
0.97815,0.001698,-0.2079,-0.15787,0.001698,0.99987,0.016155,0.20951,0.2079,-0.016155,0.97802,1.7935,0,0,0,1
0.97993,0.001563,-0.19936,-0.14322,0.001563,0.99988,0.015522,0.20043,0.19936,-0.015522,0.9798,1.715,0,0,0,1
0.98163,0.0014333,-0.1908,-0.12927,0.0014333,0.99989,0.014885,0.19139,0.1908,-0.014885,0.98152,1.6368,0,0,0,1
0.98326,0.0013089,-0.18223,-0.11602,0.0013089,0.9999,0.014245,0.18238,0.18223,-0.014245,0.98315,1.5589,0,0,0,1
0.98481,0.0011899,-0.17364,-0.10347,0.0011899,0.99991,0.0136,0.1734,0.17364,-0.0136,0.98471,1.4814,0,0,0,1
0.98629,0.0010763,-0.16504,-0.091629,0.0010763,0.99992,0.012952,0.16444,0.16504,-0.012952,0.9862,1.4042,0,0,0,1
0.98769,0.0009681,-0.15643,-0.080487,0.0009681,0.99992,0.012301,0.15552,0.15643,-0.012301,0.98761,1.3273,0,0,0,1
0.98902,0.00086542,-0.14781,-0.070047,0.00086542,0.99993,0.011646,0.14663,0.14781,-0.011646,0.98895,1.2508,0,0,0,1
0.99027,0.00076827,-0.13917,-0.060309,0.00076827,0.99994,0.010987,0.13776,0.13917,-0.010987,0.99021,1.1745,0,0,0,1
0.99144,0.0006767,-0.13052,-0.051274,0.0006767,0.99995,0.010324,0.12893,0.13052,-0.010324,0.99139,1.0987,0,0,0,1
0.99255,0.00059074,-0.12187,-0.042941,0.00059074,0.99995,0.0096585,0.12013,0.12187,-0.0096585,0.9925,1.0231,0,0,0,1
0.99357,0.00051045,-0.1132,-0.035309,0.00051045,0.99996,0.0089893,0.11135,0.1132,-0.0089893,0.99353,0.94787,0,0,0,1
0.99452,0.00043586,-0.10453,-0.02838,0.00043586,0.99997,0.0083166,0.10261,0.10453,-0.0083166,0.99449,0.87298,0,0,0,1
0.9954,0.00036701,-0.095845,-0.022153,0.00036701,0.99997,0.0076407,0.093893,0.095845,-0.0076407,0.99537,0.79842,0,0,0,1
0.99619,0.00030394,-0.087155,-0.016629,0.00030394,0.99998,0.0069614,0.085208,0.087155,-0.0069614,0.99617,0.72418,0,0,0,1
0.99692,0.0002467,-0.078459,-0.011806,0.0002467,0.99998,0.006279,0.076553,0.078459,-0.006279,0.9969,0.65028,0,0,0,1
0.99756,0.00019532,-0.069756,-0.0076857,0.00019532,0.99998,0.0055933,0.067928,0.069756,-0.0055933,0.99755,0.5767,0,0,0,1
0.99813,0.00014985,-0.061048,-0.0042675,0.00014985,0.99999,0.0049046,0.059332,0.061048,-0.0049046,0.99812,0.50346,0,0,0,1
0.99863,0.00011031,-0.052336,-0.0015514,0.00011031,0.99999,0.0042127,0.050767,0.052336,-0.0042127,0.99862,0.43055,0,0,0,1
0.99905,7.676e-05,-0.043619,0.00046258,7.676e-05,0.99999,0.0035179,0.042231,0.043619,-0.0035179,0.99904,0.35796,0,0,0,1
0.99939,4.9224e-05,-0.034899,0.0017744,4.9224e-05,1,0.00282,0.033725,0.034899,-0.00282,0.99939,0.28571,0,0,0,1
0.99966,2.7743e-05,-0.026177,0.002384,2.7743e-05,1,0.0021193,0.025249,0.026177,-0.0021193,0.99966,0.21379,0,0,0,1
0.99985,1.2354e-05,-0.017452,0.0022915,1.2354e-05,1,0.0014156,0.016803,0.017452,-0.0014156,0.99985,0.14219,0,0,0,1
0.99996,3.0945e-06,-0.0087265,0.0014968,3.0945e-06,1,0.0007092,0.0083866,0.0087265,-0.0007092,0.99996,0.070932,0,0,0,1
NaN,NaN,NaN,0,NaN,NaN,NaN,0,NaN,NaN,NaN,0,0,0,0,1
NaN,NaN,NaN,0,NaN,NaN,NaN,0,NaN,NaN,NaN,0,0,0,0,1
