0.84834,-0.0462,0.52743,-2.4159,0.074162,0.99673,-0.031977,0.10396,-0.52423,0.066242,0.849,-2.6858,0,0,0,1
0.85092,-0.045569,0.52331,-2.3824,0.073062,0.99681,-0.032003,0.096797,-0.52018,0.065466,0.85154,-2.6683,0,0,0,1
0.85348,-0.04494,0.51918,-2.349,0.07197,0.99689,-0.032021,0.089738,-0.51613,0.064695,0.85407,-2.6508,0,0,0,1
0.85602,-0.044314,0.51504,-2.3159,0.070884,0.99697,-0.032033,0.082785,-0.51206,0.063929,0.85657,-2.6332,0,0,0,1
0.85853,-0.043691,0.51089,-2.283,0.069805,0.99705,-0.032037,0.075937,-0.50799,0.063168,0.85905,-2.6155,0,0,0,1
0.86102,-0.043072,0.50674,-2.2503,0.068733,0.99712,-0.032034,0.069196,-0.5039,0.062412,0.8615,-2.5977,0,0,0,1
0.86349,-0.042455,0.50257,-2.2178,0.067668,0.99719,-0.032025,0.06256,-0.4998,0.061661,0.86394,-2.5799,0,0,0,1
0.86594,-0.041841,0.4984,-2.1856,0.06661,0.99727,-0.032008,0.05603,-0.4957,0.060915,0.86636,-2.5619,0,0,0,1
0.86836,-0.041231,0.49422,-2.1536,0.065559,0.99734,-0.031985,0.049606,-0.49158,0.060174,0.86875,-2.5439,0,0,0,1
0.87076,-0.040624,0.49003,-2.1218,0.064515,0.99741,-0.031954,0.043288,-0.48746,0.059439,0.87112,-2.5258,0,0,0,1
0.87314,-0.04002,0.48583,-2.0903,0.063478,0.99747,-0.031917,0.037076,-0.48333,0.058708,0.87347,-2.5076,0,0,0,1
0.87549,-0.039419,0.48162,-2.0589,0.062448,0.99754,-0.031874,0.03097,-0.47918,0.057982,0.8758,-2.4893,0,0,0,1
0.87782,-0.038821,0.47741,-2.0278,0.061426,0.9976,-0.031823,0.024969,-0.47503,0.057261,0.8781,-2.471,0,0,0,1
0.88013,-0.038227,0.47319,-1.997,0.060411,0.99767,-0.031767,0.019074,-0.47087,0.056544,0.88039,-2.4525,0,0,0,1
0.88242,-0.037636,0.46896,-1.9663,0.059403,0.99773,-0.031703,0.013286,-0.4667,0.055833,0.88265,-2.434,0,0,0,1
0.88468,-0.037049,0.46472,-1.9359,0.058403,0.99779,-0.031633,0.0076026,-0.46252,0.055126,0.88489,-2.4154,0,0,0,1
0.88692,-0.036465,0.46048,-1.9057,0.05741,0.99785,-0.031557,0.0020255,-0.45834,0.054424,0.88711,-2.3967,0,0,0,1
0.88914,-0.035885,0.45622,-1.8757,0.056424,0.99791,-0.031474,-0.0034457,-0.45414,0.053727,0.88931,-2.378,0,0,0,1
0.89134,-0.035308,0.45196,-1.846,0.055446,0.99797,-0.031385,-0.0088111,-0.44994,0.053034,0.89148,-2.3591,0,0,0,1
0.89351,-0.034734,0.4477,-1.8165,0.054475,0.99802,-0.03129,-0.014071,-0.44573,0.052346,0.89364,-2.3402,0,0,0,1
0.89566,-0.034165,0.44342,-1.7872,0.053512,0.99808,-0.031189,-0.019224,-0.44151,0.051663,0.89577,-2.3212,0,0,0,1
0.89779,-0.033598,0.43914,-1.7581,0.052557,0.99813,-0.031081,-0.024272,-0.43728,0.050984,0.89788,-2.3021,0,0,0,1
0.89989,-0.033036,0.43486,-1.7293,0.051609,0.99819,-0.030967,-0.029214,-0.43305,0.05031,0.89997,-2.2829,0,0,0,1
0.90198,-0.032477,0.43056,-1.7007,0.050668,0.99824,-0.030848,-0.03405,-0.4288,0.04964,0.90203,-2.2636,0,0,0,1
0.90404,-0.031922,0.42626,-1.6723,0.049736,0.99829,-0.030722,-0.03878,-0.42455,0.048975,0.90408,-2.2443,0,0,0,1
0.90607,-0.031371,0.42196,-1.6441,0.048811,0.99834,-0.030591,-0.043405,-0.42029,0.048314,0.9061,-2.2248,0,0,0,1
0.90809,-0.030823,0.41764,-1.6162,0.047894,0.99839,-0.030454,-0.047923,-0.41603,0.047657,0.9081,-2.2053,0,0,0,1
0.91008,-0.030279,0.41332,-1.5885,0.046985,0.99844,-0.03031,-0.052336,-0.41176,0.047005,0.91008,-2.1857,0,0,0,1
0.91205,-0.029739,0.409,-1.561,0.046083,0.99848,-0.030162,-0.056643,-0.40748,0.046357,0.91204,-2.166,0,0,0,1
0.914,-0.029203,0.40467,-1.5337,0.04519,0.99853,-0.030007,-0.060844,-0.40319,0.045713,0.91397,-2.1463,0,0,0,1
0.91592,-0.028671,0.40033,-1.5067,0.044304,0.99857,-0.029847,-0.064939,-0.3989,0.045074,0.91589,-2.1264,0,0,0,1
0.91782,-0.028143,0.39599,-1.4799,0.043426,0.99862,-0.029681,-0.068928,-0.3946,0.044439,0.91778,-2.1065,0,0,0,1
0.9197,-0.027619,0.39164,-1.4533,0.042557,0.99866,-0.02951,-0.072811,-0.3903,0.043808,0.91965,-2.0865,0,0,0,1
0.92156,-0.027099,0.38728,-1.427,0.041695,0.9987,-0.029334,-0.076589,-0.38599,0.043181,0.92149,-2.0664,0,0,0,1
0.9234,-0.026583,0.38293,-1.4008,0.040841,0.99874,-0.029152,-0.08026,-0.38167,0.042558,0.92332,-2.0462,0,0,0,1
0.92521,-0.026071,0.37856,-1.3749,0.039996,0.99878,-0.028965,-0.083826,-0.37734,0.041939,0.92512,-2.0259,0,0,0,1
0.927,-0.025563,0.37419,-1.3493,0.039158,0.99882,-0.028772,-0.087286,-0.37301,0.041324,0.9269,-2.0056,0,0,0,1
0.92877,-0.02506,0.36982,-1.3238,0.038329,0.99886,-0.028574,-0.09064,-0.36868,0.040714,0.92866,-1.9851,0,0,0,1
0.93051,-0.02456,0.36544,-1.2986,0.037507,0.99889,-0.028372,-0.093888,-0.36434,0.040107,0.9304,-1.9646,0,0,0,1
0.93223,-0.024065,0.36105,-1.2736,0.036694,0.99893,-0.028164,-0.09703,-0.35999,0.039504,0.93212,-1.944,0,0,0,1
0.93393,-0.023574,0.35667,-1.2488,0.03589,0.99896,-0.027951,-0.10007,-0.35564,0.038905,0.93381,-1.9233,0,0,0,1
0.93561,-0.023087,0.35227,-1.2243,0.035093,0.999,-0.027733,-0.103,-0.35128,0.03831,0.93549,-1.9026,0,0,0,1
0.93727,-0.022604,0.34787,-1.2,0.034305,0.99903,-0.02751,-0.10582,-0.34692,0.037718,0.93714,-1.8817,0,0,0,1
0.9389,-0.022126,0.34347,-1.1759,0.033525,0.99907,-0.027283,-0.10854,-0.34255,0.03713,0.93877,-1.8608,0,0,0,1
0.94051,-0.021652,0.33907,-1.152,0.032753,0.9991,-0.02705,-0.11115,-0.33818,0.036547,0.94037,-1.8398,0,0,0,1
0.9421,-0.021183,0.33466,-1.1284,0.03199,0.99913,-0.026813,-0.11366,-0.3338,0.035966,0.94196,-1.8187,0,0,0,1
0.94367,-0.020718,0.33024,-1.105,0.031235,0.99916,-0.026571,-0.11606,-0.32941,0.03539,0.94352,-1.7975,0,0,0,1
0.94521,-0.020257,0.32583,-1.0818,0.030488,0.99919,-0.026325,-0.11836,-0.32503,0.034817,0.94506,-1.7763,0,0,0,1
0.94674,-0.019801,0.3214,-1.0588,0.02975,0.99922,-0.026074,-0.12055,-0.32064,0.034247,0.94658,-1.7549,0,0,0,1
0.94824,-0.019349,0.31698,-1.0361,0.029021,0.99925,-0.025819,-0.12263,-0.31624,0.033681,0.94808,-1.7335,0,0,0,1
0.94971,-0.018902,0.31255,-1.0136,0.0283,0.99927,-0.025559,-0.12461,-0.31184,0.033119,0.94956,-1.712,0,0,0,1
0.95117,-0.018459,0.30812,-0.99132,0.027587,0.9993,-0.025295,-0.12648,-0.30743,0.03256,0.95101,-1.6904,0,0,0,1
0.9526,-0.018021,0.30368,-0.96926,0.026883,0.99933,-0.025026,-0.12825,-0.30303,0.032004,0.95244,-1.6687,0,0,0,1
0.95401,-0.017587,0.29924,-0.94743,0.026188,0.99935,-0.024754,-0.12991,-0.29861,0.031452,0.95386,-1.647,0,0,0,1
0.9554,-0.017158,0.2948,-0.92583,0.025501,0.99938,-0.024477,-0.13146,-0.2942,0.030903,0.95525,-1.6251,0,0,0,1
0.95677,-0.016734,0.29036,-0.90445,0.024822,0.9994,-0.024196,-0.13291,-0.28978,0.030357,0.95661,-1.6032,0,0,0,1
0.95812,-0.016314,0.28591,-0.8833,0.024153,0.99942,-0.023911,-0.13425,-0.28535,0.029815,0.95796,-1.5812,0,0,0,1
0.95944,-0.015899,0.28146,-0.86238,0.023492,0.99944,-0.023622,-0.13549,-0.28093,0.029276,0.95928,-1.5591,0,0,0,1
0.96074,-0.015489,0.27701,-0.84168,0.02284,0.99947,-0.023329,-0.13662,-0.2765,0.02874,0.96058,-1.5369,0,0,0,1
0.96202,-0.015083,0.27255,-0.82121,0.022196,0.99949,-0.023032,-0.13765,-0.27206,0.028207,0.96187,-1.5147,0,0,0,1
0.96328,-0.014683,0.26809,-0.80096,0.021561,0.99951,-0.022732,-0.13857,-0.26763,0.027677,0.96312,-1.4923,0,0,0,1
0.96452,-0.014286,0.26363,-0.78094,0.020935,0.99953,-0.022427,-0.13938,-0.26319,0.02715,0.96436,-1.4699,0,0,0,1
0.96573,-0.013895,0.25917,-0.76115,0.020318,0.99955,-0.022119,-0.14009,-0.25875,0.026627,0.96558,-1.4474,0,0,0,1
0.96692,-0.013509,0.25471,-0.74158,0.019709,0.99957,-0.021807,-0.14069,-0.2543,0.026106,0.96677,-1.4248,0,0,0,1
0.9681,-0.013127,0.25024,-0.72224,0.019109,0.99959,-0.021492,-0.14118,-0.24985,0.025588,0.96795,-1.4021,0,0,0,1
0.96924,-0.01275,0.24577,-0.70312,0.018518,0.9996,-0.021173,-0.14157,-0.2454,0.025073,0.9691,-1.3794,0,0,0,1
0.97037,-0.012378,0.2413,-0.68424,0.017936,0.99962,-0.020851,-0.14186,-0.24095,0.024561,0.97023,-1.3565,0,0,0,1
0.97148,-0.012011,0.23683,-0.66557,0.017363,0.99964,-0.020525,-0.14204,-0.2365,0.024052,0.97133,-1.3336,0,0,0,1
0.97256,-0.011649,0.23235,-0.64714,0.016799,0.99965,-0.020196,-0.14211,-0.23204,0.023545,0.97242,-1.3106,0,0,0,1
0.97362,-0.011292,0.22788,-0.62892,0.016243,0.99967,-0.019864,-0.14208,-0.22758,0.023042,0.97349,-1.2875,0,0,0,1
0.97466,-0.01094,0.2234,-0.61094,0.015697,0.99969,-0.019529,-0.14194,-0.22312,0.022541,0.97453,-1.2644,0,0,0,1
0.97568,-0.010593,0.21893,-0.59318,0.015159,0.9997,-0.01919,-0.14169,-0.21866,0.022042,0.97555,-1.2411,0,0,0,1
0.97668,-0.01025,0.21445,-0.57565,0.014631,0.99972,-0.018848,-0.14134,-0.21419,0.021546,0.97655,-1.2178,0,0,0,1
0.97766,-0.0099132,0.20997,-0.55834,0.014111,0.99973,-0.018504,-0.14088,-0.20973,0.021053,0.97753,-1.1944,0,0,0,1
0.97861,-0.009581,0.20549,-0.54126,0.0136,0.99974,-0.018156,-0.14032,-0.20526,0.020562,0.97849,-1.1709,0,0,0,1
0.97955,-0.0092538,0.20101,-0.52441,0.013098,0.99976,-0.017805,-0.13965,-0.20079,0.020074,0.97943,-1.1473,0,0,0,1
0.98046,-0.0089318,0.19652,-0.50778,0.012606,0.99977,-0.017452,-0.13888,-0.19632,0.019588,0.98034,-1.1236,0,0,0,1
0.98135,-0.0086148,0.19204,-0.49138,0.012122,0.99978,-0.017096,-0.138,-0.19185,0.019105,0.98124,-1.0998,0,0,0,1
0.98222,-0.0083029,0.18756,-0.4752,0.011647,0.99979,-0.016737,-0.13701,-0.18738,0.018624,0.98211,-1.076,0,0,0,1
0.98307,-0.0079962,0.18307,-0.45925,0.011182,0.9998,-0.016375,-0.13592,-0.18291,0.018145,0.98296,-1.0521,0,0,0,1
0.98389,-0.0076946,0.17859,-0.44353,0.010725,0.99981,-0.016011,-0.13472,-0.17843,0.017669,0.98379,-1.0281,0,0,0,1
0.9847,-0.0073981,0.1741,-0.42803,0.010278,0.99982,-0.015644,-0.13342,-0.17396,0.017194,0.9846,-1.004,0,0,0,1
0.98548,-0.0071068,0.16962,-0.41276,0.0098394,0.99983,-0.015275,-0.13201,-0.16948,0.016722,0.98539,-0.97984,0,0,0,1
0.98625,-0.0068208,0.16513,-0.39771,0.0094102,0.99984,-0.014903,-0.13049,-0.16501,0.016252,0.98616,-0.95559,0,0,0,1
0.98699,-0.0065399,0.16065,-0.3829,0.00899,0.99985,-0.014529,-0.12887,-0.16053,0.015785,0.9869,-0.93126,0,0,0,1
0.98771,-0.0062642,0.15616,-0.3683,0.0085789,0.99986,-0.014153,-0.12714,-0.15605,0.015319,0.98763,-0.90685,0,0,0,1
0.98841,-0.0059937,0.15168,-0.35394,0.008177,0.99987,-0.013775,-0.12531,-0.15158,0.014855,0.98833,-0.88235,0,0,0,1
0.98909,-0.0057285,0.14719,-0.33979,0.0077843,0.99988,-0.013394,-0.12337,-0.1471,0.014394,0.98902,-0.85777,0,0,0,1
0.98975,-0.0054686,0.14271,-0.32588,0.0074007,0.99989,-0.013011,-0.12133,-0.14262,0.013934,0.98968,-0.8331,0,0,0,1
0.99039,-0.0052139,0.13823,-0.31219,0.0070262,0.9999,-0.012626,-0.11918,-0.13815,0.013476,0.99032,-0.80835,0,0,0,1
0.991,-0.0049646,0.13374,-0.29873,0.006661,0.9999,-0.012239,-0.11692,-0.13367,0.01302,0.99094,-0.78352,0,0,0,1
0.9916,-0.0047205,0.12926,-0.28549,0.0063049,0.99991,-0.01185,-0.11456,-0.12919,0.012566,0.99154,-0.75861,0,0,0,1
0.99217,-0.0044818,0.12478,-0.27248,0.005958,0.99992,-0.01146,-0.11209,-0.12472,0.012114,0.99212,-0.73361,0,0,0,1
0.99273,-0.0042483,0.1203,-0.2597,0.0056203,0.99992,-0.011067,-0.10951,-0.12024,0.011663,0.99268,-0.70853,0,0,0,1
0.99326,-0.0040203,0.11582,-0.24714,0.0052918,0.99993,-0.010673,-0.10684,-0.11577,0.011214,0.99321,-0.68337,0,0,0,1
0.99377,-0.0037975,0.11134,-0.23481,0.0049725,0.99993,-0.010277,-0.10405,-0.1113,0.010767,0.99373,-0.65813,0,0,0,1
0.99427,-0.0035802,0.10687,-0.2227,0.0046625,0.99994,-0.0098793,-0.10116,-0.10682,0.010321,0.99422,-0.6328,0,0,0,1
0.99474,-0.0033682,0.10239,-0.21082,0.0043616,0.99995,-0.0094802,-0.09816,-0.10235,0.0098769,0.9947,-0.60739,0,0,0,1
0.99519,-0.0031616,0.097916,-0.19917,0.0040701,0.99995,-0.0090794,-0.095057,-0.097882,0.0094343,0.99515,-0.58189,0,0,0,1
0.99562,-0.0029604,0.093443,-0.18774,0.0037877,0.99996,-0.0086773,-0.091847,-0.093413,0.0089932,0.99559,-0.55631,0,0,0,1
0.99603,-0.0027646,0.088971,-0.17654,0.0035146,0.99996,-0.0082737,-0.088532,-0.088945,0.0085536,0.996,-0.53065,0,0,0,1
0.99642,-0.0025743,0.084501,-0.16557,0.0032508,0.99996,-0.0078688,-0.085111,-0.084478,0.0081153,0.99639,-0.50491,0,0,0,1
0.99679,-0.0023894,0.080033,-0.15482,0.0029962,0.99997,-0.0074626,-0.081585,-0.080013,0.0076784,0.99676,-0.47908,0,0,0,1
0.99714,-0.0022099,0.075567,-0.14429,0.0027508,0.99997,-0.0070552,-0.077952,-0.075549,0.0072429,0.99712,-0.45317,0,0,0,1
0.99747,-0.0020359,0.071102,-0.134,0.0025148,0.99997,-0.0066466,-0.074213,-0.071087,0.0068086,0.99745,-0.42718,0,0,0,1
0.99778,-0.0018673,0.06664,-0.12393,0.002288,0.99998,-0.006237,-0.070369,-0.066627,0.0063756,0.99776,-0.4011,0,0,0,1
0.99806,-0.0017042,0.062179,-0.11408,0.0020705,0.99998,-0.0058263,-0.066419,-0.062168,0.0059437,0.99805,-0.37494,0,0,0,1
0.99833,-0.0015466,0.057721,-0.10446,0.0018622,0.99998,-0.0054146,-0.062363,-0.057712,0.005513,0.99832,-0.3487,0,0,0,1
0.99858,-0.0013945,0.053265,-0.095071,0.0016632,0.99999,-0.0050019,-0.058201,-0.053257,0.0050834,0.99857,-0.32238,0,0,0,1
0.99881,-0.0012479,0.048811,-0.085905,0.0014736,0.99999,-0.0045885,-0.053933,-0.048805,0.0046549,0.9988,-0.29597,0,0,0,1
0.99901,-0.0011067,0.04436,-0.076965,0.0012932,0.99999,-0.0041742,-0.049559,-0.044355,0.0042274,0.99901,-0.26948,0,0,0,1
0.9992,-0.00097113,0.039911,-0.068251,0.0011221,0.99999,-0.0037592,-0.04508,-0.039907,0.0038009,0.9992,-0.2429,0,0,0,1
0.99937,-0.00084105,0.035465,-0.059763,0.00096023,0.99999,-0.0033434,-0.040494,-0.035462,0.0033754,0.99937,-0.21625,0,0,0,1
0.99952,-0.0007165,0.031022,-0.051501,0.00080769,1,-0.0029271,-0.035803,-0.03102,0.0029507,0.99951,-0.18951,0,0,0,1
0.99965,-0.00059748,0.026581,-0.043465,0.00066444,1,-0.0025102,-0.031006,-0.02658,0.002527,0.99964,-0.16268,0,0,0,1
0.99975,-0.00048401,0.022143,-0.035656,0.00053048,1,-0.0020928,-0.026103,-0.022142,0.002104,0.99975,-0.13578,0,0,0,1
0.99984,-0.00037608,0.017708,-0.028072,0.00040581,1,-0.0016749,-0.021094,-0.017708,0.0016818,0.99984,-0.10879,0,0,0,1
0.99991,-0.00027371,0.013277,-0.020715,0.00029042,1,-0.0012566,-0.015979,-0.013276,0.0012603,0.99991,-0.081715,0,0,0,1
0.99996,-0.00017691,0.0088478,-0.013584,0.00018433,1,-0.00083799,-0.010759,-0.0088477,0.00083959,0.99996,-0.05456,0,0,0,1
0.99999,-8.5667e-05,0.0044223,-0.0066789,8.7521e-05,1,-0.00041911,-0.0054323,-0.0044222,0.00041949,0.99999,-0.027321,0,0,0,1
NaN,NaN,NaN,0,NaN,NaN,NaN,0,NaN,NaN,NaN,0,0,0,0,1
0.99999,8.0089e-05,-0.0044189,0.0064528,-7.8237e-05,1,0.00041927,0.0055381,0.004419,-0.00041892,0.99999,0.027404,0,0,0,1
0.99996,0.00015459,-0.0088344,0.01268,-0.00014719,1,0.00083864,0.011182,0.0088345,-0.00083731,0.99996,0.054892,0,0,0,1
0.99991,0.00022351,-0.013246,0.01868,-0.00020687,1,0.0012581,0.016932,0.013247,-0.0012552,0.99991,0.082462,0,0,0,1
0.99984,0.00028684,-0.017655,0.024455,-0.00025726,1,0.0016775,0.022788,0.017655,-0.0016727,0.99984,0.11012,0,0,0,1
0.99976,0.00034457,-0.022059,0.030003,-0.00029839,1,0.0020968,0.028749,0.02206,-0.0020897,0.99975,0.13785,0,0,0,1
0.99965,0.0003967,-0.02646,0.035325,-0.00033024,1,0.002516,0.034817,0.026461,-0.0025064,0.99965,0.16567,0,0,0,1
0.99952,0.00044322,-0.030857,0.040421,-0.00035282,1,0.002935,0.04099,0.030859,-0.0029228,0.99952,0.19357,0,0,0,1
0.99938,0.00048414,-0.035251,0.045291,-0.00036614,0.99999,0.0033538,0.047269,0.035252,-0.0033388,0.99937,0.22156,0,0,0,1
0.99921,0.00051945,-0.03964,0.049935,-0.0003702,0.99999,0.0037723,0.053654,0.039641,-0.0037547,0.99921,0.24963,0,0,0,1
0.99903,0.00054914,-0.044025,0.054353,-0.00036501,0.99999,0.0041904,0.060145,0.044027,-0.0041703,0.99902,0.27778,0,0,0,1
0.99883,0.00057322,-0.048406,0.058545,-0.00035057,0.99999,0.0046082,0.066742,0.048408,-0.0045858,0.99882,0.30601,0,0,0,1
0.99861,0.00059168,-0.052782,0.06251,-0.00032688,0.99999,0.0050254,0.073444,0.052785,-0.0050011,0.99859,0.33433,0,0,0,1
0.99837,0.00060452,-0.057155,0.06625,-0.00029395,0.99999,0.0054421,0.080253,0.057157,-0.0054164,0.99835,0.36273,0,0,0,1
0.99811,0.00061174,-0.061523,0.069763,-0.00025179,0.99998,0.0058583,0.087167,0.061525,-0.0058317,0.99809,0.39122,0,0,0,1
0.99783,0.00061334,-0.065886,0.07305,-0.00020041,0.99998,0.0062738,0.094187,0.065889,-0.0062469,0.99781,0.41978,0,0,0,1
0.99753,0.00060931,-0.070245,0.076111,-0.0001398,0.99998,0.0066886,0.10131,0.070248,-0.0066622,0.99751,0.44843,0,0,0,1
0.99721,0.00059965,-0.074599,0.078946,-6.9977e-05,0.99997,0.0071026,0.10855,0.074602,-0.0070776,0.99719,0.47717,0,0,0,1
0.99688,0.00058436,-0.078949,0.081555,9.0506e-06,0.99997,0.0075159,0.11588,0.078951,-0.0074931,0.99685,0.50598,0,0,0,1
0.99652,0.00056345,-0.083294,0.083938,9.7277e-05,0.99997,0.0079282,0.12333,0.083296,-0.0079088,0.99649,0.53488,0,0,0,1
0.99615,0.00053691,-0.087634,0.086094,0.0001947,0.99997,0.0083397,0.13088,0.087635,-0.0083247,0.99612,0.56386,0,0,0,1
0.99576,0.00050474,-0.091969,0.088025,0.0003013,0.99996,0.0087502,0.13853,0.09197,-0.0087408,0.99572,0.59293,0,0,0,1
0.99535,0.00046695,-0.096299,0.089729,0.00041707,0.99996,0.0091597,0.14629,0.096299,-0.0091572,0.99531,0.62207,0,0,0,1
0.99492,0.00042352,-0.10062,0.091207,0.00054202,0.99995,0.009568,0.15416,0.10062,-0.009574,0.99488,0.65131,0,0,0,1
0.99448,0.00037447,-0.10494,0.092459,0.00067612,0.99995,0.0099753,0.16213,0.10494,-0.0099911,0.99443,0.68062,0,0,0,1
0.99401,0.0003198,-0.10926,0.093485,0.00081937,0.99995,0.010381,0.17021,0.10926,-0.010409,0.99396,0.71002,0,0,0,1
0.99353,0.00025949,-0.11357,0.094285,0.00097175,0.99994,0.010786,0.1784,0.11356,-0.010827,0.99347,0.7395,0,0,0,1
0.99303,0.00019357,-0.11787,0.094859,0.0011333,0.99994,0.01119,0.18669,0.11787,-0.011245,0.99297,0.76906,0,0,0,1
0.99251,0.00012202,-0.12217,0.095207,0.0013039,0.99993,0.011592,0.19508,0.12216,-0.011664,0.99244,0.79871,0,0,0,1
0.99197,4.4852e-05,-0.12646,0.095328,0.0014836,0.99993,0.011992,0.20358,0.12645,-0.012084,0.9919,0.82843,0,0,0,1
0.99142,-3.7934e-05,-0.13075,0.095224,0.0016725,0.99992,0.012392,0.21219,0.13074,-0.012504,0.99134,0.85825,0,0,0,1
0.99084,-0.00012634,-0.13503,0.094893,0.0018704,0.99992,0.012789,0.22091,0.13502,-0.012925,0.99076,0.88814,0,0,0,1
0.99025,-0.00022035,-0.13931,0.094336,0.0020774,0.99991,0.013185,0.22973,0.13929,-0.013346,0.99016,0.91812,0,0,0,1
0.98964,-0.00031998,-0.14358,0.093553,0.0022935,0.99991,0.01358,0.23865,0.14356,-0.013768,0.98955,0.94818,0,0,0,1
0.98901,-0.00042521,-0.14784,0.092544,0.0025186,0.9999,0.013973,0.24768,0.14782,-0.014192,0.98891,0.97833,0,0,0,1
0.98836,-0.00053605,-0.1521,0.091309,0.0027528,0.99989,0.014364,0.25682,0.15208,-0.014615,0.98826,1.0086,0,0,0,1
0.9877,-0.00065249,-0.15635,0.089848,0.0029959,0.99989,0.014753,0.26606,0.15633,-0.01504,0.98759,1.0389,0,0,0,1
0.98702,-0.00077452,-0.1606,0.088161,0.0032481,0.99988,0.01514,0.27541,0.16057,-0.015466,0.9869,1.0693,0,0,0,1
0.98632,-0.00090215,-0.16484,0.086247,0.0035093,0.99987,0.015526,0.28487,0.1648,-0.015892,0.9862,1.0997,0,0,0,1
0.9856,-0.0010354,-0.16907,0.084107,0.0037795,0.99987,0.01591,0.29443,0.16903,-0.01632,0.98547,1.1303,0,0,0,1
0.98487,-0.0011742,-0.1733,0.081742,0.0040587,0.99986,0.016291,0.3041,0.17326,-0.016748,0.98473,1.1609,0,0,0,1
0.98412,-0.0013186,-0.17752,0.07915,0.0043468,0.99985,0.016671,0.31387,0.17747,-0.017177,0.98398,1.1917,0,0,0,1
0.98335,-0.0014685,-0.18174,0.076332,0.0046439,0.99984,0.017048,0.32375,0.18168,-0.017608,0.9832,1.2225,0,0,0,1
0.98256,-0.001624,-0.18595,0.073288,0.0049499,0.99984,0.017423,0.33373,0.18589,-0.01804,0.98241,1.2534,0,0,0,1
0.98175,-0.0017851,-0.19015,0.070018,0.0052648,0.99983,0.017796,0.34382,0.19008,-0.018473,0.98159,1.2843,0,0,0,1
0.98093,-0.0019518,-0.19434,0.066521,0.0055886,0.99982,0.018167,0.35402,0.19427,-0.018907,0.98077,1.3154,0,0,0,1
0.98009,-0.002124,-0.19853,0.062799,0.0059213,0.99981,0.018535,0.36432,0.19846,-0.019342,0.97992,1.3465,0,0,0,1
0.97924,-0.0023017,-0.20271,0.05885,0.0062629,0.9998,0.018901,0.37473,0.20263,-0.019778,0.97906,1.3778,0,0,0,1
0.97836,-0.002485,-0.20689,0.054676,0.0066134,0.99979,0.019265,0.38524,0.2068,-0.020216,0.97817,1.4091,0,0,0,1
0.97747,-0.0026739,-0.21106,0.050275,0.0069726,0.99978,0.019626,0.39586,0.21096,-0.020656,0.97728,1.4405,0,0,0,1
0.97656,-0.0028682,-0.21522,0.045648,0.0073407,0.99977,0.019985,0.40658,0.21511,-0.021096,0.97636,1.4719,0,0,0,1
0.97564,-0.0030681,-0.21937,0.040795,0.0077176,0.99976,0.020341,0.41742,0.21926,-0.021538,0.97543,1.5035,0,0,0,1
0.97469,-0.0032735,-0.22352,0.035716,0.0081033,0.99975,0.020694,0.42835,0.2234,-0.021982,0.97448,1.5351,0,0,0,1
0.97373,-0.0034844,-0.22766,0.030411,0.0084978,0.99974,0.021045,0.4394,0.22753,-0.022427,0.97351,1.5668,0,0,0,1
0.97276,-0.0037008,-0.23179,0.024879,0.008901,0.99973,0.021393,0.45054,0.23165,-0.022873,0.97253,1.5986,0,0,0,1
0.97176,-0.0039227,-0.23592,0.019122,0.009313,0.99972,0.021738,0.4618,0.23577,-0.023321,0.97153,1.6305,0,0,0,1
0.97075,-0.00415,-0.24004,0.013138,0.0097337,0.99971,0.02208,0.47316,0.23988,-0.023771,0.97051,1.6625,0,0,0,1
0.96973,-0.0043829,-0.24415,0.0069284,0.010163,0.9997,0.02242,0.48463,0.24398,-0.024223,0.96948,1.6946,0,0,0,1
0.96868,-0.0046212,-0.24825,0.00049261,0.010601,0.99968,0.022757,0.4962,0.24807,-0.024676,0.96843,1.7267,0,0,0,1
0.96762,-0.004865,-0.25235,-0.0061693,0.011048,0.99967,0.02309,0.50788,0.25215,-0.02513,0.96736,1.7589,0,0,0,1
0.96655,-0.0051142,-0.25644,-0.013057,0.011503,0.99966,0.023421,0.51966,0.25623,-0.025587,0.96628,1.7912,0,0,0,1
0.96545,-0.0053689,-0.26052,-0.020172,0.011967,0.99965,0.023748,0.53155,0.2603,-0.026045,0.96518,1.8236,0,0,0,1
0.96434,-0.005629,-0.26459,-0.027512,0.01244,0.99963,0.024072,0.54354,0.26436,-0.026506,0.96406,1.8561,0,0,0,1
0.96322,-0.0058945,-0.26866,-0.035078,0.012921,0.99962,0.024394,0.55565,0.26841,-0.026968,0.96293,1.8886,0,0,0,1
0.96208,-0.0061654,-0.27271,-0.042871,0.013411,0.9996,0.024712,0.56785,0.27245,-0.027432,0.96178,1.9213,0,0,0,1
0.96092,-0.0064418,-0.27676,-0.050889,0.013909,0.99959,0.025026,0.58017,0.27649,-0.027898,0.96061,1.954,0,0,0,1
0.95974,-0.0067235,-0.28081,-0.059134,0.014416,0.99958,0.025338,0.59259,0.28052,-0.028366,0.95943,1.9868,0,0,0,1
0.95855,-0.0070106,-0.28484,-0.067605,0.014931,0.99956,0.025645,0.60511,0.28454,-0.028835,0.95823,2.0197,0,0,0,1
0.95734,-0.0073031,-0.28887,-0.076302,0.015455,0.99954,0.02595,0.61774,0.28855,-0.029307,0.95702,2.0526,0,0,0,1
0.95612,-0.0076009,-0.29288,-0.085225,0.015987,0.99953,0.026251,0.63048,0.29255,-0.029782,0.95579,2.0857,0,0,0,1
0.95488,-0.0079041,-0.29689,-0.094375,0.016528,0.99951,0.026549,0.64332,0.29654,-0.030258,0.95454,2.1188,0,0,0,1
0.95362,-0.0082126,-0.3009,-0.10375,0.017077,0.99949,0.026843,0.65627,0.30052,-0.030736,0.95328,2.152,0,0,0,1
0.95235,-0.0085265,-0.30489,-0.11335,0.017635,0.99948,0.027133,0.66932,0.3045,-0.031217,0.952,2.1853,0,0,0,1
0.95106,-0.0088457,-0.30887,-0.12318,0.018201,0.99946,0.02742,0.68248,0.30846,-0.031699,0.95071,2.2187,0,0,0,1
0.94976,-0.0091702,-0.31285,-0.13323,0.018775,0.99944,0.027703,0.69575,0.31242,-0.032185,0.9494,2.2522,0,0,0,1
0.94844,-0.0094999,-0.31682,-0.14351,0.019358,0.99942,0.027982,0.70912,0.31637,-0.032672,0.94807,2.2857,0,0,0,1
0.9471,-0.009835,-0.32078,-0.15402,0.019949,0.9994,0.028257,0.7226,0.32031,-0.033162,0.94673,2.3194,0,0,0,1
0.94575,-0.010175,-0.32473,-0.16475,0.020548,0.99938,0.028529,0.73618,0.32424,-0.033654,0.94538,2.3531,0,0,0,1
0.94438,-0.010521,-0.32867,-0.17571,0.021155,0.99936,0.028796,0.74987,0.32816,-0.034148,0.944,2.3869,0,0,0,1
0.943,-0.010872,-0.33261,-0.18689,0.021771,0.99934,0.02906,0.76367,0.33207,-0.034645,0.94262,2.4207,0,0,0,1
0.9416,-0.011228,-0.33653,-0.1983,0.022395,0.99932,0.02932,0.77757,0.33597,-0.035145,0.94122,2.4547,0,0,0,1
0.94019,-0.011589,-0.34045,-0.20994,0.023027,0.9993,0.029576,0.79157,0.33987,-0.035646,0.9398,2.4888,0,0,0,1
0.93876,-0.011956,-0.34436,-0.2218,0.023667,0.99927,0.029827,0.80569,0.34375,-0.036151,0.93836,2.5229,0,0,0,1
0.93732,-0.012327,-0.34826,-0.23389,0.024316,0.99925,0.030075,0.81991,0.34763,-0.036658,0.93692,2.5571,0,0,0,1
0.93586,-0.012704,-0.35215,-0.24621,0.024973,0.99923,0.030318,0.83423,0.35149,-0.037168,0.93545,2.5914,0,0,0,1
0.93438,-0.013086,-0.35603,-0.25875,0.025637,0.9992,0.030557,0.84866,0.35535,-0.03768,0.93398,2.6258,0,0,0,1
0.93289,-0.013473,-0.3599,-0.27151,0.02631,0.99918,0.030792,0.8632,0.35919,-0.038195,0.93248,2.6602,0,0,0,1
0.93139,-0.013866,-0.36376,-0.28451,0.026991,0.99915,0.031023,0.87784,0.36303,-0.038713,0.93097,2.6948,0,0,0,1
0.92987,-0.014263,-0.36762,-0.29773,0.027679,0.99913,0.031249,0.89259,0.36685,-0.039233,0.92945,2.7294,0,0,0,1
0.92833,-0.014665,-0.37146,-0.31117,0.028376,0.9991,0.031471,0.90744,0.37067,-0.039756,0.92791,2.7641,0,0,0,1
0.92678,-0.015073,-0.3753,-0.32484,0.029081,0.99907,0.031688,0.9224,0.37447,-0.040282,0.92636,2.7989,0,0,0,1
0.92522,-0.015486,-0.37912,-0.33874,0.029794,0.99905,0.031901,0.93746,0.37827,-0.040811,0.9248,2.8338,0,0,0,1
0.92364,-0.015904,-0.38294,-0.35287,0.030514,0.99902,0.03211,0.95264,0.38206,-0.041343,0.92321,2.8687,0,0,0,1
0.92204,-0.016326,-0.38675,-0.36722,0.031243,0.99899,0.032314,0.96791,0.38583,-0.041878,0.92162,2.9038,0,0,0,1
0.92043,-0.016754,-0.39055,-0.38179,0.031979,0.99896,0.032513,0.9833,0.3896,-0.042415,0.92001,2.9389,0,0,0,1
0.9188,-0.017187,-0.39434,-0.39659,0.032723,0.99893,0.032707,0.99879,0.39335,-0.042956,0.91838,2.9741,0,0,0,1
0.91717,-0.017625,-0.39812,-0.41162,0.033475,0.9989,0.032897,1.0144,0.3971,-0.043499,0.91674,3.0094,0,0,0,1
0.91551,-0.018068,-0.40189,-0.42688,0.034235,0.99887,0.033082,1.0301,0.40083,-0.044046,0.91509,3.0448,0,0,0,1
0.91384,-0.018515,-0.40565,-0.44236,0.035003,0.99883,0.033263,1.0459,0.40456,-0.044596,0.91342,3.0802,0,0,0,1
0.91216,-0.018968,-0.4094,-0.45806,0.035778,0.9988,0.033438,1.0618,0.40827,-0.045149,0.91174,3.1158,0,0,0,1
0.91046,-0.019426,-0.41314,-0.474,0.036561,0.99877,0.033609,1.0778,0.41198,-0.045704,0.91005,3.1514,0,0,0,1
0.90875,-0.019889,-0.41687,-0.49015,0.037351,0.99873,0.033775,1.0939,0.41567,-0.046264,0.90834,3.1871,0,0,0,1
0.90702,-0.020356,-0.42059,-0.50654,0.03815,0.9987,0.033936,1.1102,0.41935,-0.046826,0.90662,3.2229,0,0,0,1
0.90528,-0.020828,-0.4243,-0.52315,0.038956,0.99866,0.034092,1.1265,0.42302,-0.047391,0.90488,3.2588,0,0,0,1
0.90352,-0.021306,-0.42801,-0.53999,0.039769,0.99862,0.034242,1.1429,0.42669,-0.04796,0.90313,3.2947,0,0,0,1
0.90176,-0.021788,-0.4317,-0.55705,0.04059,0.99858,0.034388,1.1595,0.43034,-0.048532,0.90136,3.3308,0,0,0,1
0.89997,-0.022275,-0.43538,-0.57434,0.041419,0.99855,0.034529,1.1762,0.43398,-0.049108,0.89958,3.3669,0,0,0,1
0.89817,-0.022766,-0.43905,-0.59186,0.042255,0.99851,0.034664,1.1929,0.43761,-0.049687,0.89779,3.4031,0,0,0,1
0.89636,-0.023263,-0.44271,-0.6096,0.043098,0.99846,0.034795,1.2098,0.44122,-0.050269,0.89599,3.4394,0,0,0,1
0.89454,-0.023764,-0.44637,-0.62757,0.043949,0.99842,0.03492,1.2267,0.44483,-0.050854,0.89417,3.4758,0,0,0,1
0.8927,-0.02427,-0.45001,-0.64576,0.044807,0.99838,0.03504,1.2438,0.44843,-0.051443,0.89234,3.5122,0,0,0,1
0.89084,-0.024781,-0.45364,-0.66418,0.045673,0.99834,0.035154,1.261,0.45201,-0.052036,0.89049,3.5488,0,0,0,1
0.88897,-0.025297,-0.45726,-0.68283,0.046546,0.99829,0.035263,1.2783,0.45559,-0.052632,0.88863,3.5854,0,0,0,1
0.88709,-0.025817,-0.46087,-0.7017,0.047426,0.99825,0.035367,1.2957,0.45915,-0.053231,0.88676,3.6221,0,0,0,1
0.8852,-0.026342,-0.46447,-0.7208,0.048314,0.9982,0.035465,1.3132,0.4627,-0.053834,0.88488,3.6589,0,0,0,1
0.88329,-0.026872,-0.46806,-0.74012,0.049209,0.99816,0.035558,1.3308,0.46624,-0.054441,0.88298,3.6957,0,0,0,1
0.88136,-0.027406,-0.47164,-0.75967,0.050111,0.99811,0.035646,1.3485,0.46977,-0.055051,0.88107,3.7327,0,0,0,1
0.87943,-0.027945,-0.47521,-0.77945,0.05102,0.99806,0.035728,1.3663,0.47329,-0.055665,0.87915,3.7697,0,0,0,1
0.87748,-0.028488,-0.47877,-0.79945,0.051937,0.99801,0.035804,1.3842,0.4768,-0.056283,0.87721,3.8068,0,0,0,1
0.87551,-0.029036,-0.48232,-0.81968,0.05286,0.99796,0.035874,1.4023,0.48029,-0.056904,0.87526,3.844,0,0,0,1
0.87354,-0.029589,-0.48586,-0.84014,0.053791,0.99791,0.035939,1.4204,0.48378,-0.057529,0.8733,3.8813,0,0,0,1
0.87354,-0.029589,-0.48586,-0.84014,0.053791,0.99791,0.035939,1.4204,0.48378,-0.057529,0.8733,3.8813,0,0,0,1
0.87551,-0.029036,-0.48232,-0.81968,0.05286,0.99796,0.035874,1.4023,0.48029,-0.056904,0.87526,3.844,0,0,0,1
0.87748,-0.028488,-0.47877,-0.79945,0.051937,0.99801,0.035804,1.3842,0.4768,-0.056283,0.87721,3.8068,0,0,0,1
0.87943,-0.027945,-0.47521,-0.77945,0.05102,0.99806,0.035728,1.3663,0.47329,-0.055665,0.87915,3.7697,0,0,0,1
0.88136,-0.027406,-0.47164,-0.75967,0.050111,0.99811,0.035646,1.3485,0.46977,-0.055051,0.88107,3.7327,0,0,0,1
0.88329,-0.026872,-0.46806,-0.74012,0.049209,0.99816,0.035558,1.3308,0.46624,-0.054441,0.88298,3.6957,0,0,0,1
0.8852,-0.026342,-0.46447,-0.7208,0.048314,0.9982,0.035465,1.3132,0.4627,-0.053834,0.88488,3.6589,0,0,0,1
0.88709,-0.025817,-0.46087,-0.7017,0.047426,0.99825,0.035367,1.2957,0.45915,-0.053231,0.88676,3.6221,0,0,0,1
0.88897,-0.025297,-0.45726,-0.68283,0.046546,0.99829,0.035263,1.2783,0.45559,-0.052632,0.88863,3.5854,0,0,0,1
0.89084,-0.024781,-0.45364,-0.66418,0.045673,0.99834,0.035154,1.261,0.45201,-0.052036,0.89049,3.5488,0,0,0,1
0.8927,-0.02427,-0.45001,-0.64576,0.044807,0.99838,0.03504,1.2438,0.44843,-0.051443,0.89234,3.5122,0,0,0,1
0.89454,-0.023764,-0.44637,-0.62757,0.043949,0.99842,0.03492,1.2267,0.44483,-0.050854,0.89417,3.4758,0,0,0,1
0.89636,-0.023263,-0.44271,-0.6096,0.043098,0.99846,0.034795,1.2098,0.44122,-0.050269,0.89599,3.4394,0,0,0,1
0.89817,-0.022766,-0.43905,-0.59186,0.042255,0.99851,0.034664,1.1929,0.43761,-0.049687,0.89779,3.4031,0,0,0,1
0.89997,-0.022275,-0.43538,-0.57434,0.041419,0.99855,0.034529,1.1762,0.43398,-0.049108,0.89958,3.3669,0,0,0,1
0.90176,-0.021788,-0.4317,-0.55705,0.04059,0.99858,0.034388,1.1595,0.43034,-0.048532,0.90136,3.3308,0,0,0,1
0.90352,-0.021306,-0.42801,-0.53999,0.039769,0.99862,0.034242,1.1429,0.42669,-0.04796,0.90313,3.2947,0,0,0,1
0.90528,-0.020828,-0.4243,-0.52315,0.038956,0.99866,0.034092,1.1265,0.42302,-0.047391,0.90488,3.2588,0,0,0,1
0.90702,-0.020356,-0.42059,-0.50654,0.03815,0.9987,0.033936,1.1102,0.41935,-0.046826,0.90662,3.2229,0,0,0,1
0.90875,-0.019889,-0.41687,-0.49015,0.037351,0.99873,0.033775,1.0939,0.41567,-0.046264,0.90834,3.1871,0,0,0,1
0.91046,-0.019426,-0.41314,-0.474,0.036561,0.99877,0.033609,1.0778,0.41198,-0.045704,0.91005,3.1514,0,0,0,1
0.91216,-0.018968,-0.4094,-0.45806,0.035778,0.9988,0.033438,1.0618,0.40827,-0.045149,0.91174,3.1158,0,0,0,1
0.91384,-0.018515,-0.40565,-0.44236,0.035003,0.99883,0.033263,1.0459,0.40456,-0.044596,0.91342,3.0802,0,0,0,1
0.91551,-0.018068,-0.40189,-0.42688,0.034235,0.99887,0.033082,1.0301,0.40083,-0.044046,0.91509,3.0448,0,0,0,1
0.91717,-0.017625,-0.39812,-0.41162,0.033475,0.9989,0.032897,1.0144,0.3971,-0.043499,0.91674,3.0094,0,0,0,1
0.9188,-0.017187,-0.39434,-0.39659,0.032723,0.99893,0.032707,0.99879,0.39335,-0.042956,0.91838,2.9741,0,0,0,1
0.92043,-0.016754,-0.39055,-0.38179,0.031979,0.99896,0.032513,0.9833,0.3896,-0.042415,0.92001,2.9389,0,0,0,1
0.92204,-0.016326,-0.38675,-0.36722,0.031243,0.99899,0.032314,0.96791,0.38583,-0.041878,0.92162,2.9038,0,0,0,1
0.92364,-0.015904,-0.38294,-0.35287,0.030514,0.99902,0.03211,0.95264,0.38206,-0.041343,0.92321,2.8687,0,0,0,1
0.92522,-0.015486,-0.37912,-0.33874,0.029794,0.99905,0.031901,0.93746,0.37827,-0.040811,0.9248,2.8338,0,0,0,1
0.92678,-0.015073,-0.3753,-0.32484,0.029081,0.99907,0.031688,0.9224,0.37447,-0.040282,0.92636,2.7989,0,0,0,1
0.92833,-0.014665,-0.37146,-0.31117,0.028376,0.9991,0.031471,0.90744,0.37067,-0.039756,0.92791,2.7641,0,0,0,1
0.92987,-0.014263,-0.36762,-0.29773,0.027679,0.99913,0.031249,0.89259,0.36685,-0.039233,0.92945,2.7294,0,0,0,1
0.93139,-0.013866,-0.36376,-0.28451,0.026991,0.99915,0.031023,0.87784,0.36303,-0.038713,0.93097,2.6948,0,0,0,1
0.93289,-0.013473,-0.3599,-0.27151,0.02631,0.99918,0.030792,0.8632,0.35919,-0.038195,0.93248,2.6602,0,0,0,1
0.93438,-0.013086,-0.35603,-0.25875,0.025637,0.9992,0.030557,0.84866,0.35535,-0.03768,0.93398,2.6258,0,0,0,1
0.93586,-0.012704,-0.35215,-0.24621,0.024973,0.99923,0.030318,0.83423,0.35149,-0.037168,0.93545,2.5914,0,0,0,1
0.93732,-0.012327,-0.34826,-0.23389,0.024316,0.99925,0.030075,0.81991,0.34763,-0.036658,0.93692,2.5571,0,0,0,1
0.93876,-0.011956,-0.34436,-0.2218,0.023667,0.99927,0.029827,0.80569,0.34375,-0.036151,0.93836,2.5229,0,0,0,1
0.94019,-0.011589,-0.34045,-0.20994,0.023027,0.9993,0.029576,0.79157,0.33987,-0.035646,0.9398,2.4888,0,0,0,1
0.9416,-0.011228,-0.33653,-0.1983,0.022395,0.99932,0.02932,0.77757,0.33597,-0.035145,0.94122,2.4547,0,0,0,1
0.943,-0.010872,-0.33261,-0.18689,0.021771,0.99934,0.02906,0.76367,0.33207,-0.034645,0.94262,2.4207,0,0,0,1
0.94438,-0.010521,-0.32867,-0.17571,0.021155,0.99936,0.028796,0.74987,0.32816,-0.034148,0.944,2.3869,0,0,0,1
0.94575,-0.010175,-0.32473,-0.16475,0.020548,0.99938,0.028529,0.73618,0.32424,-0.033654,0.94538,2.3531,0,0,0,1
0.9471,-0.009835,-0.32078,-0.15402,0.019949,0.9994,0.028257,0.7226,0.32031,-0.033162,0.94673,2.3194,0,0,0,1
0.94844,-0.0094999,-0.31682,-0.14351,0.019358,0.99942,0.027982,0.70912,0.31637,-0.032672,0.94807,2.2857,0,0,0,1
0.94976,-0.0091702,-0.31285,-0.13323,0.018775,0.99944,0.027703,0.69575,0.31242,-0.032185,0.9494,2.2522,0,0,0,1
0.95106,-0.0088457,-0.30887,-0.12318,0.018201,0.99946,0.02742,0.68248,0.30846,-0.031699,0.95071,2.2187,0,0,0,1
0.95235,-0.0085265,-0.30489,-0.11335,0.017635,0.99948,0.027133,0.66932,0.3045,-0.031217,0.952,2.1853,0,0,0,1
0.95362,-0.0082126,-0.3009,-0.10375,0.017077,0.99949,0.026843,0.65627,0.30052,-0.030736,0.95328,2.152,0,0,0,1
0.95488,-0.0079041,-0.29689,-0.094375,0.016528,0.99951,0.026549,0.64332,0.29654,-0.030258,0.95454,2.1188,0,0,0,1
0.95612,-0.0076009,-0.29288,-0.085225,0.015987,0.99953,0.026251,0.63048,0.29255,-0.029782,0.95579,2.0857,0,0,0,1
0.95734,-0.0073031,-0.28887,-0.076302,0.015455,0.99954,0.02595,0.61774,0.28855,-0.029307,0.95702,2.0526,0,0,0,1
0.95855,-0.0070106,-0.28484,-0.067605,0.014931,0.99956,0.025645,0.60511,0.28454,-0.028835,0.95823,2.0197,0,0,0,1
0.95974,-0.0067235,-0.28081,-0.059134,0.014416,0.99958,0.025338,0.59259,0.28052,-0.028366,0.95943,1.9868,0,0,0,1
0.96092,-0.0064418,-0.27676,-0.050889,0.013909,0.99959,0.025026,0.58017,0.27649,-0.027898,0.96061,1.954,0,0,0,1
0.96208,-0.0061654,-0.27271,-0.042871,0.013411,0.9996,0.024712,0.56785,0.27245,-0.027432,0.96178,1.9213,0,0,0,1
0.96322,-0.0058945,-0.26866,-0.035078,0.012921,0.99962,0.024394,0.55565,0.26841,-0.026968,0.96293,1.8886,0,0,0,1
0.96434,-0.005629,-0.26459,-0.027512,0.01244,0.99963,0.024072,0.54354,0.26436,-0.026506,0.96406,1.8561,0,0,0,1
0.96545,-0.0053689,-0.26052,-0.020172,0.011967,0.99965,0.023748,0.53155,0.2603,-0.026045,0.96518,1.8236,0,0,0,1
0.96655,-0.0051142,-0.25644,-0.013057,0.011503,0.99966,0.023421,0.51966,0.25623,-0.025587,0.96628,1.7912,0,0,0,1
0.96762,-0.004865,-0.25235,-0.0061693,0.011048,0.99967,0.02309,0.50788,0.25215,-0.02513,0.96736,1.7589,0,0,0,1
0.96868,-0.0046212,-0.24825,0.00049261,0.010601,0.99968,0.022757,0.4962,0.24807,-0.024676,0.96843,1.7267,0,0,0,1
0.96973,-0.0043829,-0.24415,0.0069284,0.010163,0.9997,0.02242,0.48463,0.24398,-0.024223,0.96948,1.6946,0,0,0,1
0.97075,-0.00415,-0.24004,0.013138,0.0097337,0.99971,0.02208,0.47316,0.23988,-0.023771,0.97051,1.6625,0,0,0,1
0.97176,-0.0039227,-0.23592,0.019122,0.009313,0.99972,0.021738,0.4618,0.23577,-0.023321,0.97153,1.6305,0,0,0,1
0.97276,-0.0037008,-0.23179,0.024879,0.008901,0.99973,0.021393,0.45054,0.23165,-0.022873,0.97253,1.5986,0,0,0,1
0.97373,-0.0034844,-0.22766,0.030411,0.0084978,0.99974,0.021045,0.4394,0.22753,-0.022427,0.97351,1.5668,0,0,0,1
0.97469,-0.0032735,-0.22352,0.035716,0.0081033,0.99975,0.020694,0.42835,0.2234,-0.021982,0.97448,1.5351,0,0,0,1
0.97564,-0.0030681,-0.21937,0.040795,0.0077176,0.99976,0.020341,0.41742,0.21926,-0.021538,0.97543,1.5035,0,0,0,1
0.97656,-0.0028682,-0.21522,0.045648,0.0073407,0.99977,0.019985,0.40658,0.21511,-0.021096,0.97636,1.4719,0,0,0,1
0.97747,-0.0026739,-0.21106,0.050275,0.0069726,0.99978,0.019626,0.39586,0.21096,-0.020656,0.97728,1.4405,0,0,0,1
0.97836,-0.002485,-0.20689,0.054676,0.0066134,0.99979,0.019265,0.38524,0.2068,-0.020216,0.97817,1.4091,0,0,0,1
0.97924,-0.0023017,-0.20271,0.05885,0.0062629,0.9998,0.018901,0.37473,0.20263,-0.019778,0.97906,1.3778,0,0,0,1
0.98009,-0.002124,-0.19853,0.062799,0.0059213,0.99981,0.018535,0.36432,0.19846,-0.019342,0.97992,1.3465,0,0,0,1
0.98093,-0.0019518,-0.19434,0.066521,0.0055886,0.99982,0.018167,0.35402,0.19427,-0.018907,0.98077,1.3154,0,0,0,1
0.98175,-0.0017851,-0.19015,0.070018,0.0052648,0.99983,0.017796,0.34382,0.19008,-0.018473,0.98159,1.2843,0,0,0,1
0.98256,-0.001624,-0.18595,0.073288,0.0049499,0.99984,0.017423,0.33373,0.18589,-0.01804,0.98241,1.2534,0,0,0,1
0.98335,-0.0014685,-0.18174,0.076332,0.0046439,0.99984,0.017048,0.32375,0.18168,-0.017608,0.9832,1.2225,0,0,0,1
0.98412,-0.0013186,-0.17752,0.07915,0.0043468,0.99985,0.016671,0.31387,0.17747,-0.017177,0.98398,1.1917,0,0,0,1
0.98487,-0.0011742,-0.1733,0.081742,0.0040587,0.99986,0.016291,0.3041,0.17326,-0.016748,0.98473,1.1609,0,0,0,1
0.9856,-0.0010354,-0.16907,0.084107,0.0037795,0.99987,0.01591,0.29443,0.16903,-0.01632,0.98547,1.1303,0,0,0,1
0.98632,-0.00090215,-0.16484,0.086247,0.0035093,0.99987,0.015526,0.28487,0.1648,-0.015892,0.9862,1.0997,0,0,0,1
0.98702,-0.00077452,-0.1606,0.088161,0.0032481,0.99988,0.01514,0.27541,0.16057,-0.015466,0.9869,1.0693,0,0,0,1
0.9877,-0.00065249,-0.15635,0.089848,0.0029959,0.99989,0.014753,0.26606,0.15633,-0.01504,0.98759,1.0389,0,0,0,1
0.98836,-0.00053605,-0.1521,0.091309,0.0027528,0.99989,0.014364,0.25682,0.15208,-0.014615,0.98826,1.0086,0,0,0,1
0.98901,-0.00042521,-0.14784,0.092544,0.0025186,0.9999,0.013973,0.24768,0.14782,-0.014192,0.98891,0.97833,0,0,0,1
0.98964,-0.00031998,-0.14358,0.093553,0.0022935,0.99991,0.01358,0.23865,0.14356,-0.013768,0.98955,0.94818,0,0,0,1
0.99025,-0.00022035,-0.13931,0.094336,0.0020774,0.99991,0.013185,0.22973,0.13929,-0.013346,0.99016,0.91812,0,0,0,1
0.99084,-0.00012634,-0.13503,0.094893,0.0018704,0.99992,0.012789,0.22091,0.13502,-0.012925,0.99076,0.88814,0,0,0,1
0.99142,-3.7934e-05,-0.13075,0.095224,0.0016725,0.99992,0.012392,0.21219,0.13074,-0.012504,0.99134,0.85825,0,0,0,1
0.99197,4.4852e-05,-0.12646,0.095328,0.0014836,0.99993,0.011992,0.20358,0.12645,-0.012084,0.9919,0.82843,0,0,0,1
0.99251,0.00012202,-0.12217,0.095207,0.0013039,0.99993,0.011592,0.19508,0.12216,-0.011664,0.99244,0.79871,0,0,0,1
0.99303,0.00019357,-0.11787,0.094859,0.0011333,0.99994,0.01119,0.18669,0.11787,-0.011245,0.99297,0.76906,0,0,0,1
0.99353,0.00025949,-0.11357,0.094285,0.00097175,0.99994,0.010786,0.1784,0.11356,-0.010827,0.99347,0.7395,0,0,0,1
0.99401,0.0003198,-0.10926,0.093485,0.00081937,0.99995,0.010381,0.17021,0.10926,-0.010409,0.99396,0.71002,0,0,0,1
0.99448,0.00037447,-0.10494,0.092459,0.00067612,0.99995,0.0099753,0.16213,0.10494,-0.0099911,0.99443,0.68062,0,0,0,1
0.99492,0.00042352,-0.10062,0.091207,0.00054202,0.99995,0.009568,0.15416,0.10062,-0.009574,0.99488,0.65131,0,0,0,1
0.99535,0.00046695,-0.096299,0.089729,0.00041707,0.99996,0.0091597,0.14629,0.096299,-0.0091572,0.99531,0.62207,0,0,0,1
0.99576,0.00050474,-0.091969,0.088025,0.0003013,0.99996,0.0087502,0.13853,0.09197,-0.0087408,0.99572,0.59293,0,0,0,1
0.99615,0.00053691,-0.087634,0.086094,0.0001947,0.99997,0.0083397,0.13088,0.087635,-0.0083247,0.99612,0.56386,0,0,0,1
0.99652,0.00056345,-0.083294,0.083938,9.7277e-05,0.99997,0.0079282,0.12333,0.083296,-0.0079088,0.99649,0.53488,0,0,0,1
0.99688,0.00058436,-0.078949,0.081555,9.0506e-06,0.99997,0.0075159,0.11588,0.078951,-0.0074931,0.99685,0.50598,0,0,0,1
0.99721,0.00059965,-0.074599,0.078946,-6.9977e-05,0.99997,0.0071026,0.10855,0.074602,-0.0070776,0.99719,0.47717,0,0,0,1
0.99753,0.00060931,-0.070245,0.076111,-0.0001398,0.99998,0.0066886,0.10131,0.070248,-0.0066622,0.99751,0.44843,0,0,0,1
0.99783,0.00061334,-0.065886,0.07305,-0.00020041,0.99998,0.0062738,0.094187,0.065889,-0.0062469,0.99781,0.41978,0,0,0,1
0.99811,0.00061174,-0.061523,0.069763,-0.00025179,0.99998,0.0058583,0.087167,0.061525,-0.0058317,0.99809,0.39122,0,0,0,1
0.99837,0.00060452,-0.057155,0.06625,-0.00029395,0.99999,0.0054421,0.080253,0.057157,-0.0054164,0.99835,0.36273,0,0,0,1
0.99861,0.00059168,-0.052782,0.06251,-0.00032688,0.99999,0.0050254,0.073444,0.052785,-0.0050011,0.99859,0.33433,0,0,0,1
0.99883,0.00057322,-0.048406,0.058545,-0.00035057,0.99999,0.0046082,0.066742,0.048408,-0.0045858,0.99882,0.30601,0,0,0,1
0.99903,0.00054914,-0.044025,0.054353,-0.00036501,0.99999,0.0041904,0.060145,0.044027,-0.0041703,0.99902,0.27778,0,0,0,1
0.99921,0.00051945,-0.03964,0.049935,-0.0003702,0.99999,0.0037723,0.053654,0.039641,-0.0037547,0.99921,0.24963,0,0,0,1
0.99938,0.00048414,-0.035251,0.045291,-0.00036614,0.99999,0.0033538,0.047269,0.035252,-0.0033388,0.99937,0.22156,0,0,0,1
0.99952,0.00044322,-0.030857,0.040421,-0.00035282,1,0.002935,0.04099,0.030859,-0.0029228,0.99952,0.19357,0,0,0,1
