0.50047,0.049967,0.86431,-6.1045,0.049967,0.995,-0.086455,-0.91381,-0.86431,0.086455,0.49547,-7.0734,0,0,0,1
0.50799,0.049138,0.85996,-6.0053,0.049138,0.99509,-0.085886,-0.90824,-0.85996,0.085886,0.50308,-7.0372,0,0,0,1
0.51547,0.048316,0.85554,-5.9069,0.048316,0.99518,-0.085313,-0.90265,-0.85554,0.085313,0.51065,-7.0006,0,0,0,1
0.52292,0.0475,0.85106,-5.8093,0.0475,0.99527,-0.084733,-0.89701,-0.85106,0.084733,0.51819,-6.9636,0,0,0,1
0.53032,0.046689,0.84651,-5.7126,0.046689,0.99536,-0.084149,-0.89135,-0.84651,0.084149,0.52568,-6.9263,0,0,0,1
0.53769,0.045885,0.84189,-5.6166,0.045885,0.99545,-0.08356,-0.88565,-0.84189,0.08356,0.53313,-6.8885,0,0,0,1
0.54501,0.045088,0.83721,-5.5215,0.045088,0.99553,-0.082966,-0.87991,-0.83721,0.082966,0.54055,-6.8504,0,0,0,1
0.5523,0.044297,0.83247,-5.4271,0.044297,0.99562,-0.082366,-0.87414,-0.83247,0.082366,0.54792,-6.8119,0,0,0,1
0.55954,0.043512,0.82766,-5.3336,0.043512,0.9957,-0.081762,-0.86833,-0.82766,0.081762,0.55524,-6.773,0,0,0,1
0.56674,0.042733,0.82279,-5.2409,0.042733,0.99579,-0.081153,-0.8625,-0.82279,0.081153,0.56253,-6.7337,0,0,0,1
0.5739,0.041961,0.81785,-5.149,0.041961,0.99587,-0.08054,-0.85662,-0.81785,0.08054,0.56977,-6.694,0,0,0,1
0.58101,0.041196,0.81285,-5.058,0.041196,0.99595,-0.079921,-0.85071,-0.81285,0.079921,0.57696,-6.654,0,0,0,1
0.58808,0.040437,0.80779,-4.9677,0.040437,0.99603,-0.079298,-0.84477,-0.80779,0.079298,0.58411,-6.6136,0,0,0,1
0.59511,0.039684,0.80266,-4.8783,0.039684,0.99611,-0.078671,-0.83879,-0.80266,0.078671,0.59122,-6.5728,0,0,0,1
0.60209,0.038938,0.79748,-4.7896,0.038938,0.99619,-0.078039,-0.83278,-0.79748,0.078039,0.59828,-6.5316,0,0,0,1
0.60903,0.038199,0.79223,-4.7018,0.038199,0.99627,-0.077402,-0.82674,-0.79223,0.077402,0.60529,-6.49,0,0,0,1
0.61592,0.037466,0.78692,-4.6148,0.037466,0.99635,-0.076762,-0.82066,-0.78692,0.076762,0.61226,-6.4481,0,0,0,1
0.62276,0.03674,0.78155,-4.5286,0.03674,0.99642,-0.076117,-0.81454,-0.78155,0.076117,0.61918,-6.4057,0,0,0,1
0.62955,0.036021,0.77612,-4.4432,0.036021,0.9965,-0.075468,-0.80839,-0.77612,0.075468,0.62605,-6.363,0,0,0,1
0.6363,0.035308,0.77063,-4.3586,0.035308,0.99657,-0.074814,-0.80221,-0.77063,0.074814,0.63288,-6.3199,0,0,0,1
0.643,0.034603,0.76508,-4.2748,0.034603,0.99665,-0.074157,-0.79599,-0.76508,0.074157,0.63965,-6.2764,0,0,0,1
0.64965,0.033904,0.75947,-4.1919,0.033904,0.99672,-0.073496,-0.78973,-0.75947,0.073496,0.64637,-6.2326,0,0,0,1
0.65626,0.033211,0.75381,-4.1097,0.033211,0.99679,-0.07283,-0.78345,-0.75381,0.07283,0.65305,-6.1883,0,0,0,1
0.66281,0.032526,0.74808,-4.0284,0.032526,0.99686,-0.072161,-0.77713,-0.74808,0.072161,0.65967,-6.1437,0,0,0,1
0.66931,0.031848,0.7423,-3.9479,0.031848,0.99693,-0.071488,-0.77077,-0.7423,0.071488,0.66625,-6.0987,0,0,0,1
0.67576,0.031176,0.73646,-3.8682,0.031176,0.997,-0.070812,-0.76438,-0.73646,0.070812,0.67277,-6.0533,0,0,0,1
0.68216,0.030511,0.73056,-3.7893,0.030511,0.99707,-0.070132,-0.75795,-0.73056,0.070132,0.67924,-6.0076,0,0,0,1
0.68851,0.029853,0.72461,-3.7112,0.029853,0.99714,-0.069448,-0.75149,-0.72461,0.069448,0.68565,-5.9614,0,0,0,1
0.69481,0.029203,0.7186,-3.634,0.029203,0.99721,-0.068761,-0.745,-0.7186,0.068761,0.69202,-5.9149,0,0,0,1
0.70105,0.028559,0.71254,-3.5575,0.028559,0.99727,-0.06807,-0.73847,-0.71254,0.06807,0.69833,-5.868,0,0,0,1
0.70725,0.027922,0.70642,-3.4819,0.027922,0.99734,-0.067376,-0.73191,-0.70642,0.067376,0.70458,-5.8207,0,0,0,1
0.71338,0.027292,0.70024,-3.407,0.027292,0.9974,-0.066678,-0.72531,-0.70024,0.066678,0.71078,-5.773,0,0,0,1
0.71947,0.026669,0.69402,-3.333,0.026669,0.99746,-0.065978,-0.71868,-0.69402,0.065978,0.71693,-5.7249,0,0,0,1
0.72549,0.026054,0.68773,-3.2598,0.026054,0.99753,-0.065274,-0.71201,-0.68773,0.065274,0.72302,-5.6765,0,0,0,1
0.73147,0.025445,0.6814,-3.1874,0.025445,0.99759,-0.064567,-0.70531,-0.6814,0.064567,0.72906,-5.6276,0,0,0,1
0.73739,0.024844,0.67501,-3.1158,0.024844,0.99765,-0.063857,-0.69857,-0.67501,0.063857,0.73504,-5.5784,0,0,0,1
0.74325,0.024249,0.66858,-3.0451,0.024249,0.99771,-0.063145,-0.6918,-0.66858,0.063145,0.74096,-5.5289,0,0,0,1
0.74905,0.023662,0.66209,-2.9751,0.023662,0.99777,-0.062429,-0.685,-0.66209,0.062429,0.74682,-5.4789,0,0,0,1
0.7548,0.023082,0.65555,-2.906,0.023082,0.99783,-0.061711,-0.67816,-0.65555,0.061711,0.75263,-5.4285,0,0,0,1
0.76049,0.022509,0.64895,-2.8376,0.022509,0.99788,-0.06099,-0.67128,-0.64895,0.06099,0.75838,-5.3778,0,0,0,1
0.76613,0.021943,0.64231,-2.7701,0.021943,0.99794,-0.060266,-0.66438,-0.64231,0.060266,0.76407,-5.3267,0,0,0,1
0.7717,0.021385,0.63562,-2.7034,0.021385,0.998,-0.05954,-0.65743,-0.63562,0.05954,0.7697,-5.2752,0,0,0,1
0.77722,0.020833,0.62888,-2.6375,0.020833,0.99805,-0.058811,-0.65046,-0.62888,0.058811,0.77527,-5.2233,0,0,0,1
0.78268,0.020289,0.62209,-2.5724,0.020289,0.99811,-0.05808,-0.64344,-0.62209,0.05808,0.78079,-5.171,0,0,0,1
0.78808,0.019752,0.61526,-2.5081,0.019752,0.99816,-0.057346,-0.6364,-0.61526,0.057346,0.78624,-5.1184,0,0,0,1
0.79342,0.019223,0.60837,-2.4447,0.019223,0.99821,-0.05661,-0.62932,-0.60837,0.05661,0.79163,-5.0654,0,0,0,1
0.7987,0.0187,0.60144,-2.382,0.0187,0.99826,-0.055872,-0.6222,-0.60144,0.055872,0.79696,-5.012,0,0,0,1
0.80391,0.018185,0.59447,-2.3202,0.018185,0.99831,-0.055132,-0.61505,-0.59447,0.055132,0.80223,-4.9582,0,0,0,1
0.80907,0.017677,0.58744,-2.2592,0.017677,0.99836,-0.054389,-0.60787,-0.58744,0.054389,0.80743,-4.904,0,0,0,1
0.81417,0.017177,0.58038,-2.199,0.017177,0.99841,-0.053645,-0.60065,-0.58038,0.053645,0.81258,-4.8494,0,0,0,1
0.8192,0.016684,0.57326,-2.1396,0.016684,0.99846,-0.052899,-0.5934,-0.57326,0.052899,0.81766,-4.7945,0,0,0,1
0.82417,0.016198,0.56611,-2.081,0.016198,0.99851,-0.052151,-0.58611,-0.56611,0.052151,0.82268,-4.7392,0,0,0,1
0.82908,0.015719,0.55891,-2.0232,0.015719,0.99855,-0.051401,-0.57879,-0.55891,0.051401,0.82763,-4.6835,0,0,0,1
0.83393,0.015247,0.55167,-1.9662,0.015247,0.9986,-0.050649,-0.57143,-0.55167,0.050649,0.83253,-4.6274,0,0,0,1
0.83871,0.014783,0.54438,-1.9101,0.014783,0.99865,-0.049896,-0.56404,-0.54438,0.049896,0.83735,-4.571,0,0,0,1
0.84343,0.014327,0.53705,-1.8547,0.014327,0.99869,-0.049141,-0.55662,-0.53705,0.049141,0.84212,-4.5141,0,0,0,1
0.84808,0.013877,0.52968,-1.8002,0.013877,0.99873,-0.048385,-0.54916,-0.52968,0.048385,0.84681,-4.4569,0,0,0,1
0.85267,0.013435,0.52228,-1.7465,0.013435,0.99877,-0.047627,-0.54166,-0.52228,0.047627,0.85145,-4.3993,0,0,0,1
0.8572,0.013,0.51483,-1.6936,0.013,0.99882,-0.046868,-0.53413,-0.51483,0.046868,0.85601,-4.3413,0,0,0,1
0.86166,0.012573,0.50734,-1.6415,0.012573,0.99886,-0.046107,-0.52657,-0.50734,0.046107,0.86051,-4.2829,0,0,0,1
0.86605,0.012153,0.49981,-1.5902,0.012153,0.9989,-0.045346,-0.51897,-0.49981,0.045346,0.86495,-4.2242,0,0,0,1
0.87038,0.01174,0.49224,-1.5398,0.01174,0.99894,-0.044583,-0.51134,-0.49224,0.044583,0.86932,-4.165,0,0,0,1
0.87464,0.011334,0.48464,-1.4901,0.011334,0.99898,-0.043819,-0.50367,-0.48464,0.043819,0.87362,-4.1055,0,0,0,1
0.87884,0.010936,0.477,-1.4413,0.010936,0.99901,-0.043054,-0.49597,-0.477,0.043054,0.87785,-4.0456,0,0,0,1
0.88297,0.010545,0.46932,-1.3933,0.010545,0.99905,-0.042288,-0.48824,-0.46932,0.042288,0.88202,-3.9853,0,0,0,1
0.88703,0.010162,0.4616,-1.346,0.010162,0.99909,-0.041522,-0.48046,-0.4616,0.041522,0.88611,-3.9247,0,0,0,1
0.89102,0.0097857,0.45385,-1.2996,0.0097857,0.99912,-0.040754,-0.47266,-0.45385,0.040754,0.89014,-3.8636,0,0,0,1
0.89495,0.0094168,0.44607,-1.254,0.0094168,0.99916,-0.039986,-0.46482,-0.44607,0.039986,0.89411,-3.8022,0,0,0,1
0.89881,0.0090552,0.43825,-1.2093,0.0090552,0.99919,-0.039217,-0.45695,-0.43825,0.039217,0.898,-3.7404,0,0,0,1
0.9026,0.008701,0.4304,-1.1653,0.008701,0.99922,-0.038448,-0.44904,-0.4304,0.038448,0.90182,-3.6782,0,0,0,1
0.90632,0.008354,0.42251,-1.1221,0.008354,0.99926,-0.037678,-0.4411,-0.42251,0.037678,0.90557,-3.6156,0,0,0,1
0.90997,0.0080143,0.41459,-1.0798,0.0080143,0.99929,-0.036907,-0.43312,-0.41459,0.036907,0.90926,-3.5527,0,0,0,1
0.91356,0.007682,0.40664,-1.0383,0.007682,0.99932,-0.036136,-0.42511,-0.40664,0.036136,0.91287,-3.4893,0,0,0,1
0.91707,0.0073568,0.39866,-0.99756,0.0073568,0.99935,-0.035365,-0.41706,-0.39866,0.035365,0.91642,-3.4256,0,0,0,1
0.92051,0.007039,0.39065,-0.95765,0.007039,0.99938,-0.034594,-0.40898,-0.39065,0.034594,0.91989,-3.3615,0,0,0,1
0.92389,0.0067284,0.38261,-0.91856,0.0067284,0.99941,-0.033823,-0.40087,-0.38261,0.033823,0.92329,-3.297,0,0,0,1
0.92719,0.0064251,0.37453,-0.88028,0.0064251,0.99943,-0.033051,-0.39272,-0.37453,0.033051,0.92662,-3.2321,0,0,0,1
0.93042,0.006129,0.36643,-0.84281,0.006129,0.99946,-0.032279,-0.38453,-0.36643,0.032279,0.92988,-3.1669,0,0,0,1
0.93359,0.0058401,0.35831,-0.80615,0.0058401,0.99949,-0.031508,-0.37631,-0.35831,0.031508,0.93307,-3.1013,0,0,0,1
0.93668,0.0055585,0.35015,-0.77031,0.0055585,0.99951,-0.030736,-0.36806,-0.35015,0.030736,0.93619,-3.0353,0,0,0,1
0.9397,0.005284,0.34197,-0.73528,0.005284,0.99954,-0.029965,-0.35977,-0.34197,0.029965,0.93923,-2.9689,0,0,0,1
0.94265,0.0050168,0.33376,-0.70106,0.0050168,0.99956,-0.029194,-0.35145,-0.33376,0.029194,0.94221,-2.9021,0,0,0,1
0.94552,0.0047567,0.32552,-0.66765,0.0047567,0.99958,-0.028423,-0.3431,-0.32552,0.028423,0.94511,-2.8349,0,0,0,1
0.94833,0.0045038,0.31726,-0.63505,0.0045038,0.99961,-0.027653,-0.3347,-0.31726,0.027653,0.94793,-2.7674,0,0,0,1
0.95106,0.0042581,0.30898,-0.60327,0.0042581,0.99963,-0.026883,-0.32628,-0.30898,0.026883,0.95069,-2.6995,0,0,0,1
0.95372,0.0040195,0.30067,-0.5723,0.0040195,0.99965,-0.026113,-0.31782,-0.30067,0.026113,0.95337,-2.6312,0,0,0,1
0.95631,0.003788,0.29234,-0.54214,0.003788,0.99967,-0.025344,-0.30932,-0.29234,0.025344,0.95598,-2.5625,0,0,0,1
0.95882,0.0035636,0.28399,-0.51279,0.0035636,0.99969,-0.024576,-0.3008,-0.28399,0.024576,0.95851,-2.4934,0,0,0,1
0.96126,0.0033463,0.27561,-0.48426,0.0033463,0.99971,-0.023809,-0.29223,-0.27561,0.023809,0.96097,-2.424,0,0,0,1
0.96363,0.003136,0.26721,-0.45653,0.003136,0.99973,-0.023042,-0.28363,-0.26721,0.023042,0.96336,-2.3541,0,0,0,1
0.96593,0.0029328,0.2588,-0.42962,0.0029328,0.99975,-0.022276,-0.275,-0.2588,0.022276,0.96567,-2.2839,0,0,0,1
0.96815,0.0027367,0.25036,-0.40353,0.0027367,0.99976,-0.021511,-0.26634,-0.25036,0.021511,0.96791,-2.2133,0,0,0,1
0.9703,0.0025475,0.2419,-0.37824,0.0025475,0.99978,-0.020747,-0.25763,-0.2419,0.020747,0.97008,-2.1424,0,0,0,1
0.97237,0.0023653,0.23343,-0.35377,0.0023653,0.9998,-0.019984,-0.2489,-0.23343,0.019984,0.97217,-2.071,0,0,0,1
0.97437,0.0021901,0.22494,-0.33011,0.0021901,0.99981,-0.019222,-0.24013,-0.22494,0.019222,0.97418,-1.9993,0,0,0,1
0.9763,0.0020219,0.21643,-0.30726,0.0020219,0.99983,-0.018461,-0.23132,-0.21643,0.018461,0.97612,-1.9272,0,0,0,1
0.97815,0.0018606,0.2079,-0.28522,0.0018606,0.99984,-0.017702,-0.22248,-0.2079,0.017702,0.97799,-1.8546,0,0,0,1
0.97993,0.0017062,0.19936,-0.264,0.0017062,0.99985,-0.016943,-0.21361,-0.19936,0.016943,0.97978,-1.7818,0,0,0,1
0.98163,0.0015586,0.1908,-0.24358,0.0015586,0.99987,-0.016187,-0.2047,-0.1908,0.016187,0.9815,-1.7085,0,0,0,1
0.98326,0.0014179,0.18223,-0.22398,0.0014179,0.99988,-0.015431,-0.19576,-0.18223,0.015431,0.98314,-1.6348,0,0,0,1
0.98481,0.0012841,0.17364,-0.20519,0.0012841,0.99989,-0.014677,-0.18678,-0.17364,0.014677,0.9847,-1.5608,0,0,0,1
0.98629,0.0011571,0.16504,-0.18722,0.0011571,0.9999,-0.013925,-0.17777,-0.16504,0.013925,0.98619,-1.4864,0,0,0,1
0.98769,0.0010368,0.15643,-0.17006,0.0010368,0.99991,-0.013174,-0.16873,-0.15643,0.013174,0.9876,-1.4116,0,0,0,1
0.98902,0.00092331,0.14781,-0.1537,0.00092331,0.99992,-0.012425,-0.15965,-0.14781,0.012425,0.98894,-1.3364,0,0,0,1
0.99027,0.00081655,0.13917,-0.13816,0.00081655,0.99993,-0.011677,-0.15053,-0.13917,0.011677,0.9902,-1.2609,0,0,0,1
0.99144,0.00071648,0.13052,-0.12344,0.00071648,0.99994,-0.010931,-0.14138,-0.13052,0.010931,0.99138,-1.1849,0,0,0,1
0.99255,0.0006231,0.12187,-0.10952,0.0006231,0.99995,-0.010187,-0.1322,-0.12187,0.010187,0.99249,-1.1086,0,0,0,1
0.99357,0.00053636,0.1132,-0.096421,0.00053636,0.99996,-0.0094455,-0.12298,-0.1132,0.0094455,0.99353,-1.0319,0,0,0,1
0.99452,0.00045624,0.10453,-0.08413,0.00045624,0.99996,-0.0087055,-0.11373,-0.10453,0.0087055,0.99448,-0.95482,0,0,0,1
0.9954,0.00038271,0.095845,-0.072652,0.00038271,0.99997,-0.0079675,-0.10444,-0.095845,0.0079675,0.99536,-0.87735,0,0,0,1
0.99619,0.00031574,0.087155,-0.061986,0.00031574,0.99997,-0.0072317,-0.095116,-0.087155,0.0072317,0.99617,-0.7995,0,0,0,1
0.99692,0.0002553,0.078459,-0.052133,0.0002553,0.99998,-0.0064979,-0.085759,-0.078459,0.0064979,0.9969,-0.72127,0,0,0,1
0.99756,0.00020137,0.069756,-0.043091,0.00020137,0.99998,-0.0057664,-0.076368,-0.069756,0.0057664,0.99755,-0.64266,0,0,0,1
0.99813,0.0001539,0.061048,-0.034862,0.0001539,0.99999,-0.0050371,-0.066943,-0.061048,0.0050371,0.99812,-0.56366,0,0,0,1
0.99863,0.00011286,0.052336,-0.027445,0.00011286,0.99999,-0.0043101,-0.057483,-0.052336,0.0043101,0.99862,-0.48429,0,0,0,1
0.99905,7.8236e-05,0.043619,-0.020841,7.8236e-05,0.99999,-0.0035855,-0.047989,-0.043619,0.0035855,0.99904,-0.40453,0,0,0,1
0.99939,4.9979e-05,0.034899,-0.015048,4.9979e-05,1,-0.0028633,-0.03846,-0.034899,0.0028633,0.99939,-0.32438,0,0,0,1
0.99966,2.8061e-05,0.026177,-0.010068,2.8061e-05,1,-0.0021436,-0.028897,-0.026177,0.0021436,0.99966,-0.24386,0,0,0,1
0.99985,1.2449e-05,0.017452,-0.0058996,1.2449e-05,1,-0.0014265,-0.019299,-0.017452,0.0014265,0.99985,-0.16296,0,0,0,1
0.99996,3.1063e-06,0.0087265,-0.0025437,3.1063e-06,1,-0.00071191,-0.0096667,-0.0087265,0.00071191,0.99996,-0.081669,0,0,0,1
NaN,NaN,NaN,0,NaN,NaN,NaN,0,NaN,NaN,NaN,0,0,0,0,1
0.99996,3.0945e-06,-0.0087265,0.0017315,3.0945e-06,1,0.0007092,0.0097012,0.0087265,-0.0007092,0.99996,0.082051,0,0,0,1
0.99985,1.2354e-05,-0.017452,0.0026507,1.2354e-05,1,0.0014156,0.019437,0.017452,-0.0014156,0.99985,0.16448,0,0,0,1
0.99966,2.7743e-05,-0.026177,0.0027577,2.7743e-05,1,0.0021193,0.029207,0.026177,-0.0021193,0.99966,0.2473,0,0,0,1
0.99939,4.9224e-05,-0.034899,0.0020525,4.9224e-05,1,0.00282,0.039012,0.034899,-0.00282,0.99939,0.33049,0,0,0,1
0.99905,7.676e-05,-0.043619,0.00053509,7.676e-05,0.99999,0.0035179,0.048851,0.043619,-0.0035179,0.99904,0.41407,0,0,0,1
0.99863,0.00011031,-0.052336,-0.0017945,0.00011031,0.99999,0.0042127,0.058725,0.052336,-0.0042127,0.99862,0.49803,0,0,0,1
0.99813,0.00014985,-0.061048,-0.0049364,0.00014985,0.99999,0.0049046,0.068633,0.061048,-0.0049046,0.99812,0.58238,0,0,0,1
0.99756,0.00019532,-0.069756,-0.0088905,0.00019532,0.99998,0.0055933,0.078575,0.069756,-0.0055933,0.99755,0.6671,0,0,0,1
0.99692,0.0002467,-0.078459,-0.013657,0.0002467,0.99998,0.006279,0.088552,0.078459,-0.006279,0.9969,0.75221,0,0,0,1
0.99619,0.00030394,-0.087155,-0.019235,0.00030394,0.99998,0.0069614,0.098564,0.087155,-0.0069614,0.99617,0.83769,0,0,0,1
0.9954,0.00036701,-0.095845,-0.025626,0.00036701,0.99997,0.0076407,0.10861,0.095845,-0.0076407,0.99537,0.92356,0,0,0,1
0.99452,0.00043586,-0.10453,-0.032829,0.00043586,0.99997,0.0083166,0.11869,0.10453,-0.0083166,0.99449,1.0098,0,0,0,1
0.99357,0.00051045,-0.1132,-0.040844,0.00051045,0.99996,0.0089893,0.12881,0.1132,-0.0089893,0.99353,1.0965,0,0,0,1
0.99255,0.00059074,-0.12187,-0.049671,0.00059074,0.99995,0.0096585,0.13895,0.12187,-0.0096585,0.9925,1.1835,0,0,0,1
0.99144,0.0006767,-0.13052,-0.059311,0.0006767,0.99995,0.010324,0.14914,0.13052,-0.010324,0.99139,1.2709,0,0,0,1
0.99027,0.00076827,-0.13917,-0.069763,0.00076827,0.99994,0.010987,0.15936,0.13917,-0.010987,0.99021,1.3586,0,0,0,1
0.98902,0.00086542,-0.14781,-0.081027,0.00086542,0.99993,0.011646,0.16961,0.14781,-0.011646,0.98895,1.4468,0,0,0,1
0.98769,0.0009681,-0.15643,-0.093103,0.0009681,0.99992,0.012301,0.1799,0.15643,-0.012301,0.98761,1.5353,0,0,0,1
0.98629,0.0010763,-0.16504,-0.10599,0.0010763,0.99992,0.012952,0.19022,0.16504,-0.012952,0.9862,1.6243,0,0,0,1
0.98481,0.0011899,-0.17364,-0.11969,0.0011899,0.99991,0.0136,0.20058,0.17364,-0.0136,0.98471,1.7136,0,0,0,1
0.98326,0.0013089,-0.18223,-0.13421,0.0013089,0.9999,0.014245,0.21097,0.18223,-0.014245,0.98315,1.8033,0,0,0,1
0.98163,0.0014333,-0.1908,-0.14953,0.0014333,0.99989,0.014885,0.22139,0.1908,-0.014885,0.98152,1.8933,0,0,0,1
0.97993,0.001563,-0.19936,-0.16567,0.001563,0.99988,0.015522,0.23185,0.19936,-0.015522,0.9798,1.9838,0,0,0,1
0.97815,0.001698,-0.2079,-0.18262,0.001698,0.99987,0.016155,0.24235,0.2079,-0.016155,0.97802,2.0746,0,0,0,1
0.9763,0.0018382,-0.21643,-0.20038,0.0018382,0.99986,0.016784,0.25288,0.21643,-0.016784,0.97615,2.1658,0,0,0,1
0.97437,0.0019835,-0.22494,-0.21895,0.0019835,0.99985,0.017409,0.26344,0.22494,-0.017409,0.97422,2.2574,0,0,0,1
0.97237,0.0021341,-0.23343,-0.23834,0.0021341,0.99984,0.01803,0.27404,0.23343,-0.01803,0.97221,2.3494,0,0,0,1
0.9703,0.0022897,-0.24191,-0.25854,0.0022897,0.99982,0.018647,0.28467,0.24191,-0.018647,0.97012,2.4418,0,0,0,1
0.96815,0.0024503,-0.25036,-0.27955,0.0024503,0.99981,0.01926,0.29534,0.25036,-0.01926,0.96796,2.5345,0,0,0,1
0.96593,0.0026159,-0.2588,-0.30137,0.0026159,0.9998,0.019869,0.30604,0.2588,-0.019869,0.96573,2.6277,0,0,0,1
0.96363,0.0027865,-0.26722,-0.32401,0.0027865,0.99979,0.020474,0.31677,0.26722,-0.020474,0.96342,2.7212,0,0,0,1
0.96126,0.002962,-0.27562,-0.34745,0.002962,0.99977,0.021075,0.32754,0.27562,-0.021075,0.96104,2.8151,0,0,0,1
0.95882,0.0031423,-0.28399,-0.37171,0.0031423,0.99976,0.021671,0.33835,0.28399,-0.021671,0.95858,2.9093,0,0,0,1
0.95631,0.0033274,-0.29235,-0.39678,0.0033274,0.99975,0.022263,0.34919,0.29235,-0.022263,0.95605,3.004,0,0,0,1
0.95372,0.0035173,-0.30068,-0.42267,0.0035173,0.99973,0.022851,0.36006,0.30068,-0.022851,0.95345,3.099,0,0,0,1
0.95106,0.0037119,-0.30899,-0.44936,0.0037119,0.99972,0.023435,0.37097,0.30899,-0.023435,0.95078,3.1944,0,0,0,1
0.94833,0.0039111,-0.31727,-0.47687,0.0039111,0.9997,0.024014,0.38191,0.31727,-0.024014,0.94803,3.2902,0,0,0,1
0.94552,0.004115,-0.32553,-0.50519,0.004115,0.99969,0.024589,0.39289,0.32553,-0.024589,0.94521,3.3864,0,0,0,1
0.94264,0.0043234,-0.33377,-0.53433,0.0043234,0.99967,0.025159,0.4039,0.33377,-0.025159,0.94232,3.483,0,0,0,1
0.9397,0.0045363,-0.34198,-0.56427,0.0045363,0.99966,0.025725,0.41494,0.34198,-0.025725,0.93935,3.5799,0,0,0,1
0.93668,0.0047536,-0.35016,-0.59503,0.0047536,0.99964,0.026286,0.42603,0.35016,-0.026286,0.93632,3.6773,0,0,0,1
0.93358,0.0049754,-0.35832,-0.6266,0.0049754,0.99963,0.026843,0.43714,0.35832,-0.026843,0.93321,3.775,0,0,0,1
0.93042,0.0052015,-0.36645,-0.65898,0.0052015,0.99961,0.027395,0.44829,0.36645,-0.027395,0.93003,3.8731,0,0,0,1
0.92719,0.005432,-0.37455,-0.69217,0.005432,0.99959,0.027943,0.45947,0.37455,-0.027943,0.92678,3.9715,0,0,0,1
0.92388,0.0056666,-0.38263,-0.72618,0.0056666,0.99958,0.028486,0.47069,0.38263,-0.028486,0.92346,4.0704,0,0,0,1
0.92051,0.0059055,-0.39067,-0.761,0.0059055,0.99956,0.029024,0.48195,0.39067,-0.029024,0.92007,4.1696,0,0,0,1
0.91707,0.0061486,-0.39869,-0.79663,0.0061486,0.99954,0.029558,0.49323,0.39869,-0.029558,0.91661,4.2692,0,0,0,1
0.91355,0.0063957,-0.40667,-0.83307,0.0063957,0.99953,0.030087,0.50455,0.40667,-0.030087,0.91308,4.3692,0,0,0,1
0.90997,0.0066469,-0.41462,-0.87033,0.0066469,0.99951,0.030611,0.51591,0.41462,-0.030611,0.90948,4.4696,0,0,0,1
0.90632,0.006902,-0.42254,-0.90839,0.006902,0.99949,0.03113,0.5273,0.42254,-0.03113,0.90581,4.5704,0,0,0,1
0.90259,0.0071611,-0.43043,-0.94727,0.0071611,0.99947,0.031645,0.53873,0.43043,-0.031645,0.90207,4.6715,0,0,0,1
0.8988,0.0074241,-0.43829,-0.98696,0.0074241,0.99946,0.032154,0.55019,0.43829,-0.032154,0.89826,4.7731,0,0,0,1
0.89494,0.0076909,-0.44611,-1.0275,0.0076909,0.99944,0.032659,0.56168,0.44611,-0.032659,0.89438,4.875,0,0,0,1
0.89102,0.0079615,-0.4539,-1.0688,0.0079615,0.99942,0.033159,0.57321,0.4539,-0.033159,0.89044,4.9773,0,0,0,1
0.88702,0.0082359,-0.46165,-1.1109,0.0082359,0.9994,0.033654,0.58477,0.46165,-0.033654,0.88642,5.0799,0,0,0,1
0.88296,0.0085139,-0.46937,-1.1539,0.0085139,0.99938,0.034144,0.59637,0.46937,-0.034144,0.88234,5.183,0,0,0,1
0.87883,0.0087955,-0.47705,-1.1976,0.0087955,0.99936,0.034628,0.608,0.47705,-0.034628,0.87819,5.2864,0,0,0,1
0.87463,0.0090807,-0.4847,-1.2422,0.0090807,0.99934,0.035108,0.61967,0.4847,-0.035108,0.87398,5.3902,0,0,0,1
0.87037,0.0093693,-0.49231,-1.2875,0.0093693,0.99932,0.035583,0.63137,0.49231,-0.035583,0.86969,5.4945,0,0,0,1
0.86604,0.0096615,-0.49988,-1.3337,0.0096615,0.9993,0.036053,0.64311,0.49988,-0.036053,0.86534,5.599,0,0,0,1
0.86165,0.009957,-0.50741,-1.3807,0.009957,0.99928,0.036517,0.65488,0.50741,-0.036517,0.86093,5.704,0,0,0,1
0.85719,0.010256,-0.51491,-1.4286,0.010256,0.99926,0.036977,0.66668,0.51491,-0.036977,0.85645,5.8093,0,0,0,1
0.85266,0.010558,-0.52236,-1.4772,0.010558,0.99924,0.037431,0.67852,0.52236,-0.037431,0.8519,5.9151,0,0,0,1
0.84807,0.010864,-0.52978,-1.5266,0.010864,0.99922,0.03788,0.69039,0.52978,-0.03788,0.84729,6.0212,0,0,0,1
0.84341,0.011172,-0.53715,-1.5769,0.011172,0.9992,0.038324,0.7023,0.53715,-0.038324,0.84262,6.1277,0,0,0,1
0.83869,0.011484,-0.54448,-1.6279,0.011484,0.99918,0.038763,0.71424,0.54448,-0.038763,0.83788,6.2346,0,0,0,1
0.83391,0.011799,-0.55177,-1.6798,0.011799,0.99916,0.039197,0.72622,0.55177,-0.039197,0.83307,6.3418,0,0,0,1
0.82906,0.012117,-0.55902,-1.7325,0.012117,0.99914,0.039625,0.73823,0.55902,-0.039625,0.8282,6.4495,0,0,0,1
0.82415,0.012437,-0.56623,-1.786,0.012437,0.99912,0.040048,0.75028,0.56623,-0.040048,0.82327,6.5575,0,0,0,1
0.81918,0.012761,-0.57339,-1.8403,0.012761,0.9991,0.040466,0.76236,0.57339,-0.040466,0.81828,6.6659,0,0,0,1
0.81415,0.013087,-0.58051,-1.8954,0.013087,0.99908,0.040878,0.77447,0.58051,-0.040878,0.81322,6.7747,0,0,0,1
0.80905,0.013417,-0.58759,-1.9514,0.013417,0.99906,0.041286,0.78662,0.58759,-0.041286,0.80811,6.8838,0,0,0,1
0.80389,0.013749,-0.59462,-2.0081,0.013749,0.99904,0.041687,0.79881,0.59462,-0.041687,0.80293,6.9934,0,0,0,1
0.79867,0.014084,-0.6016,-2.0657,0.014084,0.99901,0.042084,0.81103,0.6016,-0.042084,0.79768,7.1033,0,0,0,1
0.79339,0.014421,-0.60854,-2.124,0.014421,0.99899,0.042475,0.82328,0.60854,-0.042475,0.79238,7.2136,0,0,0,1
0.78805,0.014761,-0.61544,-2.1832,0.014761,0.99897,0.042861,0.83557,0.61544,-0.042861,0.78702,7.3243,0,0,0,1
0.78265,0.015103,-0.62228,-2.2432,0.015103,0.99895,0.043241,0.84789,0.62228,-0.043241,0.7816,7.4354,0,0,0,1
0.77719,0.015448,-0.62908,-2.304,0.015448,0.99893,0.043616,0.86024,0.62908,-0.043616,0.77612,7.5468,0,0,0,1
0.77167,0.015795,-0.63583,-2.3657,0.015795,0.99891,0.043985,0.87264,0.63583,-0.043985,0.77058,7.6587,0,0,0,1
0.76609,0.016145,-0.64253,-2.4281,0.016145,0.99889,0.044349,0.88506,0.64253,-0.044349,0.76498,7.7709,0,0,0,1
0.76045,0.016497,-0.64918,-2.4913,0.016497,0.99886,0.044708,0.89752,0.64918,-0.044708,0.75932,7.8835,0,0,0,1
0.75476,0.016851,-0.65579,-2.5554,0.016851,0.99884,0.045061,0.91001,0.65579,-0.045061,0.7536,7.9965,0,0,0,1
0.74901,0.017207,-0.66234,-2.6203,0.017207,0.99882,0.045408,0.92254,0.66234,-0.045408,0.74783,8.1099,0,0,0,1
0.7432,0.017566,-0.66884,-2.6859,0.017566,0.9988,0.04575,0.93511,0.66884,-0.04575,0.742,8.2236,0,0,0,1
0.73733,0.017926,-0.67529,-2.7524,0.017926,0.99878,0.046087,0.9477,0.67529,-0.046087,0.73611,8.3377,0,0,0,1
0.73141,0.018289,-0.68169,-2.8197,0.018289,0.99875,0.046418,0.96034,0.68169,-0.046418,0.73017,8.4523,0,0,0,1
0.72544,0.018653,-0.68804,-2.8879,0.018653,0.99873,0.046743,0.973,0.68804,-0.046743,0.72417,8.5672,0,0,0,1
0.7194,0.019019,-0.69433,-2.9568,0.019019,0.99871,0.047063,0.9857,0.69433,-0.047063,0.71811,8.6824,0,0,0,1
0.71332,0.019388,-0.70057,-3.0265,0.019388,0.99869,0.047378,0.99844,0.70057,-0.047378,0.71201,8.7981,0,0,0,1
0.70718,0.019757,-0.70676,-3.0971,0.019757,0.99867,0.047687,1.0112,0.70676,-0.047687,0.70584,8.9141,0,0,0,1
0.70098,0.020129,-0.7129,-3.1685,0.020129,0.99864,0.04799,1.024,0.7129,-0.04799,0.69963,9.0306,0,0,0,1
0.69473,0.020502,-0.71898,-3.2406,0.020502,0.99862,0.048288,1.0369,0.71898,-0.048288,0.69336,9.1474,0,0,0,1
0.68843,0.020877,-0.725,-3.3136,0.020877,0.9986,0.04858,1.0497,0.725,-0.04858,0.68703,9.2645,0,0,0,1
0.68208,0.021254,-0.73097,-3.3874,0.021254,0.99858,0.048867,1.0626,0.73097,-0.048867,0.68066,9.3821,0,0,0,1
0.67567,0.021632,-0.73688,-3.4621,0.021632,0.99856,0.049148,1.0756,0.73688,-0.049148,0.67423,9.5001,0,0,0,1
0.66922,0.022011,-0.74274,-3.5375,0.022011,0.99854,0.049424,1.0886,0.74274,-0.049424,0.66775,9.6184,0,0,0,1
0.66271,0.022392,-0.74854,-3.6137,0.022392,0.99851,0.049693,1.1016,0.74854,-0.049693,0.66122,9.7371,0,0,0,1
0.65615,0.022774,-0.75428,-3.6908,0.022774,0.99849,0.049958,1.1146,0.75428,-0.049958,0.65464,9.8562,0,0,0,1
0.64954,0.023157,-0.75997,-3.7686,0.023157,0.99847,0.050217,1.1277,0.75997,-0.050217,0.64801,9.9757,0,0,0,1
0.64289,0.023542,-0.7656,-3.8473,0.023542,0.99845,0.05047,1.1408,0.7656,-0.05047,0.64134,10.096,0,0,0,1
0.63618,0.023927,-0.77117,-3.9268,0.023927,0.99843,0.050717,1.154,0.77117,-0.050717,0.63461,10.216,0,0,0,1
0.62943,0.024314,-0.77668,-4.0071,0.024314,0.9984,0.050959,1.1671,0.77668,-0.050959,0.62783,10.336,0,0,0,1
0.62263,0.024702,-0.78213,-4.0882,0.024702,0.99838,0.051196,1.1804,0.78213,-0.051196,0.62101,10.457,0,0,0,1
0.61578,0.025091,-0.78752,-4.1702,0.025091,0.99836,0.051427,1.1936,0.78752,-0.051427,0.61414,10.579,0,0,0,1
0.60888,0.02548,-0.79285,-4.2529,0.02548,0.99834,0.051652,1.2069,0.79285,-0.051652,0.60722,10.701,0,0,0,1
0.60194,0.025871,-0.79812,-4.3365,0.025871,0.99832,0.051872,1.2202,0.79812,-0.051872,0.60026,10.823,0,0,0,1
0.59495,0.026262,-0.80333,-4.4208,0.026262,0.9983,0.052086,1.2336,0.80333,-0.052086,0.59325,10.945,0,0,0,1
0.58791,0.026654,-0.80848,-4.506,0.026654,0.99828,0.052294,1.247,0.80848,-0.052294,0.58619,11.068,0,0,0,1
0.58084,0.027047,-0.81357,-4.592,0.027047,0.99825,0.052497,1.2604,0.81357,-0.052497,0.57909,11.191,0,0,0,1
0.57371,0.027441,-0.8186,-4.6788,0.027441,0.99823,0.052694,1.2739,0.8186,-0.052694,0.57195,11.315,0,0,0,1
0.56655,0.027835,-0.82356,-4.7664,0.027835,0.99821,0.052886,1.2873,0.82356,-0.052886,0.56476,11.439,0,0,0,1
0.55934,0.028229,-0.82846,-4.8548,0.028229,0.99819,0.053072,1.3009,0.82846,-0.053072,0.55753,11.564,0,0,0,1
0.55209,0.028625,-0.83329,-4.9441,0.028625,0.99817,0.053253,1.3144,0.83329,-0.053253,0.55026,11.688,0,0,0,1
0.54479,0.02902,-0.83807,-5.0341,0.02902,0.99815,0.053428,1.328,0.83807,-0.053428,0.54294,11.814,0,0,0,1
0.53746,0.029416,-0.84278,-5.125,0.029416,0.99813,0.053598,1.3417,0.84278,-0.053598,0.53559,11.939,0,0,0,1
0.53008,0.029812,-0.84742,-5.2166,0.029812,0.99811,0.053762,1.3553,0.84742,-0.053762,0.52819,12.065,0,0,0,1
0.52267,0.030209,-0.852,-5.3091,0.030209,0.99809,0.05392,1.369,0.852,-0.05392,0.52076,12.192,0,0,0,1
0.51521,0.030605,-0.85652,-5.4024,0.030605,0.99807,0.054073,1.3828,0.85652,-0.054073,0.51328,12.318,0,0,0,1
0.50772,0.031002,-0.86097,-5.4965,0.031002,0.99805,0.054221,1.3965,0.86097,-0.054221,0.50576,12.445,0,0,0,1
0.50018,0.031399,-0.86535,-5.5915,0.031399,0.99803,0.054363,1.4103,0.86535,-0.054363,0.49821,12.573,0,0,0,1
0.50018,0.031399,-0.86535,-5.5915,0.031399,0.99803,0.054363,1.4103,0.86535,-0.054363,0.49821,12.573,0,0,0,1
0.50772,0.031002,-0.86097,-5.4965,0.031002,0.99805,0.054221,1.3965,0.86097,-0.054221,0.50576,12.445,0,0,0,1
0.51521,0.030605,-0.85652,-5.4024,0.030605,0.99807,0.054073,1.3828,0.85652,-0.054073,0.51328,12.318,0,0,0,1
0.52267,0.030209,-0.852,-5.3091,0.030209,0.99809,0.05392,1.369,0.852,-0.05392,0.52076,12.192,0,0,0,1
0.53008,0.029812,-0.84742,-5.2166,0.029812,0.99811,0.053762,1.3553,0.84742,-0.053762,0.52819,12.065,0,0,0,1
0.53746,0.029416,-0.84278,-5.125,0.029416,0.99813,0.053598,1.3417,0.84278,-0.053598,0.53559,11.939,0,0,0,1
0.54479,0.02902,-0.83807,-5.0341,0.02902,0.99815,0.053428,1.328,0.83807,-0.053428,0.54294,11.814,0,0,0,1
0.55209,0.028625,-0.83329,-4.9441,0.028625,0.99817,0.053253,1.3144,0.83329,-0.053253,0.55026,11.688,0,0,0,1
0.55934,0.028229,-0.82846,-4.8548,0.028229,0.99819,0.053072,1.3009,0.82846,-0.053072,0.55753,11.564,0,0,0,1
0.56655,0.027835,-0.82356,-4.7664,0.027835,0.99821,0.052886,1.2873,0.82356,-0.052886,0.56476,11.439,0,0,0,1
0.57371,0.027441,-0.8186,-4.6788,0.027441,0.99823,0.052694,1.2739,0.8186,-0.052694,0.57195,11.315,0,0,0,1
0.58084,0.027047,-0.81357,-4.592,0.027047,0.99825,0.052497,1.2604,0.81357,-0.052497,0.57909,11.191,0,0,0,1
0.58791,0.026654,-0.80848,-4.506,0.026654,0.99828,0.052294,1.247,0.80848,-0.052294,0.58619,11.068,0,0,0,1
0.59495,0.026262,-0.80333,-4.4208,0.026262,0.9983,0.052086,1.2336,0.80333,-0.052086,0.59325,10.945,0,0,0,1
0.60194,0.025871,-0.79812,-4.3365,0.025871,0.99832,0.051872,1.2202,0.79812,-0.051872,0.60026,10.823,0,0,0,1
0.60888,0.02548,-0.79285,-4.2529,0.02548,0.99834,0.051652,1.2069,0.79285,-0.051652,0.60722,10.701,0,0,0,1
0.61578,0.025091,-0.78752,-4.1702,0.025091,0.99836,0.051427,1.1936,0.78752,-0.051427,0.61414,10.579,0,0,0,1
0.62263,0.024702,-0.78213,-4.0882,0.024702,0.99838,0.051196,1.1804,0.78213,-0.051196,0.62101,10.457,0,0,0,1
0.62943,0.024314,-0.77668,-4.0071,0.024314,0.9984,0.050959,1.1671,0.77668,-0.050959,0.62783,10.336,0,0,0,1
0.63618,0.023927,-0.77117,-3.9268,0.023927,0.99843,0.050717,1.154,0.77117,-0.050717,0.63461,10.216,0,0,0,1
0.64289,0.023542,-0.7656,-3.8473,0.023542,0.99845,0.05047,1.1408,0.7656,-0.05047,0.64134,10.096,0,0,0,1
0.64954,0.023157,-0.75997,-3.7686,0.023157,0.99847,0.050217,1.1277,0.75997,-0.050217,0.64801,9.9757,0,0,0,1
0.65615,0.022774,-0.75428,-3.6908,0.022774,0.99849,0.049958,1.1146,0.75428,-0.049958,0.65464,9.8562,0,0,0,1
0.66271,0.022392,-0.74854,-3.6137,0.022392,0.99851,0.049693,1.1016,0.74854,-0.049693,0.66122,9.7371,0,0,0,1
0.66922,0.022011,-0.74274,-3.5375,0.022011,0.99854,0.049424,1.0886,0.74274,-0.049424,0.66775,9.6184,0,0,0,1
0.67567,0.021632,-0.73688,-3.4621,0.021632,0.99856,0.049148,1.0756,0.73688,-0.049148,0.67423,9.5001,0,0,0,1
0.68208,0.021254,-0.73097,-3.3874,0.021254,0.99858,0.048867,1.0626,0.73097,-0.048867,0.68066,9.3821,0,0,0,1
0.68843,0.020877,-0.725,-3.3136,0.020877,0.9986,0.04858,1.0497,0.725,-0.04858,0.68703,9.2645,0,0,0,1
0.69473,0.020502,-0.71898,-3.2406,0.020502,0.99862,0.048288,1.0369,0.71898,-0.048288,0.69336,9.1474,0,0,0,1
0.70098,0.020129,-0.7129,-3.1685,0.020129,0.99864,0.04799,1.024,0.7129,-0.04799,0.69963,9.0306,0,0,0,1
0.70718,0.019757,-0.70676,-3.0971,0.019757,0.99867,0.047687,1.0112,0.70676,-0.047687,0.70584,8.9141,0,0,0,1
0.71332,0.019388,-0.70057,-3.0265,0.019388,0.99869,0.047378,0.99844,0.70057,-0.047378,0.71201,8.7981,0,0,0,1
0.7194,0.019019,-0.69433,-2.9568,0.019019,0.99871,0.047063,0.9857,0.69433,-0.047063,0.71811,8.6824,0,0,0,1
0.72544,0.018653,-0.68804,-2.8879,0.018653,0.99873,0.046743,0.973,0.68804,-0.046743,0.72417,8.5672,0,0,0,1
0.73141,0.018289,-0.68169,-2.8197,0.018289,0.99875,0.046418,0.96034,0.68169,-0.046418,0.73017,8.4523,0,0,0,1
0.73733,0.017926,-0.67529,-2.7524,0.017926,0.99878,0.046087,0.9477,0.67529,-0.046087,0.73611,8.3377,0,0,0,1
0.7432,0.017566,-0.66884,-2.6859,0.017566,0.9988,0.04575,0.93511,0.66884,-0.04575,0.742,8.2236,0,0,0,1
0.74901,0.017207,-0.66234,-2.6203,0.017207,0.99882,0.045408,0.92254,0.66234,-0.045408,0.74783,8.1099,0,0,0,1
0.75476,0.016851,-0.65579,-2.5554,0.016851,0.99884,0.045061,0.91001,0.65579,-0.045061,0.7536,7.9965,0,0,0,1
0.76045,0.016497,-0.64918,-2.4913,0.016497,0.99886,0.044708,0.89752,0.64918,-0.044708,0.75932,7.8835,0,0,0,1
0.76609,0.016145,-0.64253,-2.4281,0.016145,0.99889,0.044349,0.88506,0.64253,-0.044349,0.76498,7.7709,0,0,0,1
0.77167,0.015795,-0.63583,-2.3657,0.015795,0.99891,0.043985,0.87264,0.63583,-0.043985,0.77058,7.6587,0,0,0,1
0.77719,0.015448,-0.62908,-2.304,0.015448,0.99893,0.043616,0.86024,0.62908,-0.043616,0.77612,7.5468,0,0,0,1
0.78265,0.015103,-0.62228,-2.2432,0.015103,0.99895,0.043241,0.84789,0.62228,-0.043241,0.7816,7.4354,0,0,0,1
0.78805,0.014761,-0.61544,-2.1832,0.014761,0.99897,0.042861,0.83557,0.61544,-0.042861,0.78702,7.3243,0,0,0,1
0.79339,0.014421,-0.60854,-2.124,0.014421,0.99899,0.042475,0.82328,0.60854,-0.042475,0.79238,7.2136,0,0,0,1
0.79867,0.014084,-0.6016,-2.0657,0.014084,0.99901,0.042084,0.81103,0.6016,-0.042084,0.79768,7.1033,0,0,0,1
0.80389,0.013749,-0.59462,-2.0081,0.013749,0.99904,0.041687,0.79881,0.59462,-0.041687,0.80293,6.9934,0,0,0,1
0.80905,0.013417,-0.58759,-1.9514,0.013417,0.99906,0.041286,0.78662,0.58759,-0.041286,0.80811,6.8838,0,0,0,1
0.81415,0.013087,-0.58051,-1.8954,0.013087,0.99908,0.040878,0.77447,0.58051,-0.040878,0.81322,6.7747,0,0,0,1
0.81918,0.012761,-0.57339,-1.8403,0.012761,0.9991,0.040466,0.76236,0.57339,-0.040466,0.81828,6.6659,0,0,0,1
0.82415,0.012437,-0.56623,-1.786,0.012437,0.99912,0.040048,0.75028,0.56623,-0.040048,0.82327,6.5575,0,0,0,1
0.82906,0.012117,-0.55902,-1.7325,0.012117,0.99914,0.039625,0.73823,0.55902,-0.039625,0.8282,6.4495,0,0,0,1
0.83391,0.011799,-0.55177,-1.6798,0.011799,0.99916,0.039197,0.72622,0.55177,-0.039197,0.83307,6.3418,0,0,0,1
0.83869,0.011484,-0.54448,-1.6279,0.011484,0.99918,0.038763,0.71424,0.54448,-0.038763,0.83788,6.2346,0,0,0,1
0.84341,0.011172,-0.53715,-1.5769,0.011172,0.9992,0.038324,0.7023,0.53715,-0.038324,0.84262,6.1277,0,0,0,1
0.84807,0.010864,-0.52978,-1.5266,0.010864,0.99922,0.03788,0.69039,0.52978,-0.03788,0.84729,6.0212,0,0,0,1
0.85266,0.010558,-0.52236,-1.4772,0.010558,0.99924,0.037431,0.67852,0.52236,-0.037431,0.8519,5.9151,0,0,0,1
0.85719,0.010256,-0.51491,-1.4286,0.010256,0.99926,0.036977,0.66668,0.51491,-0.036977,0.85645,5.8093,0,0,0,1
0.86165,0.009957,-0.50741,-1.3807,0.009957,0.99928,0.036517,0.65488,0.50741,-0.036517,0.86093,5.704,0,0,0,1
0.86604,0.0096615,-0.49988,-1.3337,0.0096615,0.9993,0.036053,0.64311,0.49988,-0.036053,0.86534,5.599,0,0,0,1
0.87037,0.0093693,-0.49231,-1.2875,0.0093693,0.99932,0.035583,0.63137,0.49231,-0.035583,0.86969,5.4945,0,0,0,1
0.87463,0.0090807,-0.4847,-1.2422,0.0090807,0.99934,0.035108,0.61967,0.4847,-0.035108,0.87398,5.3902,0,0,0,1
0.87883,0.0087955,-0.47705,-1.1976,0.0087955,0.99936,0.034628,0.608,0.47705,-0.034628,0.87819,5.2864,0,0,0,1
0.88296,0.0085139,-0.46937,-1.1539,0.0085139,0.99938,0.034144,0.59637,0.46937,-0.034144,0.88234,5.183,0,0,0,1
0.88702,0.0082359,-0.46165,-1.1109,0.0082359,0.9994,0.033654,0.58477,0.46165,-0.033654,0.88642,5.0799,0,0,0,1
0.89102,0.0079615,-0.4539,-1.0688,0.0079615,0.99942,0.033159,0.57321,0.4539,-0.033159,0.89044,4.9773,0,0,0,1
0.89494,0.0076909,-0.44611,-1.0275,0.0076909,0.99944,0.032659,0.56168,0.44611,-0.032659,0.89438,4.875,0,0,0,1
0.8988,0.0074241,-0.43829,-0.98696,0.0074241,0.99946,0.032154,0.55019,0.43829,-0.032154,0.89826,4.7731,0,0,0,1
0.90259,0.0071611,-0.43043,-0.94727,0.0071611,0.99947,0.031645,0.53873,0.43043,-0.031645,0.90207,4.6715,0,0,0,1
0.90632,0.006902,-0.42254,-0.90839,0.006902,0.99949,0.03113,0.5273,0.42254,-0.03113,0.90581,4.5704,0,0,0,1
0.90997,0.0066469,-0.41462,-0.87033,0.0066469,0.99951,0.030611,0.51591,0.41462,-0.030611,0.90948,4.4696,0,0,0,1
0.91355,0.0063957,-0.40667,-0.83307,0.0063957,0.99953,0.030087,0.50455,0.40667,-0.030087,0.91308,4.3692,0,0,0,1
0.91707,0.0061486,-0.39869,-0.79663,0.0061486,0.99954,0.029558,0.49323,0.39869,-0.029558,0.91661,4.2692,0,0,0,1
0.92051,0.0059055,-0.39067,-0.761,0.0059055,0.99956,0.029024,0.48195,0.39067,-0.029024,0.92007,4.1696,0,0,0,1
0.92388,0.0056666,-0.38263,-0.72618,0.0056666,0.99958,0.028486,0.47069,0.38263,-0.028486,0.92346,4.0704,0,0,0,1
0.92719,0.005432,-0.37455,-0.69217,0.005432,0.99959,0.027943,0.45947,0.37455,-0.027943,0.92678,3.9715,0,0,0,1
0.93042,0.0052015,-0.36645,-0.65898,0.0052015,0.99961,0.027395,0.44829,0.36645,-0.027395,0.93003,3.8731,0,0,0,1
0.93358,0.0049754,-0.35832,-0.6266,0.0049754,0.99963,0.026843,0.43714,0.35832,-0.026843,0.93321,3.775,0,0,0,1
0.93668,0.0047536,-0.35016,-0.59503,0.0047536,0.99964,0.026286,0.42603,0.35016,-0.026286,0.93632,3.6773,0,0,0,1
0.9397,0.0045363,-0.34198,-0.56427,0.0045363,0.99966,0.025725,0.41494,0.34198,-0.025725,0.93935,3.5799,0,0,0,1
0.94264,0.0043234,-0.33377,-0.53433,0.0043234,0.99967,0.025159,0.4039,0.33377,-0.025159,0.94232,3.483,0,0,0,1
0.94552,0.004115,-0.32553,-0.50519,0.004115,0.99969,0.024589,0.39289,0.32553,-0.024589,0.94521,3.3864,0,0,0,1
0.94833,0.0039111,-0.31727,-0.47687,0.0039111,0.9997,0.024014,0.38191,0.31727,-0.024014,0.94803,3.2902,0,0,0,1
0.95106,0.0037119,-0.30899,-0.44936,0.0037119,0.99972,0.023435,0.37097,0.30899,-0.023435,0.95078,3.1944,0,0,0,1
0.95372,0.0035173,-0.30068,-0.42267,0.0035173,0.99973,0.022851,0.36006,0.30068,-0.022851,0.95345,3.099,0,0,0,1
0.95631,0.0033274,-0.29235,-0.39678,0.0033274,0.99975,0.022263,0.34919,0.29235,-0.022263,0.95605,3.004,0,0,0,1
0.95882,0.0031423,-0.28399,-0.37171,0.0031423,0.99976,0.021671,0.33835,0.28399,-0.021671,0.95858,2.9093,0,0,0,1
0.96126,0.002962,-0.27562,-0.34745,0.002962,0.99977,0.021075,0.32754,0.27562,-0.021075,0.96104,2.8151,0,0,0,1
0.96363,0.0027865,-0.26722,-0.32401,0.0027865,0.99979,0.020474,0.31677,0.26722,-0.020474,0.96342,2.7212,0,0,0,1
0.96593,0.0026159,-0.2588,-0.30137,0.0026159,0.9998,0.019869,0.30604,0.2588,-0.019869,0.96573,2.6277,0,0,0,1
0.96815,0.0024503,-0.25036,-0.27955,0.0024503,0.99981,0.01926,0.29534,0.25036,-0.01926,0.96796,2.5345,0,0,0,1
0.9703,0.0022897,-0.24191,-0.25854,0.0022897,0.99982,0.018647,0.28467,0.24191,-0.018647,0.97012,2.4418,0,0,0,1
0.97237,0.0021341,-0.23343,-0.23834,0.0021341,0.99984,0.01803,0.27404,0.23343,-0.01803,0.97221,2.3494,0,0,0,1
0.97437,0.0019835,-0.22494,-0.21895,0.0019835,0.99985,0.017409,0.26344,0.22494,-0.017409,0.97422,2.2574,0,0,0,1
0.9763,0.0018382,-0.21643,-0.20038,0.0018382,0.99986,0.016784,0.25288,0.21643,-0.016784,0.97615,2.1658,0,0,0,1
0.97815,0.001698,-0.2079,-0.18262,0.001698,0.99987,0.016155,0.24235,0.2079,-0.016155,0.97802,2.0746,0,0,0,1
0.97993,0.001563,-0.19936,-0.16567,0.001563,0.99988,0.015522,0.23185,0.19936,-0.015522,0.9798,1.9838,0,0,0,1
0.98163,0.0014333,-0.1908,-0.14953,0.0014333,0.99989,0.014885,0.22139,0.1908,-0.014885,0.98152,1.8933,0,0,0,1
0.98326,0.0013089,-0.18223,-0.13421,0.0013089,0.9999,0.014245,0.21097,0.18223,-0.014245,0.98315,1.8033,0,0,0,1
0.98481,0.0011899,-0.17364,-0.11969,0.0011899,0.99991,0.0136,0.20058,0.17364,-0.0136,0.98471,1.7136,0,0,0,1
0.98629,0.0010763,-0.16504,-0.10599,0.0010763,0.99992,0.012952,0.19022,0.16504,-0.012952,0.9862,1.6243,0,0,0,1
0.98769,0.0009681,-0.15643,-0.093103,0.0009681,0.99992,0.012301,0.1799,0.15643,-0.012301,0.98761,1.5353,0,0,0,1
0.98902,0.00086542,-0.14781,-0.081027,0.00086542,0.99993,0.011646,0.16961,0.14781,-0.011646,0.98895,1.4468,0,0,0,1
0.99027,0.00076827,-0.13917,-0.069763,0.00076827,0.99994,0.010987,0.15936,0.13917,-0.010987,0.99021,1.3586,0,0,0,1
0.99144,0.0006767,-0.13052,-0.059311,0.0006767,0.99995,0.010324,0.14914,0.13052,-0.010324,0.99139,1.2709,0,0,0,1
0.99255,0.00059074,-0.12187,-0.049671,0.00059074,0.99995,0.0096585,0.13895,0.12187,-0.0096585,0.9925,1.1835,0,0,0,1
0.99357,0.00051045,-0.1132,-0.040844,0.00051045,0.99996,0.0089893,0.12881,0.1132,-0.0089893,0.99353,1.0965,0,0,0,1
0.99452,0.00043586,-0.10453,-0.032829,0.00043586,0.99997,0.0083166,0.11869,0.10453,-0.0083166,0.99449,1.0098,0,0,0,1
0.9954,0.00036701,-0.095845,-0.025626,0.00036701,0.99997,0.0076407,0.10861,0.095845,-0.0076407,0.99537,0.92356,0,0,0,1
0.99619,0.00030394,-0.087155,-0.019235,0.00030394,0.99998,0.0069614,0.098564,0.087155,-0.0069614,0.99617,0.83769,0,0,0,1
0.99692,0.0002467,-0.078459,-0.013657,0.0002467,0.99998,0.006279,0.088552,0.078459,-0.006279,0.9969,0.75221,0,0,0,1
0.99756,0.00019532,-0.069756,-0.0088905,0.00019532,0.99998,0.0055933,0.078575,0.069756,-0.0055933,0.99755,0.6671,0,0,0,1
0.99813,0.00014985,-0.061048,-0.0049364,0.00014985,0.99999,0.0049046,0.068633,0.061048,-0.0049046,0.99812,0.58238,0,0,0,1
0.99863,0.00011031,-0.052336,-0.0017945,0.00011031,0.99999,0.0042127,0.058725,0.052336,-0.0042127,0.99862,0.49803,0,0,0,1
0.99905,7.676e-05,-0.043619,0.00053509,7.676e-05,0.99999,0.0035179,0.048851,0.043619,-0.0035179,0.99904,0.41407,0,0,0,1
0.99939,4.9224e-05,-0.034899,0.0020525,4.9224e-05,1,0.00282,0.039012,0.034899,-0.00282,0.99939,0.33049,0,0,0,1
0.99966,2.7743e-05,-0.026177,0.0027577,2.7743e-05,1,0.0021193,0.029207,0.026177,-0.0021193,0.99966,0.2473,0,0,0,1
0.99985,1.2354e-05,-0.017452,0.0026507,1.2354e-05,1,0.0014156,0.019437,0.017452,-0.0014156,0.99985,0.16448,0,0,0,1
0.99996,3.0945e-06,-0.0087265,0.0017315,3.0945e-06,1,0.0007092,0.0097012,0.0087265,-0.0007092,0.99996,0.082051,0,0,0,1
NaN,NaN,NaN,0,NaN,NaN,NaN,0,NaN,NaN,NaN,0,0,0,0,1
NaN,NaN,NaN,0,NaN,NaN,NaN,0,NaN,NaN,NaN,0,0,0,0,1
