0.64116,-0.0046916,0.7674,-3.5882,0.082411,0.99462,-0.062773,-0.14752,-0.76297,0.10349,0.63809,-6.8887,0,0,0,1
0.64673,-0.0047895,0.76271,-3.5278,0.081361,0.99471,-0.062743,-0.15505,-0.75837,0.10263,0.6437,-6.8366,0,0,0,1
0.65227,-0.004885,0.75797,-3.468,0.080315,0.9948,-0.062703,-0.16244,-0.75372,0.10178,0.64926,-6.7843,0,0,0,1
0.65777,-0.004978,0.7532,-3.4087,0.079272,0.99488,-0.062653,-0.16967,-0.74904,0.10092,0.6548,-6.732,0,0,0,1
0.66324,-0.0050685,0.74839,-3.3499,0.078232,0.99497,-0.062592,-0.17676,-0.74431,0.10006,0.6603,-6.6795,0,0,0,1
0.66867,-0.0051565,0.74354,-3.2916,0.077195,0.99505,-0.062521,-0.18371,-0.73954,0.099204,0.66576,-6.627,0,0,0,1
0.67407,-0.0052421,0.73865,-3.2339,0.076162,0.99514,-0.062441,-0.1905,-0.73473,0.098346,0.67119,-6.5744,0,0,0,1
0.67943,-0.0053252,0.73372,-3.1766,0.075132,0.99522,-0.06235,-0.19715,-0.72988,0.097489,0.67658,-6.5217,0,0,0,1
0.68476,-0.0054058,0.72875,-3.1198,0.074106,0.99531,-0.062249,-0.20366,-0.725,0.096631,0.68194,-6.4689,0,0,0,1
0.69005,-0.0054841,0.72375,-3.0636,0.073084,0.99539,-0.062138,-0.21001,-0.72007,0.095772,0.68726,-6.416,0,0,0,1
0.6953,-0.0055598,0.7187,-3.0079,0.072065,0.99547,-0.062018,-0.21622,-0.7151,0.094914,0.69255,-6.3631,0,0,0,1
0.70052,-0.0056332,0.71362,-2.9527,0.07105,0.99555,-0.061887,-0.22228,-0.71009,0.094055,0.6978,-6.31,0,0,0,1
0.70569,-0.0057041,0.70849,-2.898,0.070039,0.99563,-0.061747,-0.22819,-0.70505,0.093196,0.70301,-6.2569,0,0,0,1
0.71084,-0.0057726,0.70333,-2.8438,0.069032,0.99571,-0.061596,-0.23396,-0.69996,0.092337,0.70819,-6.2037,0,0,0,1
0.71594,-0.0058387,0.69814,-2.7901,0.068029,0.99579,-0.061436,-0.23957,-0.69484,0.091478,0.71332,-6.1503,0,0,0,1
0.72101,-0.0059024,0.6929,-2.7369,0.06703,0.99587,-0.061266,-0.24504,-0.68968,0.090619,0.71842,-6.0969,0,0,0,1
0.72604,-0.0059637,0.68763,-2.6843,0.066036,0.99595,-0.061087,-0.25037,-0.68448,0.089759,0.72349,-6.0434,0,0,0,1
0.73103,-0.0060226,0.68232,-2.6321,0.065046,0.99602,-0.060897,-0.25554,-0.67924,0.0889,0.72851,-5.9899,0,0,0,1
0.73598,-0.0060792,0.67698,-2.5805,0.06406,0.9961,-0.060698,-0.26057,-0.67397,0.08804,0.73349,-5.9362,0,0,0,1
0.74089,-0.0061333,0.6716,-2.5294,0.063079,0.99617,-0.06049,-0.26546,-0.66866,0.08718,0.73844,-5.8824,0,0,0,1
0.74576,-0.0061851,0.66618,-2.4787,0.062103,0.99625,-0.060272,-0.27019,-0.66331,0.08632,0.74335,-5.8286,0,0,0,1
0.7506,-0.0062345,0.66073,-2.4286,0.061131,0.99632,-0.060044,-0.27478,-0.65793,0.08546,0.74822,-5.7747,0,0,0,1
0.75539,-0.0062815,0.65525,-2.379,0.060164,0.9964,-0.059807,-0.27922,-0.65251,0.084599,0.75304,-5.7206,0,0,0,1
0.76014,-0.0063262,0.64973,-2.33,0.059201,0.99647,-0.05956,-0.28351,-0.64705,0.083739,0.75783,-5.6665,0,0,0,1
0.76486,-0.0063685,0.64417,-2.2814,0.058244,0.99654,-0.059304,-0.28766,-0.64156,0.082878,0.76258,-5.6123,0,0,0,1
0.76953,-0.0064085,0.63858,-2.2333,0.057292,0.99661,-0.059039,-0.29165,-0.63604,0.082017,0.76729,-5.5581,0,0,0,1
0.77416,-0.0064462,0.63296,-2.1858,0.056345,0.99668,-0.058764,-0.29551,-0.63048,0.081157,0.77195,-5.5037,0,0,0,1
0.77875,-0.0064815,0.6273,-2.1388,0.055403,0.99675,-0.05848,-0.29921,-0.62488,0.080296,0.77658,-5.4492,0,0,0,1
0.7833,-0.0065145,0.62161,-2.0922,0.054466,0.99682,-0.058187,-0.30277,-0.61925,0.079434,0.78116,-5.3947,0,0,0,1
0.78781,-0.0065452,0.61588,-2.0462,0.053535,0.99689,-0.057885,-0.30618,-0.61359,0.078573,0.78571,-5.34,0,0,0,1
0.79228,-0.0065735,0.61013,-2.0007,0.052609,0.99695,-0.057573,-0.30944,-0.60789,0.077712,0.79021,-5.2853,0,0,0,1
0.7967,-0.0065996,0.60434,-1.9558,0.051688,0.99702,-0.057253,-0.31255,-0.60216,0.07685,0.79467,-5.2305,0,0,0,1
0.80108,-0.0066233,0.59852,-1.9113,0.050773,0.99709,-0.056923,-0.31552,-0.5964,0.075989,0.79909,-5.1756,0,0,0,1
0.80542,-0.0066447,0.59266,-1.8673,0.049864,0.99715,-0.056585,-0.31834,-0.5906,0.075127,0.80346,-5.1206,0,0,0,1
0.80972,-0.0066639,0.58678,-1.8239,0.04896,0.99722,-0.056237,-0.32101,-0.58477,0.074265,0.80779,-5.0656,0,0,0,1
0.81397,-0.0066807,0.58086,-1.7809,0.048063,0.99728,-0.055881,-0.32354,-0.57891,0.073404,0.81208,-5.0104,0,0,0,1
0.81819,-0.0066953,0.57491,-1.7385,0.047171,0.99734,-0.055516,-0.32592,-0.57302,0.072542,0.81633,-4.9551,0,0,0,1
0.82235,-0.0067075,0.56894,-1.6966,0.046285,0.99741,-0.055142,-0.32815,-0.56709,0.07168,0.82053,-4.8998,0,0,0,1
0.82648,-0.0067175,0.56293,-1.6552,0.045405,0.99747,-0.05476,-0.33023,-0.56114,0.070817,0.82469,-4.8444,0,0,0,1
0.83056,-0.0067252,0.55689,-1.6143,0.044531,0.99753,-0.054368,-0.33217,-0.55515,0.069955,0.8288,-4.7889,0,0,0,1
0.83459,-0.0067307,0.55082,-1.5739,0.043664,0.99759,-0.053969,-0.33396,-0.54913,0.069093,0.83287,-4.7333,0,0,0,1
0.83859,-0.0067339,0.54473,-1.534,0.042803,0.99765,-0.05356,-0.3356,-0.54308,0.068231,0.8369,-4.6776,0,0,0,1
0.84253,-0.0067348,0.5386,-1.4946,0.041948,0.99771,-0.053143,-0.3371,-0.53701,0.067368,0.84088,-4.6218,0,0,0,1
0.84644,-0.0067334,0.53245,-1.4558,0.041099,0.99776,-0.052718,-0.33844,-0.5309,0.066506,0.84482,-4.5659,0,0,0,1
0.8503,-0.0067298,0.52626,-1.4175,0.040257,0.99782,-0.052284,-0.33964,-0.52476,0.065643,0.84871,-4.51,0,0,0,1
0.85411,-0.006724,0.52005,-1.3796,0.039422,0.99788,-0.051842,-0.3407,-0.5186,0.06478,0.85256,-4.4539,0,0,0,1
0.85788,-0.0067159,0.51381,-1.3423,0.038593,0.99793,-0.051392,-0.3416,-0.51241,0.063918,0.85636,-4.3978,0,0,0,1
0.8616,-0.0067056,0.50755,-1.3055,0.037771,0.99799,-0.050934,-0.34236,-0.50618,0.063055,0.86012,-4.3416,0,0,0,1
0.86527,-0.006693,0.50125,-1.2692,0.036956,0.99804,-0.050467,-0.34297,-0.49993,0.062192,0.86383,-4.2853,0,0,0,1
0.8689,-0.0066782,0.49493,-1.2334,0.036147,0.9981,-0.049993,-0.34344,-0.49366,0.061329,0.86749,-4.2289,0,0,0,1
0.87249,-0.0066611,0.48859,-1.1982,0.035346,0.99815,-0.04951,-0.34375,-0.48735,0.060466,0.87111,-4.1724,0,0,0,1
0.87603,-0.0066418,0.48222,-1.1634,0.034551,0.9982,-0.049019,-0.34392,-0.48102,0.059603,0.87468,-4.1158,0,0,0,1
0.87952,-0.0066203,0.47582,-1.1291,0.033764,0.99825,-0.048521,-0.34395,-0.47466,0.05874,0.8782,-4.0592,0,0,0,1
0.88296,-0.0065966,0.46939,-1.0954,0.032983,0.9983,-0.048014,-0.34382,-0.46828,0.057877,0.88168,-4.0024,0,0,0,1
0.88636,-0.0065707,0.46295,-1.0622,0.03221,0.99835,-0.0475,-0.34355,-0.46187,0.057014,0.88511,-3.9456,0,0,0,1
0.88971,-0.0065425,0.45647,-1.0295,0.031444,0.9984,-0.046978,-0.34313,-0.45544,0.056151,0.8885,-3.8887,0,0,0,1
0.89302,-0.0065121,0.44998,-0.99727,0.030686,0.99845,-0.046449,-0.34256,-0.44898,0.055287,0.89183,-3.8316,0,0,0,1
0.89627,-0.0064795,0.44345,-0.96558,0.029934,0.9985,-0.045912,-0.34185,-0.44249,0.054424,0.89512,-3.7745,0,0,0,1
0.89948,-0.0064447,0.43691,-0.9344,0.029191,0.99854,-0.045367,-0.34099,-0.43598,0.053561,0.89836,-3.7174,0,0,0,1
0.90264,-0.0064077,0.43034,-0.90373,0.028455,0.99859,-0.044815,-0.33998,-0.42945,0.052697,0.90155,-3.6601,0,0,0,1
0.90576,-0.0063685,0.42375,-0.87357,0.027726,0.99864,-0.044256,-0.33882,-0.42289,0.051834,0.9047,-3.6027,0,0,0,1
0.90882,-0.006327,0.41713,-0.84393,0.027005,0.99868,-0.043689,-0.33752,-0.41631,0.05097,0.90779,-3.5453,0,0,0,1
0.91184,-0.0062834,0.4105,-0.81479,0.026292,0.99872,-0.043115,-0.33607,-0.4097,0.050107,0.91084,-3.4877,0,0,0,1
0.91481,-0.0062376,0.40384,-0.78617,0.025587,0.99877,-0.042534,-0.33447,-0.40308,0.049243,0.91384,-3.4301,0,0,0,1
0.91773,-0.0061896,0.39716,-0.75806,0.024889,0.99881,-0.041946,-0.33273,-0.39643,0.04838,0.91679,-3.3724,0,0,0,1
0.9206,-0.0061393,0.39046,-0.73046,0.024199,0.99885,-0.04135,-0.33084,-0.38976,0.047516,0.91969,-3.3146,0,0,0,1
0.92342,-0.0060869,0.38374,-0.70337,0.023518,0.99889,-0.040748,-0.3288,-0.38306,0.046652,0.92254,-3.2567,0,0,0,1
0.9262,-0.0060323,0.377,-0.67679,0.022844,0.99893,-0.040139,-0.32661,-0.37635,0.045789,0.92534,-3.1987,0,0,0,1
0.92892,-0.0059755,0.37023,-0.65073,0.022179,0.99897,-0.039523,-0.32428,-0.36962,0.044925,0.9281,-3.1407,0,0,0,1
0.93159,-0.0059165,0.36345,-0.62517,0.021521,0.99901,-0.0389,-0.3218,-0.36286,0.044061,0.9308,-3.0825,0,0,0,1
0.93422,-0.0058553,0.35665,-0.60013,0.020872,0.99905,-0.038271,-0.31917,-0.35609,0.043197,0.93345,-3.0243,0,0,0,1
0.9368,-0.005792,0.34983,-0.5756,0.020231,0.99909,-0.037635,-0.31639,-0.34929,0.042333,0.93606,-2.9659,0,0,0,1
0.93932,-0.0057264,0.34299,-0.55158,0.019598,0.99912,-0.036992,-0.31347,-0.34248,0.04147,0.93861,-2.9075,0,0,0,1
0.9418,-0.0056587,0.33613,-0.52807,0.018974,0.99916,-0.036343,-0.3104,-0.33564,0.040606,0.94111,-2.849,0,0,0,1
0.94422,-0.0055888,0.32926,-0.50507,0.018359,0.99919,-0.035688,-0.30718,-0.32879,0.039742,0.94357,-2.7904,0,0,0,1
0.9466,-0.0055166,0.32236,-0.48258,0.017751,0.99923,-0.035026,-0.30382,-0.32192,0.038878,0.94597,-2.7317,0,0,0,1
0.94893,-0.0054424,0.31545,-0.46061,0.017153,0.99926,-0.034358,-0.30031,-0.31503,0.038014,0.94832,-2.673,0,0,0,1
0.9512,-0.0053659,0.30852,-0.43915,0.016563,0.9993,-0.033684,-0.29665,-0.30813,0.03715,0.95062,-2.6141,0,0,0,1
0.95343,-0.0052872,0.30158,-0.41819,0.015981,0.99933,-0.033003,-0.29284,-0.3012,0.036286,0.95287,-2.5552,0,0,0,1
0.9556,-0.0052064,0.29462,-0.39775,0.015408,0.99936,-0.032317,-0.28889,-0.29426,0.035422,0.95507,-2.4961,0,0,0,1
0.95772,-0.0051233,0.28764,-0.37783,0.014845,0.99939,-0.031625,-0.28479,-0.28731,0.034558,0.95722,-2.437,0,0,0,1
0.9598,-0.0050381,0.28065,-0.35841,0.014289,0.99942,-0.030927,-0.28054,-0.28033,0.033694,0.95931,-2.3778,0,0,0,1
0.96182,-0.0049507,0.27365,-0.3395,0.013743,0.99945,-0.030223,-0.27614,-0.27335,0.03283,0.96136,-2.3185,0,0,0,1
0.96379,-0.0048612,0.26662,-0.32111,0.013206,0.99948,-0.029514,-0.2716,-0.26634,0.031966,0.96335,-2.2591,0,0,0,1
0.96571,-0.0047694,0.25959,-0.30322,0.012678,0.9995,-0.028798,-0.26691,-0.25932,0.031102,0.96529,-2.1996,0,0,0,1
0.96758,-0.0046754,0.25254,-0.28585,0.012158,0.99953,-0.028078,-0.26207,-0.25229,0.030238,0.96718,-2.1401,0,0,0,1
0.96939,-0.0045793,0.24548,-0.26899,0.011648,0.99956,-0.027352,-0.25709,-0.24524,0.029374,0.96902,-2.0804,0,0,0,1
0.97116,-0.004481,0.2384,-0.25264,0.011147,0.99958,-0.02662,-0.25196,-0.23818,0.02851,0.9708,-2.0207,0,0,0,1
0.97287,-0.0043805,0.23131,-0.2368,0.010655,0.99961,-0.025883,-0.24668,-0.23111,0.027645,0.97254,-1.9609,0,0,0,1
0.97453,-0.0042778,0.22421,-0.22148,0.010172,0.99963,-0.025141,-0.24125,-0.22402,0.026781,0.97422,-1.9009,0,0,0,1
0.97614,-0.0041729,0.2171,-0.20666,0.0096987,0.99966,-0.024394,-0.23568,-0.21692,0.025917,0.97584,-1.8409,0,0,0,1
0.9777,-0.0040659,0.20997,-0.19236,0.0092346,0.99968,-0.023641,-0.22996,-0.20981,0.025053,0.97742,-1.7809,0,0,0,1
0.9792,-0.0039566,0.20284,-0.17856,0.0087797,0.9997,-0.022884,-0.22409,-0.20269,0.024189,0.97894,-1.7207,0,0,0,1
0.98066,-0.0038452,0.19569,-0.16528,0.0083343,0.99972,-0.022122,-0.21807,-0.19555,0.023325,0.98042,-1.6604,0,0,0,1
0.98206,-0.0037315,0.18853,-0.15251,0.0078983,0.99974,-0.021355,-0.21191,-0.1884,0.022461,0.98183,-1.6001,0,0,0,1
0.98341,-0.0036157,0.18137,-0.14025,0.0074718,0.99976,-0.020583,-0.2056,-0.18125,0.021597,0.9832,-1.5396,0,0,0,1
0.98471,-0.0034976,0.17419,-0.12851,0.0070549,0.99978,-0.019807,-0.19915,-0.17408,0.020733,0.98451,-1.4791,0,0,0,1
0.98595,-0.0033774,0.167,-0.11727,0.0066474,0.9998,-0.019026,-0.19254,-0.1669,0.019869,0.98577,-1.4185,0,0,0,1
0.98714,-0.003255,0.15981,-0.10655,0.0062496,0.99981,-0.01824,-0.18579,-0.15972,0.019004,0.98698,-1.3578,0,0,0,1
0.98828,-0.0031304,0.1526,-0.096335,0.0058615,0.99983,-0.01745,-0.17889,-0.15252,0.01814,0.98813,-1.297,0,0,0,1
0.98937,-0.0030035,0.14539,-0.086634,0.005483,0.99985,-0.016656,-0.17184,-0.14532,0.017276,0.98923,-1.2361,0,0,0,1
0.9904,-0.0028745,0.13817,-0.077444,0.0051142,0.99986,-0.015858,-0.16465,-0.1381,0.016412,0.99028,-1.1751,0,0,0,1
0.99139,-0.0027432,0.13094,-0.068766,0.0047552,0.99988,-0.015055,-0.15731,-0.13088,0.015548,0.99128,-1.1141,0,0,0,1
0.99232,-0.0026098,0.1237,-0.060598,0.004406,0.99989,-0.014249,-0.14982,-0.12365,0.014684,0.99222,-1.0529,0,0,0,1
0.99319,-0.0024741,0.11646,-0.052943,0.0040666,0.9999,-0.013438,-0.14219,-0.11642,0.01382,0.9931,-0.99169,0,0,0,1
0.99402,-0.0023362,0.10922,-0.045798,0.0037371,0.99991,-0.012624,-0.13441,-0.10918,0.012956,0.99394,-0.93037,0,0,0,1
0.99479,-0.0021961,0.10196,-0.039165,0.0034175,0.99992,-0.011805,-0.12648,-0.10193,0.012092,0.99472,-0.86896,0,0,0,1
0.9955,-0.0020538,0.094702,-0.033044,0.0031078,0.99993,-0.010983,-0.1184,-0.094673,0.011228,0.99545,-0.80747,0,0,0,1
0.99617,-0.0019092,0.087437,-0.027434,0.0028081,0.99994,-0.010158,-0.11018,-0.087413,0.010364,0.99612,-0.74588,0,0,0,1
0.99678,-0.0017625,0.080167,-0.022335,0.0025183,0.99995,-0.0093287,-0.1018,-0.080147,0.0095005,0.99674,-0.68421,0,0,0,1
0.99734,-0.0016135,0.072894,-0.017747,0.0022387,0.99996,-0.0084961,-0.093285,-0.072877,0.0086367,0.9973,-0.62245,0,0,0,1
0.99784,-0.0014622,0.065616,-0.013671,0.001969,0.99997,-0.0076601,-0.084619,-0.065603,0.0077728,0.99782,-0.5606,0,0,0,1
0.9983,-0.0013087,0.058334,-0.010107,0.0017095,0.99998,-0.0068209,-0.075806,-0.058324,0.006909,0.99827,-0.49866,0,0,0,1
0.9987,-0.001153,0.05105,-0.0070536,0.0014601,0.99998,-0.0059785,-0.066846,-0.051042,0.0060452,0.99868,-0.43664,0,0,0,1
0.99904,-0.00099506,0.043762,-0.0045117,0.0012209,0.99999,-0.005133,-0.057738,-0.043757,0.0051815,0.99903,-0.37452,0,0,0,1
0.99933,-0.00083486,0.036472,-0.0024813,0.00099178,0.99999,-0.0042845,-0.048483,-0.036468,0.0043178,0.99933,-0.31232,0,0,0,1
0.99957,-0.0006724,0.02918,-0.00096226,0.00077291,0.99999,-0.0034331,-0.039081,-0.029178,0.0034542,0.99957,-0.25003,0,0,0,1
0.99976,-0.00050769,0.021887,4.5393e-05,0.00056427,1,-0.0025788,-0.029532,-0.021885,0.0025906,0.99976,-0.18766,0,0,0,1
0.99989,-0.00034073,0.014592,0.00054165,0.00036589,1,-0.0017218,-0.019835,-0.014591,0.001727,0.99989,-0.12519,0,0,0,1
0.99997,-0.0001715,0.0072962,0.00052652,0.00017779,1,-0.00086219,-0.0099912,-0.0072961,0.00086347,0.99997,-0.062641,0,0,0,1
NaN,NaN,NaN,0,NaN,NaN,NaN,0,NaN,NaN,NaN,0,0,0,0,1
0.99997,0.00017377,-0.0072964,-0.0010379,-0.00016746,1,0.00086466,0.010138,0.0072965,-0.00086341,0.99997,0.062729,0,0,0,1
0.99989,0.00034981,-0.014592,-0.0025872,-0.00032457,1,0.0017317,0.020424,0.014593,-0.0017268,0.99989,0.12554,0,0,0,1
0.99976,0.00052813,-0.021888,-0.0046479,-0.00047131,1,0.002601,0.030857,0.021889,-0.0025901,0.99976,0.18845,0,0,0,1
0.99957,0.00070873,-0.029182,-0.00722,-0.00060765,0.99999,0.0034725,0.041437,0.029184,-0.0034533,0.99957,0.25144,0,0,0,1
0.99933,0.00089162,-0.036475,-0.010304,-0.00073358,0.99999,0.0043461,0.052165,0.036479,-0.0043165,0.99933,0.31452,0,0,0,1
0.99904,0.0010768,-0.043766,-0.013898,-0.00084907,0.99999,0.0052218,0.063039,0.043771,-0.0051796,0.99903,0.37769,0,0,0,1
0.9987,0.0012643,-0.051055,-0.018005,-0.00095411,0.99998,0.0060993,0.074061,0.051062,-0.0060426,0.99868,0.44095,0,0,0,1
0.9983,0.0014541,-0.058341,-0.022622,-0.0010487,0.99998,0.0069787,0.085231,0.05835,-0.0069056,0.99827,0.50429,0,0,0,1
0.99784,0.0016462,-0.065624,-0.027751,-0.0011328,0.99997,0.0078598,0.096547,0.065635,-0.0077685,0.99781,0.56772,0,0,0,1
0.99734,0.0018406,-0.072904,-0.033392,-0.0012063,0.99996,0.0087425,0.10801,0.072917,-0.0086313,0.9973,0.63124,0,0,0,1
0.99678,0.0020373,-0.08018,-0.039544,-0.0012694,0.99995,0.0096268,0.11962,0.080196,-0.009494,0.99673,0.69485,0,0,0,1
0.99617,0.0022363,-0.087452,-0.046207,-0.0013219,0.99994,0.010513,0.13138,0.08747,-0.010357,0.99611,0.75855,0,0,0,1
0.9955,0.0024377,-0.094719,-0.053382,-0.0013639,0.99993,0.0114,0.14329,0.094741,-0.011219,0.99544,0.82233,0,0,0,1
0.99478,0.0026414,-0.10198,-0.061068,-0.0013953,0.99992,0.012288,0.15534,0.10201,-0.012082,0.99471,0.8862,0,0,0,1
0.99401,0.0028474,-0.10924,-0.069265,-0.0014162,0.99991,0.013178,0.16754,0.10927,-0.012944,0.99393,0.95016,0,0,0,1
0.99319,0.0030558,-0.11649,-0.077974,-0.0014264,0.9999,0.014068,0.17989,0.11652,-0.013806,0.99309,1.0142,0,0,0,1
0.99231,0.0032665,-0.12373,-0.087194,-0.0014261,0.99989,0.01496,0.19238,0.12377,-0.014669,0.9922,1.0783,0,0,0,1
0.99138,0.0034796,-0.13097,-0.096926,-0.0014151,0.99987,0.015853,0.20502,0.13101,-0.015531,0.99126,1.1426,0,0,0,1
0.9904,0.0036951,-0.13821,-0.10717,-0.0013936,0.99986,0.016746,0.21781,0.13825,-0.016392,0.99026,1.2069,0,0,0,1
0.98936,0.0039129,-0.14543,-0.11792,-0.0013614,0.99984,0.01764,0.23075,0.14548,-0.017254,0.98921,1.2713,0,0,0,1
0.98827,0.0041331,-0.15265,-0.12919,-0.0013186,0.99983,0.018535,0.24383,0.1527,-0.018116,0.98811,1.3358,0,0,0,1
0.98713,0.0043557,-0.15986,-0.14097,-0.0012651,0.99981,0.01943,0.25706,0.15991,-0.018978,0.98695,1.4003,0,0,0,1
0.98594,0.0045806,-0.16706,-0.15325,-0.0012011,0.99979,0.020326,0.27044,0.16711,-0.019839,0.98574,1.465,0,0,0,1
0.98469,0.0048079,-0.17425,-0.16605,-0.0011263,0.99977,0.021222,0.28397,0.17431,-0.0207,0.98447,1.5298,0,0,0,1
0.98339,0.0050377,-0.18143,-0.17937,-0.0010409,0.99975,0.022118,0.29764,0.1815,-0.021562,0.98316,1.5946,0,0,0,1
0.98204,0.0052698,-0.1886,-0.19319,-0.00094488,0.99973,0.023014,0.31146,0.18867,-0.022423,0.98178,1.6595,0,0,0,1
0.98064,0.0055044,-0.19576,-0.20752,-0.00083818,0.99971,0.023911,0.32543,0.19584,-0.023283,0.98036,1.7245,0,0,0,1
0.97918,0.0057413,-0.20292,-0.22237,-0.00072082,0.99969,0.024807,0.33954,0.203,-0.024144,0.97888,1.7897,0,0,0,1
0.97767,0.0059807,-0.21006,-0.23772,-0.0005928,0.99967,0.025703,0.3538,0.21014,-0.025005,0.97735,1.8548,0,0,0,1
0.97611,0.0062225,-0.21719,-0.25359,-0.00045411,0.99965,0.026599,0.36821,0.21728,-0.025865,0.97577,1.9201,0,0,0,1
0.9745,0.0064668,-0.22431,-0.26997,-0.00030477,0.99962,0.027495,0.38277,0.2244,-0.026725,0.97413,1.9855,0,0,0,1
0.97283,0.0067135,-0.23141,-0.28686,-0.00014476,0.9996,0.02839,0.39747,0.23151,-0.027586,0.97244,2.0509,0,0,0,1
0.97112,0.0069626,-0.23851,-0.30427,2.5901e-05,0.99957,0.029285,0.41232,0.23861,-0.028445,0.9707,2.1165,0,0,0,1
0.96935,0.0072142,-0.24559,-0.32218,0.00020722,0.99954,0.030179,0.42732,0.2457,-0.029305,0.9689,2.1821,0,0,0,1
0.96753,0.0074683,-0.25266,-0.34061,0.00039919,0.99952,0.031073,0.44246,0.25277,-0.030165,0.96706,2.2478,0,0,0,1
0.96565,0.0077248,-0.25972,-0.35954,0.0006018,0.99949,0.031966,0.45776,0.25983,-0.031024,0.96516,2.3136,0,0,0,1
0.96373,0.0079838,-0.26676,-0.37899,0.00081505,0.99946,0.032857,0.4732,0.26688,-0.031883,0.9632,2.3795,0,0,0,1
0.96176,0.0082453,-0.27379,-0.39895,0.0010389,0.99943,0.033748,0.48878,0.27391,-0.032742,0.9612,2.4455,0,0,0,1
0.95973,0.0085093,-0.2808,-0.41942,0.0012735,0.9994,0.034638,0.50452,0.28093,-0.033601,0.95914,2.5116,0,0,0,1
0.95765,0.0087758,-0.2878,-0.4404,0.0015186,0.99937,0.035527,0.5204,0.28793,-0.034459,0.95703,2.5778,0,0,0,1
0.95552,0.0090448,-0.29478,-0.4619,0.0017743,0.99934,0.036414,0.53643,0.29491,-0.035318,0.95487,2.644,0,0,0,1
0.95334,0.0093163,-0.30175,-0.4839,0.0020407,0.9993,0.0373,0.5526,0.30188,-0.036176,0.95266,2.7103,0,0,0,1
0.95111,0.0095903,-0.3087,-0.50642,0.0023176,0.99927,0.038185,0.56893,0.30884,-0.037033,0.95039,2.7768,0,0,0,1
0.94883,0.0098668,-0.31563,-0.52945,0.0026052,0.99923,0.039068,0.5854,0.31578,-0.037891,0.94808,2.8433,0,0,0,1
0.9465,0.010146,-0.32255,-0.55298,0.0029032,0.9992,0.039949,0.60202,0.3227,-0.038748,0.94571,2.9099,0,0,0,1
0.94411,0.010428,-0.32945,-0.57704,0.0032119,0.99916,0.040829,0.61878,0.3296,-0.039605,0.94329,2.9766,0,0,0,1
0.94168,0.010712,-0.33634,-0.6016,0.0035311,0.99912,0.041707,0.63569,0.33649,-0.040462,0.94082,3.0433,0,0,0,1
0.9392,0.010998,-0.3432,-0.62667,0.0038608,0.99909,0.042583,0.65275,0.34336,-0.041319,0.9383,3.1102,0,0,0,1
0.93666,0.011288,-0.35005,-0.65226,0.004201,0.99905,0.043457,0.66996,0.3502,-0.042175,0.93572,3.1772,0,0,0,1
0.93408,0.01158,-0.35688,-0.67835,0.0045518,0.99901,0.044328,0.68731,0.35704,-0.043031,0.9331,3.2442,0,0,0,1
0.93145,0.011874,-0.36369,-0.70496,0.004913,0.99897,0.045198,0.70481,0.36385,-0.043886,0.93042,3.3113,0,0,0,1
0.92876,0.012171,-0.37048,-0.73208,0.0052846,0.99892,0.046065,0.72246,0.37064,-0.044742,0.9277,3.3785,0,0,0,1
0.92603,0.012471,-0.37725,-0.75971,0.0056668,0.99888,0.04693,0.74026,0.37741,-0.045597,0.92492,3.4458,0,0,0,1
0.92325,0.012773,-0.384,-0.78785,0.0060593,0.99884,0.047793,0.7582,0.38416,-0.046451,0.9221,3.5132,0,0,0,1
0.92041,0.013078,-0.39073,-0.8165,0.0064623,0.99879,0.048653,0.77629,0.39089,-0.047306,0.91922,3.5807,0,0,0,1
0.91753,0.013385,-0.39743,-0.84567,0.0068756,0.99875,0.04951,0.79453,0.3976,-0.04816,0.91629,3.6483,0,0,0,1
0.9146,0.013695,-0.40412,-0.87534,0.0072993,0.9987,0.050365,0.81291,0.40429,-0.049013,0.91332,3.7159,0,0,0,1
0.91162,0.014008,-0.41079,-0.90553,0.0077333,0.99866,0.051216,0.83145,0.41095,-0.049867,0.91029,3.7837,0,0,0,1
0.9086,0.014323,-0.41743,-0.93623,0.0081777,0.99861,0.052065,0.85013,0.4176,-0.05072,0.90722,3.8515,0,0,0,1
0.90552,0.014641,-0.42405,-0.96744,0.0086324,0.99856,0.052911,0.86895,0.42422,-0.051572,0.90409,3.9194,0,0,0,1
0.90239,0.014962,-0.43065,-0.99916,0.0090973,0.99851,0.053754,0.88793,0.43082,-0.052425,0.90092,3.9874,0,0,0,1
0.89922,0.015285,-0.43723,-1.0314,0.0095725,0.99846,0.054593,0.90705,0.43739,-0.053276,0.89769,4.0555,0,0,0,1
0.896,0.015611,-0.44378,-1.0641,0.010058,0.99841,0.055429,0.92632,0.44394,-0.054128,0.89442,4.1237,0,0,0,1
0.89273,0.01594,-0.45031,-1.0974,0.010553,0.99836,0.056262,0.94573,0.45047,-0.054979,0.8911,4.192,0,0,0,1
0.88941,0.016271,-0.45682,-1.1312,0.011059,0.99831,0.057091,0.9653,0.45697,-0.05583,0.88773,4.2603,0,0,0,1
0.88605,0.016606,-0.4633,-1.1654,0.011575,0.99825,0.057917,0.98501,0.46345,-0.05668,0.88431,4.3288,0,0,0,1
0.88264,0.016942,-0.46975,-1.2002,0.012101,0.9982,0.058739,1.0049,0.4699,-0.057529,0.88084,4.3973,0,0,0,1
0.87918,0.017282,-0.47618,-1.2355,0.012637,0.99814,0.059557,1.0249,0.47633,-0.058379,0.87733,4.4659,0,0,0,1
0.87567,0.017624,-0.48259,-1.2713,0.013183,0.99809,0.060371,1.045,0.48273,-0.059228,0.87376,4.5346,0,0,0,1
0.87212,0.017969,-0.48897,-1.3077,0.013739,0.99803,0.061182,1.0653,0.48911,-0.060076,0.87015,4.6034,0,0,0,1
0.86852,0.018317,-0.49532,-1.3445,0.014306,0.99797,0.061989,1.0858,0.49545,-0.060924,0.8665,4.6723,0,0,0,1
0.86487,0.018667,-0.50165,-1.3818,0.014882,0.99792,0.062791,1.1064,0.50178,-0.061771,0.86279,4.7413,0,0,0,1
0.86118,0.01902,-0.50795,-1.4197,0.015468,0.99786,0.063589,1.1271,0.50807,-0.062618,0.85904,4.8104,0,0,0,1
0.85744,0.019376,-0.51422,-1.4581,0.016063,0.9978,0.064383,1.148,0.51434,-0.063465,0.85524,4.8795,0,0,0,1
0.85365,0.019735,-0.52047,-1.497,0.016669,0.99773,0.065173,1.169,0.52057,-0.06431,0.85139,4.9488,0,0,0,1
0.84982,0.020097,-0.52668,-1.5363,0.017285,0.99767,0.065958,1.1902,0.52678,-0.065156,0.8475,5.0181,0,0,0,1
0.84595,0.020461,-0.53287,-1.5763,0.01791,0.99761,0.066738,1.2115,0.53297,-0.066001,0.84356,5.0875,0,0,0,1
0.84203,0.020828,-0.53903,-1.6167,0.018545,0.99755,0.067514,1.233,0.53912,-0.066845,0.83957,5.157,0,0,0,1
0.83806,0.021198,-0.54517,-1.6576,0.01919,0.99748,0.068285,1.2546,0.54524,-0.067689,0.83554,5.2266,0,0,0,1
0.83405,0.021571,-0.55127,-1.699,0.019844,0.99742,0.069051,1.2764,0.55133,-0.068532,0.83147,5.2963,0,0,0,1
0.82999,0.021946,-0.55734,-1.741,0.020508,0.99735,0.069813,1.2983,0.5574,-0.069374,0.82734,5.366,0,0,0,1
0.82589,0.022325,-0.56338,-1.7834,0.021181,0.99728,0.070569,1.3204,0.56343,-0.070216,0.82318,5.4359,0,0,0,1
0.82175,0.022706,-0.5694,-1.8264,0.021865,0.99721,0.071321,1.3426,0.56943,-0.071057,0.81896,5.5058,0,0,0,1
0.81756,0.02309,-0.57538,-1.8699,0.022557,0.99714,0.072067,1.365,0.5754,-0.071898,0.8147,5.5759,0,0,0,1
0.81333,0.023477,-0.58133,-1.9139,0.023259,0.99707,0.072808,1.3875,0.58134,-0.072738,0.8104,5.646,0,0,0,1
0.80905,0.023867,-0.58725,-1.9584,0.023971,0.997,0.073544,1.4101,0.58725,-0.073578,0.80606,5.7162,0,0,0,1
0.80473,0.024259,-0.59314,-2.0034,0.024691,0.99693,0.074274,1.4329,0.59312,-0.074416,0.80167,5.7865,0,0,0,1
0.80037,0.024655,-0.599,-2.0489,0.025421,0.99686,0.074999,1.4559,0.59897,-0.075254,0.79723,5.8569,0,0,0,1
0.79597,0.025053,-0.60482,-2.095,0.026161,0.99679,0.075718,1.479,0.60478,-0.076092,0.79275,5.9273,0,0,0,1
0.79152,0.025455,-0.61062,-2.1415,0.026909,0.99671,0.076432,1.5022,0.61055,-0.076928,0.78823,5.9979,0,0,0,1
0.78703,0.025859,-0.61638,-2.1886,0.027667,0.99664,0.077139,1.5256,0.6163,-0.077764,0.78367,6.0685,0,0,0,1
0.7825,0.026266,-0.6221,-2.2362,0.028434,0.99656,0.077841,1.5492,0.62201,-0.078599,0.77906,6.1393,0,0,0,1
0.77792,0.026676,-0.6278,-2.2843,0.02921,0.99648,0.078537,1.5728,0.62768,-0.079434,0.77441,6.2101,0,0,0,1
0.77331,0.027089,-0.63345,-2.3329,0.029995,0.99641,0.079228,1.5967,0.63332,-0.080268,0.76971,6.281,0,0,0,1
0.76865,0.027505,-0.63908,-2.382,0.030789,0.99633,0.079912,1.6207,0.63893,-0.0811,0.76498,6.352,0,0,0,1
0.76395,0.027924,-0.64467,-2.4316,0.031592,0.99625,0.080589,1.6448,0.6445,-0.081933,0.7602,6.4231,0,0,0,1
0.75921,0.028346,-0.65023,-2.4817,0.032404,0.99617,0.081261,1.6691,0.65004,-0.082764,0.75538,6.4943,0,0,0,1
0.75443,0.028771,-0.65575,-2.5324,0.033224,0.99608,0.081926,1.6935,0.65554,-0.083594,0.75052,6.5655,0,0,0,1
0.74961,0.029198,-0.66124,-2.5835,0.034054,0.996,0.082585,1.7181,0.661,-0.084424,0.74562,6.6369,0,0,0,1
0.74475,0.029629,-0.66669,-2.6352,0.034892,0.99592,0.083238,1.7428,0.66643,-0.085253,0.74067,6.7083,0,0,0,1
0.73985,0.030063,-0.6721,-2.6874,0.035738,0.99583,0.083884,1.7676,0.67182,-0.086081,0.73569,6.7798,0,0,0,1
0.73491,0.030499,-0.67748,-2.74,0.036594,0.99575,0.084523,1.7926,0.67718,-0.086908,0.73067,6.8514,0,0,0,1
0.72993,0.030939,-0.68282,-2.7932,0.037458,0.99566,0.085155,1.8178,0.6825,-0.087734,0.7256,6.9232,0,0,0,1
0.72491,0.031382,-0.68813,-2.847,0.03833,0.99558,0.085781,1.8431,0.68778,-0.08856,0.7205,6.9949,0,0,0,1
0.71985,0.031827,-0.6934,-2.9012,0.039211,0.99549,0.0864,1.8686,0.69302,-0.089384,0.71536,7.0668,0,0,0,1
0.71475,0.032276,-0.69863,-2.9559,0.0401,0.9954,0.087012,1.8942,0.69822,-0.090207,0.71017,7.1388,0,0,0,1
0.70962,0.032728,-0.70382,-3.0112,0.040997,0.99531,0.087617,1.9199,0.70339,-0.09103,0.70495,7.2108,0,0,0,1
0.70445,0.033183,-0.70898,-3.0669,0.041903,0.99522,0.088215,1.9458,0.70852,-0.091851,0.69969,7.283,0,0,0,1
0.69924,0.03364,-0.7141,-3.1232,0.042817,0.99513,0.088806,1.9719,0.71361,-0.092672,0.69439,7.3552,0,0,0,1
0.69399,0.034101,-0.71918,-3.18,0.043739,0.99504,0.089389,1.998,0.71866,-0.093491,0.68905,7.4275,0,0,0,1
0.6887,0.034565,-0.72422,-3.2373,0.044669,0.99494,0.089965,2.0244,0.72367,-0.09431,0.68368,7.4999,0,0,0,1
0.68338,0.035032,-0.72922,-3.2951,0.045608,0.99485,0.090534,2.0509,0.72864,-0.095127,0.67826,7.5724,0,0,0,1
0.67802,0.035502,-0.73418,-3.3534,0.046554,0.99475,0.091095,2.0775,0.73356,-0.095944,0.67281,7.645,0,0,0,1
0.67263,0.035975,-0.73911,-3.4122,0.047508,0.99466,0.091649,2.1043,0.73845,-0.096759,0.66733,7.7177,0,0,0,1
0.6672,0.036452,-0.74399,-3.4715,0.04847,0.99456,0.092195,2.1312,0.7433,-0.097573,0.6618,7.7904,0,0,0,1
0.66173,0.036931,-0.74883,-3.5314,0.049439,0.99446,0.092734,2.1583,0.74811,-0.098386,0.65624,7.8633,0,0,0,1
0.65623,0.037413,-0.75363,-3.5917,0.050417,0.99436,0.093264,2.1855,0.75288,-0.099198,0.65064,7.9362,0,0,0,1
0.65069,0.037899,-0.7584,-3.6526,0.051401,0.99426,0.093787,2.2129,0.7576,-0.10001,0.64501,8.0092,0,0,0,1
0.64512,0.038387,-0.76312,-3.714,0.052394,0.99416,0.094302,2.2404,0.76228,-0.10082,0.63934,8.0823,0,0,0,1
0.63951,0.038879,-0.7678,-3.7759,0.053394,0.99406,0.094809,2.268,0.76693,-0.10163,0.63364,8.1555,0,0,0,1
0.63951,0.038879,-0.7678,-3.7759,0.053394,0.99406,0.094809,2.268,0.76693,-0.10163,0.63364,8.1555,0,0,0,1
0.64512,0.038387,-0.76312,-3.714,0.052394,0.99416,0.094302,2.2404,0.76228,-0.10082,0.63934,8.0823,0,0,0,1
0.65069,0.037899,-0.7584,-3.6526,0.051401,0.99426,0.093787,2.2129,0.7576,-0.10001,0.64501,8.0092,0,0,0,1
0.65623,0.037413,-0.75363,-3.5917,0.050417,0.99436,0.093264,2.1855,0.75288,-0.099198,0.65064,7.9362,0,0,0,1
0.66173,0.036931,-0.74883,-3.5314,0.049439,0.99446,0.092734,2.1583,0.74811,-0.098386,0.65624,7.8633,0,0,0,1
0.6672,0.036452,-0.74399,-3.4715,0.04847,0.99456,0.092195,2.1312,0.7433,-0.097573,0.6618,7.7904,0,0,0,1
0.67263,0.035975,-0.73911,-3.4122,0.047508,0.99466,0.091649,2.1043,0.73845,-0.096759,0.66733,7.7177,0,0,0,1
0.67802,0.035502,-0.73418,-3.3534,0.046554,0.99475,0.091095,2.0775,0.73356,-0.095944,0.67281,7.645,0,0,0,1
0.68338,0.035032,-0.72922,-3.2951,0.045608,0.99485,0.090534,2.0509,0.72864,-0.095127,0.67826,7.5724,0,0,0,1
0.6887,0.034565,-0.72422,-3.2373,0.044669,0.99494,0.089965,2.0244,0.72367,-0.09431,0.68368,7.4999,0,0,0,1
0.69399,0.034101,-0.71918,-3.18,0.043739,0.99504,0.089389,1.998,0.71866,-0.093491,0.68905,7.4275,0,0,0,1
0.69924,0.03364,-0.7141,-3.1232,0.042817,0.99513,0.088806,1.9719,0.71361,-0.092672,0.69439,7.3552,0,0,0,1
0.70445,0.033183,-0.70898,-3.0669,0.041903,0.99522,0.088215,1.9458,0.70852,-0.091851,0.69969,7.283,0,0,0,1
0.70962,0.032728,-0.70382,-3.0112,0.040997,0.99531,0.087617,1.9199,0.70339,-0.09103,0.70495,7.2108,0,0,0,1
0.71475,0.032276,-0.69863,-2.9559,0.0401,0.9954,0.087012,1.8942,0.69822,-0.090207,0.71017,7.1388,0,0,0,1
0.71985,0.031827,-0.6934,-2.9012,0.039211,0.99549,0.0864,1.8686,0.69302,-0.089384,0.71536,7.0668,0,0,0,1
0.72491,0.031382,-0.68813,-2.847,0.03833,0.99558,0.085781,1.8431,0.68778,-0.08856,0.7205,6.9949,0,0,0,1
0.72993,0.030939,-0.68282,-2.7932,0.037458,0.99566,0.085155,1.8178,0.6825,-0.087734,0.7256,6.9232,0,0,0,1
0.73491,0.030499,-0.67748,-2.74,0.036594,0.99575,0.084523,1.7926,0.67718,-0.086908,0.73067,6.8514,0,0,0,1
0.73985,0.030063,-0.6721,-2.6874,0.035738,0.99583,0.083884,1.7676,0.67182,-0.086081,0.73569,6.7798,0,0,0,1
0.74475,0.029629,-0.66669,-2.6352,0.034892,0.99592,0.083238,1.7428,0.66643,-0.085253,0.74067,6.7083,0,0,0,1
0.74961,0.029198,-0.66124,-2.5835,0.034054,0.996,0.082585,1.7181,0.661,-0.084424,0.74562,6.6369,0,0,0,1
0.75443,0.028771,-0.65575,-2.5324,0.033224,0.99608,0.081926,1.6935,0.65554,-0.083594,0.75052,6.5655,0,0,0,1
0.75921,0.028346,-0.65023,-2.4817,0.032404,0.99617,0.081261,1.6691,0.65004,-0.082764,0.75538,6.4943,0,0,0,1
0.76395,0.027924,-0.64467,-2.4316,0.031592,0.99625,0.080589,1.6448,0.6445,-0.081933,0.7602,6.4231,0,0,0,1
0.76865,0.027505,-0.63908,-2.382,0.030789,0.99633,0.079912,1.6207,0.63893,-0.0811,0.76498,6.352,0,0,0,1
0.77331,0.027089,-0.63345,-2.3329,0.029995,0.99641,0.079228,1.5967,0.63332,-0.080268,0.76971,6.281,0,0,0,1
0.77792,0.026676,-0.6278,-2.2843,0.02921,0.99648,0.078537,1.5728,0.62768,-0.079434,0.77441,6.2101,0,0,0,1
0.7825,0.026266,-0.6221,-2.2362,0.028434,0.99656,0.077841,1.5492,0.62201,-0.078599,0.77906,6.1393,0,0,0,1
0.78703,0.025859,-0.61638,-2.1886,0.027667,0.99664,0.077139,1.5256,0.6163,-0.077764,0.78367,6.0685,0,0,0,1
0.79152,0.025455,-0.61062,-2.1415,0.026909,0.99671,0.076432,1.5022,0.61055,-0.076928,0.78823,5.9979,0,0,0,1
0.79597,0.025053,-0.60482,-2.095,0.026161,0.99679,0.075718,1.479,0.60478,-0.076092,0.79275,5.9273,0,0,0,1
0.80037,0.024655,-0.599,-2.0489,0.025421,0.99686,0.074999,1.4559,0.59897,-0.075254,0.79723,5.8569,0,0,0,1
0.80473,0.024259,-0.59314,-2.0034,0.024691,0.99693,0.074274,1.4329,0.59312,-0.074416,0.80167,5.7865,0,0,0,1
0.80905,0.023867,-0.58725,-1.9584,0.023971,0.997,0.073544,1.4101,0.58725,-0.073578,0.80606,5.7162,0,0,0,1
0.81333,0.023477,-0.58133,-1.9139,0.023259,0.99707,0.072808,1.3875,0.58134,-0.072738,0.8104,5.646,0,0,0,1
0.81756,0.02309,-0.57538,-1.8699,0.022557,0.99714,0.072067,1.365,0.5754,-0.071898,0.8147,5.5759,0,0,0,1
0.82175,0.022706,-0.5694,-1.8264,0.021865,0.99721,0.071321,1.3426,0.56943,-0.071057,0.81896,5.5058,0,0,0,1
0.82589,0.022325,-0.56338,-1.7834,0.021181,0.99728,0.070569,1.3204,0.56343,-0.070216,0.82318,5.4359,0,0,0,1
0.82999,0.021946,-0.55734,-1.741,0.020508,0.99735,0.069813,1.2983,0.5574,-0.069374,0.82734,5.366,0,0,0,1
0.83405,0.021571,-0.55127,-1.699,0.019844,0.99742,0.069051,1.2764,0.55133,-0.068532,0.83147,5.2963,0,0,0,1
0.83806,0.021198,-0.54517,-1.6576,0.01919,0.99748,0.068285,1.2546,0.54524,-0.067689,0.83554,5.2266,0,0,0,1
0.84203,0.020828,-0.53903,-1.6167,0.018545,0.99755,0.067514,1.233,0.53912,-0.066845,0.83957,5.157,0,0,0,1
0.84595,0.020461,-0.53287,-1.5763,0.01791,0.99761,0.066738,1.2115,0.53297,-0.066001,0.84356,5.0875,0,0,0,1
0.84982,0.020097,-0.52668,-1.5363,0.017285,0.99767,0.065958,1.1902,0.52678,-0.065156,0.8475,5.0181,0,0,0,1
0.85365,0.019735,-0.52047,-1.497,0.016669,0.99773,0.065173,1.169,0.52057,-0.06431,0.85139,4.9488,0,0,0,1
0.85744,0.019376,-0.51422,-1.4581,0.016063,0.9978,0.064383,1.148,0.51434,-0.063465,0.85524,4.8795,0,0,0,1
0.86118,0.01902,-0.50795,-1.4197,0.015468,0.99786,0.063589,1.1271,0.50807,-0.062618,0.85904,4.8104,0,0,0,1
0.86487,0.018667,-0.50165,-1.3818,0.014882,0.99792,0.062791,1.1064,0.50178,-0.061771,0.86279,4.7413,0,0,0,1
0.86852,0.018317,-0.49532,-1.3445,0.014306,0.99797,0.061989,1.0858,0.49545,-0.060924,0.8665,4.6723,0,0,0,1
0.87212,0.017969,-0.48897,-1.3077,0.013739,0.99803,0.061182,1.0653,0.48911,-0.060076,0.87015,4.6034,0,0,0,1
0.87567,0.017624,-0.48259,-1.2713,0.013183,0.99809,0.060371,1.045,0.48273,-0.059228,0.87376,4.5346,0,0,0,1
0.87918,0.017282,-0.47618,-1.2355,0.012637,0.99814,0.059557,1.0249,0.47633,-0.058379,0.87733,4.4659,0,0,0,1
0.88264,0.016942,-0.46975,-1.2002,0.012101,0.9982,0.058739,1.0049,0.4699,-0.057529,0.88084,4.3973,0,0,0,1
0.88605,0.016606,-0.4633,-1.1654,0.011575,0.99825,0.057917,0.98501,0.46345,-0.05668,0.88431,4.3288,0,0,0,1
0.88941,0.016271,-0.45682,-1.1312,0.011059,0.99831,0.057091,0.9653,0.45697,-0.05583,0.88773,4.2603,0,0,0,1
0.89273,0.01594,-0.45031,-1.0974,0.010553,0.99836,0.056262,0.94573,0.45047,-0.054979,0.8911,4.192,0,0,0,1
0.896,0.015611,-0.44378,-1.0641,0.010058,0.99841,0.055429,0.92632,0.44394,-0.054128,0.89442,4.1237,0,0,0,1
0.89922,0.015285,-0.43723,-1.0314,0.0095725,0.99846,0.054593,0.90705,0.43739,-0.053276,0.89769,4.0555,0,0,0,1
0.90239,0.014962,-0.43065,-0.99916,0.0090973,0.99851,0.053754,0.88793,0.43082,-0.052425,0.90092,3.9874,0,0,0,1
0.90552,0.014641,-0.42405,-0.96744,0.0086324,0.99856,0.052911,0.86895,0.42422,-0.051572,0.90409,3.9194,0,0,0,1
0.9086,0.014323,-0.41743,-0.93623,0.0081777,0.99861,0.052065,0.85013,0.4176,-0.05072,0.90722,3.8515,0,0,0,1
0.91162,0.014008,-0.41079,-0.90553,0.0077333,0.99866,0.051216,0.83145,0.41095,-0.049867,0.91029,3.7837,0,0,0,1
0.9146,0.013695,-0.40412,-0.87534,0.0072993,0.9987,0.050365,0.81291,0.40429,-0.049013,0.91332,3.7159,0,0,0,1
0.91753,0.013385,-0.39743,-0.84567,0.0068756,0.99875,0.04951,0.79453,0.3976,-0.04816,0.91629,3.6483,0,0,0,1
0.92041,0.013078,-0.39073,-0.8165,0.0064623,0.99879,0.048653,0.77629,0.39089,-0.047306,0.91922,3.5807,0,0,0,1
0.92325,0.012773,-0.384,-0.78785,0.0060593,0.99884,0.047793,0.7582,0.38416,-0.046451,0.9221,3.5132,0,0,0,1
0.92603,0.012471,-0.37725,-0.75971,0.0056668,0.99888,0.04693,0.74026,0.37741,-0.045597,0.92492,3.4458,0,0,0,1
0.92876,0.012171,-0.37048,-0.73208,0.0052846,0.99892,0.046065,0.72246,0.37064,-0.044742,0.9277,3.3785,0,0,0,1
0.93145,0.011874,-0.36369,-0.70496,0.004913,0.99897,0.045198,0.70481,0.36385,-0.043886,0.93042,3.3113,0,0,0,1
0.93408,0.01158,-0.35688,-0.67835,0.0045518,0.99901,0.044328,0.68731,0.35704,-0.043031,0.9331,3.2442,0,0,0,1
0.93666,0.011288,-0.35005,-0.65226,0.004201,0.99905,0.043457,0.66996,0.3502,-0.042175,0.93572,3.1772,0,0,0,1
0.9392,0.010998,-0.3432,-0.62667,0.0038608,0.99909,0.042583,0.65275,0.34336,-0.041319,0.9383,3.1102,0,0,0,1
0.94168,0.010712,-0.33634,-0.6016,0.0035311,0.99912,0.041707,0.63569,0.33649,-0.040462,0.94082,3.0433,0,0,0,1
0.94411,0.010428,-0.32945,-0.57704,0.0032119,0.99916,0.040829,0.61878,0.3296,-0.039605,0.94329,2.9766,0,0,0,1
0.9465,0.010146,-0.32255,-0.55298,0.0029032,0.9992,0.039949,0.60202,0.3227,-0.038748,0.94571,2.9099,0,0,0,1
0.94883,0.0098668,-0.31563,-0.52945,0.0026052,0.99923,0.039068,0.5854,0.31578,-0.037891,0.94808,2.8433,0,0,0,1
0.95111,0.0095903,-0.3087,-0.50642,0.0023176,0.99927,0.038185,0.56893,0.30884,-0.037033,0.95039,2.7768,0,0,0,1
0.95334,0.0093163,-0.30175,-0.4839,0.0020407,0.9993,0.0373,0.5526,0.30188,-0.036176,0.95266,2.7103,0,0,0,1
0.95552,0.0090448,-0.29478,-0.4619,0.0017743,0.99934,0.036414,0.53643,0.29491,-0.035318,0.95487,2.644,0,0,0,1
0.95765,0.0087758,-0.2878,-0.4404,0.0015186,0.99937,0.035527,0.5204,0.28793,-0.034459,0.95703,2.5778,0,0,0,1
0.95973,0.0085093,-0.2808,-0.41942,0.0012735,0.9994,0.034638,0.50452,0.28093,-0.033601,0.95914,2.5116,0,0,0,1
0.96176,0.0082453,-0.27379,-0.39895,0.0010389,0.99943,0.033748,0.48878,0.27391,-0.032742,0.9612,2.4455,0,0,0,1
0.96373,0.0079838,-0.26676,-0.37899,0.00081505,0.99946,0.032857,0.4732,0.26688,-0.031883,0.9632,2.3795,0,0,0,1
0.96565,0.0077248,-0.25972,-0.35954,0.0006018,0.99949,0.031966,0.45776,0.25983,-0.031024,0.96516,2.3136,0,0,0,1
0.96753,0.0074683,-0.25266,-0.34061,0.00039919,0.99952,0.031073,0.44246,0.25277,-0.030165,0.96706,2.2478,0,0,0,1
0.96935,0.0072142,-0.24559,-0.32218,0.00020722,0.99954,0.030179,0.42732,0.2457,-0.029305,0.9689,2.1821,0,0,0,1
0.97112,0.0069626,-0.23851,-0.30427,2.5901e-05,0.99957,0.029285,0.41232,0.23861,-0.028445,0.9707,2.1165,0,0,0,1
0.97283,0.0067135,-0.23141,-0.28686,-0.00014476,0.9996,0.02839,0.39747,0.23151,-0.027586,0.97244,2.0509,0,0,0,1
0.9745,0.0064668,-0.22431,-0.26997,-0.00030477,0.99962,0.027495,0.38277,0.2244,-0.026725,0.97413,1.9855,0,0,0,1
0.97611,0.0062225,-0.21719,-0.25359,-0.00045411,0.99965,0.026599,0.36821,0.21728,-0.025865,0.97577,1.9201,0,0,0,1
0.97767,0.0059807,-0.21006,-0.23772,-0.0005928,0.99967,0.025703,0.3538,0.21014,-0.025005,0.97735,1.8548,0,0,0,1
0.97918,0.0057413,-0.20292,-0.22237,-0.00072082,0.99969,0.024807,0.33954,0.203,-0.024144,0.97888,1.7897,0,0,0,1
0.98064,0.0055044,-0.19576,-0.20752,-0.00083818,0.99971,0.023911,0.32543,0.19584,-0.023283,0.98036,1.7245,0,0,0,1
0.98204,0.0052698,-0.1886,-0.19319,-0.00094488,0.99973,0.023014,0.31146,0.18867,-0.022423,0.98178,1.6595,0,0,0,1
0.98339,0.0050377,-0.18143,-0.17937,-0.0010409,0.99975,0.022118,0.29764,0.1815,-0.021562,0.98316,1.5946,0,0,0,1
0.98469,0.0048079,-0.17425,-0.16605,-0.0011263,0.99977,0.021222,0.28397,0.17431,-0.0207,0.98447,1.5298,0,0,0,1
0.98594,0.0045806,-0.16706,-0.15325,-0.0012011,0.99979,0.020326,0.27044,0.16711,-0.019839,0.98574,1.465,0,0,0,1
0.98713,0.0043557,-0.15986,-0.14097,-0.0012651,0.99981,0.01943,0.25706,0.15991,-0.018978,0.98695,1.4003,0,0,0,1
0.98827,0.0041331,-0.15265,-0.12919,-0.0013186,0.99983,0.018535,0.24383,0.1527,-0.018116,0.98811,1.3358,0,0,0,1
0.98936,0.0039129,-0.14543,-0.11792,-0.0013614,0.99984,0.01764,0.23075,0.14548,-0.017254,0.98921,1.2713,0,0,0,1
0.9904,0.0036951,-0.13821,-0.10717,-0.0013936,0.99986,0.016746,0.21781,0.13825,-0.016392,0.99026,1.2069,0,0,0,1
0.99138,0.0034796,-0.13097,-0.096926,-0.0014151,0.99987,0.015853,0.20502,0.13101,-0.015531,0.99126,1.1426,0,0,0,1
0.99231,0.0032665,-0.12373,-0.087194,-0.0014261,0.99989,0.01496,0.19238,0.12377,-0.014669,0.9922,1.0783,0,0,0,1
0.99319,0.0030558,-0.11649,-0.077974,-0.0014264,0.9999,0.014068,0.17989,0.11652,-0.013806,0.99309,1.0142,0,0,0,1
0.99401,0.0028474,-0.10924,-0.069265,-0.0014162,0.99991,0.013178,0.16754,0.10927,-0.012944,0.99393,0.95016,0,0,0,1
0.99478,0.0026414,-0.10198,-0.061068,-0.0013953,0.99992,0.012288,0.15534,0.10201,-0.012082,0.99471,0.8862,0,0,0,1
0.9955,0.0024377,-0.094719,-0.053382,-0.0013639,0.99993,0.0114,0.14329,0.094741,-0.011219,0.99544,0.82233,0,0,0,1
0.99617,0.0022363,-0.087452,-0.046207,-0.0013219,0.99994,0.010513,0.13138,0.08747,-0.010357,0.99611,0.75855,0,0,0,1
0.99678,0.0020373,-0.08018,-0.039544,-0.0012694,0.99995,0.0096268,0.11962,0.080196,-0.009494,0.99673,0.69485,0,0,0,1
0.99734,0.0018406,-0.072904,-0.033392,-0.0012063,0.99996,0.0087425,0.10801,0.072917,-0.0086313,0.9973,0.63124,0,0,0,1
0.99784,0.0016462,-0.065624,-0.027751,-0.0011328,0.99997,0.0078598,0.096547,0.065635,-0.0077685,0.99781,0.56772,0,0,0,1
0.9983,0.0014541,-0.058341,-0.022622,-0.0010487,0.99998,0.0069787,0.085231,0.05835,-0.0069056,0.99827,0.50429,0,0,0,1
0.9987,0.0012643,-0.051055,-0.018005,-0.00095411,0.99998,0.0060993,0.074061,0.051062,-0.0060426,0.99868,0.44095,0,0,0,1
0.99904,0.0010768,-0.043766,-0.013898,-0.00084907,0.99999,0.0052218,0.063039,0.043771,-0.0051796,0.99903,0.37769,0,0,0,1
0.99933,0.00089162,-0.036475,-0.010304,-0.00073358,0.99999,0.0043461,0.052165,0.036479,-0.0043165,0.99933,0.31452,0,0,0,1
0.99957,0.00070873,-0.029182,-0.00722,-0.00060765,0.99999,0.0034725,0.041437,0.029184,-0.0034533,0.99957,0.25144,0,0,0,1
0.99976,0.00052813,-0.021888,-0.0046479,-0.00047131,1,0.002601,0.030857,0.021889,-0.0025901,0.99976,0.18845,0,0,0,1
0.99989,0.00034981,-0.014592,-0.0025872,-0.00032457,1,0.0017317,0.020424,0.014593,-0.0017268,0.99989,0.12554,0,0,0,1
0.99997,0.00017377,-0.0072964,-0.0010379,-0.00016746,1,0.00086466,0.010138,0.0072965,-0.00086341,0.99997,0.062729,0,0,0,1
NaN,NaN,NaN,0,NaN,NaN,NaN,0,NaN,NaN,NaN,0,0,0,0,1
